LSCAM_InData/LSCAM_InData/accessibilitygeneralcambodia.asc
ncols         292
nrows         251
xllcorner     800180
yllcorner     -2175230
cellsize      2000
NODATA_value  -9999
[rows 87 to 115 of 251, columns 128 to 191 of 292]
0.3822505 0.3166667 0.2526142 0.3181981 0.3848647 0.4515314 0.5181981 0.6765314 0.7078427 0.7734265 0.7958123 0.6348647 0.3848647 0.225 0.06666667 0 0.1583333 0.3181981 0.3495094 0.3572505 0.2905838 0.2239171 0.1583333 0.2239171 0.06666667 0.2239171 0 0.4 0.3535534 0.25 0.3535534 0.6035534 0.7921152 0.6348647 0.6989172 0.7645009 0.75 0.7071068 0.6035534 0.5 0.6035534 0.7071068 0.9571068 1.207107 1.457107 1.707107 1.946405 2.011988 2.074509 2.102124 2.103553 1.853553 1.603553 1.353553 1.103553 0.8535534 0.6035534 0.3535534 0.25 0.3535534 0.6035534 0.7265314 0.7921152 0.8587818
0.2239171 0.1583333 0.2239171 0.3822505 0.5421152 0.4791456 0.5458123 0.612479 0.5495094 0.612479 0.5458123 0.4791456 0.3192809 0.1609476 0.09428091 0.06666667 0.09428091 0.2526142 0.2828427 0.516176 0.5239171 0.3822505 0.225 0.1609476 0.1333333 0.3666667 0.4 0.5656854 0.25 0 0.25 0.5 0.75 0.7015314 0.8587818 1.014501 0.8535534 0.6035534 0.3535534 0.25 0.3535534 0.6035534 0.8535534 1.103553 1.353553 1.603553 1.853553 2.103553 2.324509 2.25 2 1.75 1.5 1.25 1 0.75 0.5 0.25 0 0.25 0.5 0.568198 0.6348647 0.7015314
0.25 0 0.25 0.4478343 0.6978343 0.5458123 0.7030628 0.6802285 0.5218952 0.4552285 0.3885618 0.3218952 0.2552285 0.1885618 0.2526142 0.225 0.1609476 0.1885618 0.2552285 0.4885618 0.6794925 0.4135618 0.2552285 0.2276143 0.2 0.4333333 0.7122336 0.7096194 0.4596194 0.25 0.3535534 0.6035534 0.8535534 0.768198 0.7958122 0.9541456 0.75 0.5 0.25 0 0.25 0.5 0.75 1 1.25 1.5 1.75 2 2.25 2.353553 2.103553 1.853553 1.603553 1.353553 1.103553 0.8535534 0.6035534 0.3535534 0.25 0.3535534 0.4739171 0.5405838 0.6989172 0.8587818
0.3535534 0.25 0.3535534 0.6035534 0.7697294 0.612479 0.7697294 0.7458123 0.6791456 0.612479 0.5458123 0.4411761 0.2828427 0.2552285 0.412479 0.3848647 0.3192809 0.3468952 0.2828427 0.516176 0.5078427 0.3495094 0.3218952 0.2552285 0.1885618 0.2526142 0.424264 0.6179527 0.7096194 0.575 0.6035534 0.7071068 0.9571068 0.9265313 0.8624789 1.019729 0.8535534 0.6035534 0.3535534 0.25 0.3535534 0.6035534 0.8535534 1.103553 1.353553 1.603553 1.853553 2.103553 2.31066 2.414213 2.207107 1.957107 1.707107 1.457107 1.207107 0.9571068 0.7071068 0.6035534 0.5 0.6035534 0.5405838 0.7739171 0.7645009 1.089501
0.6035534 0.5 0.6035534 0.6754485 0.6098647 0.5458123 0.7030628 0.9530628 0.9291456 0.862479 0.7567599 0.5067599 0.4411761 0.4135618 0.4791456 0.6348647 0.5692809 0.5067599 0.3495094 0.3771236 0.4437903 0.4161761 0.3859476 0.2276143 0.1609476 0.09428091 0.1583333 0.3299831 0.6179527 0.7778174 0.8535534 0.9571068 0.9921151 0.9265313 0.8072504 0.9645009 0.9571068 0.7071068 0.6035534 0.5 0.6035534 0.7071068 0.9571068 1.207107 1.457107 1.707107 1.853553 1.957107 2.06066 2.164213 2.267767 2.06066 1.81066 1.56066 1.31066 1.06066 0.9571068 0.8535534 0.75 0.7645009 0.6072505 0.7645009 1.014501 1.118054
0.8535534 0.75 0.8535534 0.6087819 0.4515314 0.4791456 0.6374789 0.8874789 1.137479 1.110313 0.8603133 0.7567599 0.6911761 0.6635618 0.7291456 0.8326991 0.8192809 0.5734265 0.4161761 0.535457 0.6010408 0.5745094 0.4515314 0.3848647 0.225 0.06666667 0 0.1583333 0.3181981 0.5681981 0.7660323 1.016032 0.9254485 0.768198 0.7405838 0.8978342 1.06066 0.9571068 0.8535534 0.75 0.8535534 0.9571068 1.06066 1.31066 1.56066 1.5 1.603553 1.707107 1.81066 1.914214 2.017767 2.12132 1.914214 1.664214 1.414214 1.31066 1.207107 1.103553 1 0.8311676 0.6739171 0.8311676 1.081168 1.331168
1.103553 1 0.7921152 0.5421152 0.3848647 0.5421152 0.6978343 0.8013877 0.9571068 1.06066 1.110313 1.00676 0.9411761 0.9135618 0.9791456 1.082699 0.8900932 0.6400932 0.4828427 0.510457 0.6687903 0.8050848 0.7015314 0.5405838 0.2905838 0.2239171 0.06666667 0.09428091 0.2526142 0.412479 0.6624789 0.8603133 0.8587818 0.7015314 0.6739171 0.8311676 1 1.103553 1.103553 1 1.103553 1.207107 1.31066 1.414214 1.353553 1.25 1.353553 1.457107 1.56066 1.664214 1.767767 2.017767 2.017767 1.767767 1.664214 1.56066 1.457107 1.308782 1.058782 0.8978342 0.7405838 0.8978342 1.147834 1.397834
1.226531 0.9765314 0.7265314 0.4765314 0.3181981 0.3822505 0.4478343 0.6035534 0.7071068 0.9571068 1.207107 1.25676 1.191176 1.119137 1.015584 0.9489172 0.8822505 0.7067599 0.641176 0.5405838 0.6978343 0.7645009 0.8941372 0.6441372 0.5405838 0.2905838 0.225 0.1609476 0.1885618 0.3468952 0.5067599 0.7567599 0.7921152 0.6348647 0.6072505 0.7645009 0.75 0.8535534 0.9571068 1.06066 1.31066 1.414214 1.31066 1.207107 1.103553 1 1.103553 1.207107 1.31066 1.414214 1.664214 1.914214 2.12132 2.017767 1.889949 1.639949 1.493198 1.243198 0.993198 0.8348647 0.8072504 0.9645009 1.214501 1.457107
1.160948 0.9109476 0.6609476 0.4109476 0.2526142 0.2239171 0.25 0.3535534 0.6035534 0.8535534 1.103553 1.243198 1.119137 0.8691372 0.7655838 0.6989172 0.6322505 0.5666667 0.5 0.4739171 0.5405838 0.6978343 0.9478343 0.8941372 0.6441372 0.5405838 0.3848647 0.3192809 0.2552285 0.2828427 0.4411761 0.6010408 0.6677074 0.568198 0.5405838 0.6035534 0.5 0.6035534 0.7071068 0.9571068 1.207107 1.31066 1.06066 0.9571068 0.8535534 0.75 0.8535534 0.9571068 1.06066 1.31066 1.56066 1.81066 2.06066 1.98423 1.73423 1.536396 1.286396 1.219729 1.058782 0.9015313 0.9655838 1.031168 1.281168 1.207107
1.226531 0.9765314 0.7265314 0.4765314 0.3166667 0.1583333 0 0.25 0.5 0.75 1 0.993198 0.9265314 0.7655838 0.5155838 0.4489172 0.3822505 0.3166667 0.25 0.3535534 0.4739171 0.6322504 0.6989172 0.9489172 0.8941372 0.7384181 0.6348647 0.4791456 0.4135618 0.3495094 0.3771236 0.4437903 0.6021236 0.5026143 0.4739171 0.3535534 0.25 0.3535534 0.6035534 0.8535534 1.103553 1.207107 0.9571068 0.7071068 0.6035534 0.5 0.6035534 0.7071068 0.9571068 1.207107 1.457107 1.707107 1.957107 1.828511 1.630677 1.380677 1.220812 1.062479 0.9958122 0.968198 1.201531 1.281168 1.06066 0.9571068
1.330085 1.080085 0.8300848 0.6322505 0.3822505 0.2239171 0.25 0.3535534 0.6035534 0.8535534 0.993198 0.743198 0.6765314 0.6098647 0.45 0.2916667 0.225 0.1583333 0 0.25 0.4083333 0.475 0.6333333 0.8833333 1.091972 0.9884181 0.8326991 0.7291456 0.5734265 0.5078427 0.535457 0.4714045 0.4802285 0.475 0.4083333 0.25 0 0.25 0.5 0.75 1 1.103553 0.8535534 0.6035534 0.3535534 0.25 0.3535534 0.6035534 0.8535534 1.103553 1.353553 1.603553 1.853553 1.724958 1.474958 1.315093 1.15676 1.090093 1.154146 1.126531 1.192115 1.282107 0.9571068 0.7071068
1.225305 1.121751 0.9478343 0.6978343 0.4478343 0.2905838 0.4478343 0.6035534 0.6609476 0.7265314 0.793198 0.6776142 0.5192809 0.4526142 0.3859476 0.3192809 0.3822505 0.2239171 0.25 0.3535534 0.5666667 0.5026143 0.6609476 0.9109476 1.160948 1.186252 1.06066 0.9269799 0.8234265 0.75 0.543198 0.4776142 0.4135618 0.441176 0.4739171 0.3535534 0.25 0.3535534 0.6785533 0.8535534 1.103553 1 0.75 0.5 0.25 0 0.25 0.5 0.75 1 1.25 1.5 1.75 1.569239 1.409374 1.251041 1.184374 1.248426 1.31401 1.376531 1.442115 1.253553 1.078553 0.6785533
1.121751 0.8717514 0.7681981 0.612479 0.514501 0.3572505 0.514501 0.475 0.5026143 0.5692809 0.6359476 0.6135618 0.5468951 0.6098647 0.543198 0.4776142 0.4478343 0.2905838 0.3181981 0.4765314 0.5067599 0.5692809 0.7265314 0.9765314 1.226531 1.207107 0.9571068 0.7071068 0.6035534 0.5 0.4765314 0.3192809 0.3468951 0.4135618 0.4802285 0.6035534 0.5 0.6035534 0.7071068 0.9571068 1.207107 1.103553 0.8535534 0.6035534 0.3535534 0.25 0.3535534 0.6035534 0.8535534 1.103553 1.353553 1.603553 1.753655 1.503655 1.345322 1.278655 1.342707 1.408291 1.56401 1.626531 1.4 1.15 0.9 0.575
0.9608039 0.7681981 0.5181981 0.4526142 0.3885618 0.4161761 0.4515314 0.4083333 0.5666667 0.7071068 0.793198 0.7708123 0.7052284 0.7708123 0.793198 0.7276142 0.514501 0.4489172 0.3848647 0.412479 0.4791456 0.6374789 0.793198 1.043198 1.293198 1.103553 0.8535534 0.6035534 0.3535534 0.25 0.3166667 0.2526142 0.4109476 0.3859476 0.5442809 0.6489171 0.7155838 0.7822505 0.8489171 1.06066 1.184721 1.207107 0.9571068 0.7071068 0.6035534 0.5 0.6035534 0.7071068 0.9571068 1.207107 1.457107 1.707107 1.691134 1.531269 1.372936 1.436988 1.502572 1.658291 1.761845 1.753553 1.503553 1.253553 1.109619 0.7096194
0.7108039 0.6072505 0.4515314 0.2942809 0.3218952 0.4802285 0.3535534 0.25 0.3535534 0.6035534 0.8535534 1.020812 0.9552284 1.020812 1.043198 0.8680544 0.764501 0.6087819 0.4515314 0.4791456 0.6363961 0.7030628 0.9530628 1.146751 1.207107 1 0.75 0.5 0.25 0 0.1583333 0.225 0.2916667 0.3583333 0.425 0.4916666 0.5583333 0.625 0.7833333 0.8680543 0.934721 1.001388 1.06066 0.9571068 0.8535534 0.75 0.8535534 0.9571068 1.06066 1.31066 1.56066 1.520813 1.586396 1.467217 1.439603 1.596853 1.752572 1.856126 2.011845 1.853553 1.603553 1.353553 1.103553 0.8535534
0.6072505 0.3572505 0.2916667 0.2276143 0.3848647 0.5 0.25 0 0.25 0.5 0.75 1 0.9515314 0.8859476 0.8234265 0.7578427 0.7041457 0.5458123 0.5181981 0.6374789 0.7030628 0.9530628 1.056616 1.06066 0.9571068 0.8535534 0.75 0.6035534 0.3535534 0.25 0.2239171 0.3822505 0.3192809 0.3859476 0.5442809 0.5 0.6035534 0.5774705 0.6441372 0.7108039 0.7774705 0.8441372 0.9108039 0.9774705 1.066667 0.9083333 0.9739171 1.040584 1.198917 1.358782 1.425449 1.362479 1.429146 1.495813 1.597936 1.66352 1.91352 2.106126 2.207107 1.957107 1.707107 1.457107 1.207107 0.9571068
0.5405838 0.2905838 0.1333333 0.1609476 0.3192809 0.5692809 0.3535534 0.25 0.3535534 0.6035534 0.7905838 0.8050848 0.7015314 0.6359476 0.5734265 0.5078427 0.5734265 0.510457 0.6687903 0.7421152 0.9530628 0.9828427 1.048427 0.9571068 0.7071068 0.6035534 0.5 0.6035534 0.6035534 0.4478343 0.2905838 0.4478343 0.3859476 0.4135618 0.3535534 0.25 0.3535534 0.6035534 0.6717514 0.9050847 0.8050848 0.8717514 1.030085 1.005085 1.002614 0.975 1.13225 1.068198 1.134865 1.201532 1.268198 1.334865 1.493198 1.603553 1.707107 1.81066 1.914214 2.017767 2.12132 1.900897 1.650897 1.547344 1.31066 1.207107
0.2905838 0.2239171 0.06666667 0.2239171 0.3848647 0.6348647 0.5405838 0.4739171 0.4083333 0.4739171 0.5405838 0.5692809 0.4515314 0.3859476 0.4135618 0.3495094 0.4161761 0.4828427 0.6098647 0.6754485 0.7421152 0.7328427 0.7984265 0.8535534 0.6035534 0.3535534 0.25 0.3535534 0.543198 0.3848647 0.3572505 0.3848647 0.4515314 0.5 0.25 0 0.25 0.5 0.75 0.8956686 0.9634181 1.029002 1.095669 1.163418 1.028655 1.001041 1.065093 1.130677 1.286396 1.358782 1.425449 1.353553 1.25 1.353553 1.457107 1.56066 1.664214 1.767767 2.017767 1.797344 1.547344 1.297344 1.230677 1.165093
0.225 0.06666667 0 0.1583333 0.4083333 0.5405838 0.2905838 0.2239171 0.1583333 0.2239171 0.2905838 0.3192809 0.2916667 0.2276143 0.2552285 0.3218952 0.3885618 0.4239171 0.4515314 0.5181981 0.5848647 0.5745094 0.6385618 0.7041456 0.5 0.25 0 0.25 0.5 0.543198 0.4239171 0.4515314 0.4791456 0.6035534 0.3535534 0.25 0.3535534 0.6035534 0.8535534 1.081168 1.184721 1.279002 1.345669 1.252572 1.092707 0.9343741 0.9067599 0.9708123 1.036396 1.286396 1.207107 1.103553 1 1.103553 1.207107 1.31066 1.414214 1.664214 1.914214 1.73176 1.48176 1.23176 1.073426 1.00676
0.1609476 0.09428091 0.1583333 0.2239171 0.4515314 0.3848647 0.225 0.06666667 0 0.06666667 0.1333333 0.1609476 0.1333333 0.1609476 0.3192809 0.4791456 0.514501 0.3572505 0.514501 0.6754485 0.6609476 0.5078427 0.4802285 0.5442809 0.5718951 0.3535534 0.25 0.3535534 0.6035534 0.510457 0.4905838 0.5708123 0.412479 0.4765314 0.3535534 0.25 0.3535534 0.6035534 0.764501 0.8311676 0.934721 1.133333 1.198917 1.302471 1.158291 0.9984266 0.8400932 0.812479 0.9697294 1.06066 0.9571068 0.8535534 0.75 0.8535534 0.9571068 1.06066 1.31066 1.56066 1.81066 1.704146 1.454146 1.204146 1.045812 0.9791456
0.1885618 0.1609476 0.3166667 0.3822505 0.3859476 0.2276143 0.1609476 0.09428091 0.1583333 0.2239171 0.2905838 0.2239171 0.06666667 0.2239171 0.3848647 0.6348647 0.4478343 0.2905838 0.4478343 0.4765314 0.4109476 0.4765314 0.4135618 0.3859476 0.4135618 0.4739171 0.4083333 0.4739171 0.5052285 0.4437903 0.5078427 0.4802285 0.3848647 0.3181981 0.25 0 0.25 0.4478343 0.514501 0.5811676 0.8311676 0.8833333 0.9489172 1.052471 1.043198 1.06401 0.9030628 0.7458123 0.9030628 0.9571068 0.7071068 0.6035534 0.5 0.6035534 0.7071068 1.032107 1.432107 1.664214 1.914214 1.769729 1.519729 1.269729 1.109865 0.9515314
0.3468952 0.2239171 0.1583333 0.2239171 0.2905838 0.2552285 0.3181981 0.2526142 0.3181981 0.4739171 0.225 0.06666667 0 0.1583333 0.4083333 0.6322505 0.3822505 0.2239171 0.25 0.3166667 0.2526142 0.3192809 0.3468951 0.3192809 0.3833333 0.4489172 0.5666667 0.6322504 0.5681981 0.4109476 0.3495094 0.3218952 0.3495094 0.2905838 0.2239171 0.1583333 0.2239171 0.2905838 0.3572505 0.5155838 0.6609476 0.6333333 0.6989172 0.8024706 0.793198 0.8587819 0.8363961 0.6791456 0.8363961 0.8535534 0.6035534 0.3535534 0.25 0.3535534 0.6785533 1.378553 1.540685 1.940685 2.017767 1.81066 1.56066 1.31066 1.06066 0.9571068
0.3833333 0.25 0 0.25 0.3181981 0.3218952 0.4791456 0.5026143 0.5681981 0.412479 0.2526142 0.09428091 0.1583333 0.2239171 0.4739171 0.5666667 0.3166667 0.1583333 0 0.1583333 0.225 0.3833333 0.4109476 0.2526142 0.225 0.3822505 0.4478343 0.4739171 0.3181981 0.2526142 0.3181981 0.2552285 0.4135618 0.3848647 0.2276143 0.3166667 0.3822505 0.4478343 0.3848647 0.4765314 0.4109476 0.3833333 0.4489172 0.6087819 0.543198 0.6087819 0.6754485 0.612479 0.6791456 0.75 0.5 0.25 0 0.25 0.575 0.975 1.375 1.775 1.914214 1.707107 1.457107 1.207107 0.9571068 0.7071068
0.4489172 0.3166667 0.1583333 0.2239171 0.2905838 0.4489172 0.5458123 0.7526143 0.5067599 0.3468952 0.1885618 0.1609476 0.3181981 0.4739171 0.5774705 0.6322505 0.3822505 0.2239171 0.1583333 0.2239171 0.3822505 0.4489172 0.4765314 0.3166667 0.1583333 0.2239171 0.2905838 0.2239171 0.1583333 0.09428091 0.1609476 0.2276143 0.2905838 0.225 0.1609476 0.3181981 0.5681981 0.5442809 0.3859476 0.3192809 0.2526142 0.225 0.3822505 0.4478343 0.3848647 0.4515314 0.5181981 0.5848647 0.743198 0.8535534 0.6035534 0.3535534 0.25 0.3535534 0.6035534 0.9285534 1.328553 1.56066 1.88566 1.603553 1.353553 1.103553 0.8535534 0.6035534
0.3166667 0.2526142 0.225 0.3535534 0.25 0.3535534 0.6035534 0.514501 0.4411761 0.2828427 0.2552285 0.3192809 0.3848647 0.6348647 0.8274705 0.6609476 0.4109476 0.2526142 0.225 0.3822505 0.4478343 0.6978343 0.5 0.25 0 0.1583333 0.225 0.06666667 0 0.06666667 0.1333333 0.2916667 0.2239171 0.06666667 0.09428091 0.2526142 0.5026143 0.6098647 0.543198 0.4765314 0.3166667 0.1583333 0.2239171 0.2905838 0.3572505 0.5155838 0.6754485 0.7421152 0.8087819 0.9571068 0.7071068 0.6035534 0.5 0.6035534 0.7071068 0.9571068 1.207107 1.457107 1.782107 1.575 1.25 1 0.75 0.5
0.1583333 0.2239171 0.25 0.25 0 0.25 0.5 0.4489172 0.2905838 0.2239171 0.25 0.3535534 0.6035534 0.7384181 0.9765314 0.7265314 0.4765314 0.3192809 0.3833333 0.4489172 0.6978343 0.8013877 0.6035534 0.3535534 0.25 0.2239171 0.1609476 0.09428091 0.1583333 0.2239171 0.2905838 0.3181981 0.1583333 0 0.1583333 0.3181981 0.5681981 0.8181981 0.75 0.5 0.25 0 0.25 0.3181981 0.3848647 0.4515314 0.6098647 0.8598647 0.8927075 0.9582912 0.9571068 0.8535534 0.75 0.8535534 0.9571068 1.06066 1.31066 1.56066 1.81066 1.603553 1.353553 1.103553 0.8535534 0.6035534
0 0.25 0 0.25 0.25 0.25 0.3535534 0.4765314 0.3181981 0.25 0 0.25 0.5 0.75 1 0.793198 0.543198 0.3859476 0.543198 0.6989172 0.8024706 0.7030628 0.6363961 0.4765314 0.3181981 0.2552285 0.1885618 0.1609476 0.1885618 0.3468952 0.3192809 0.1609476 0.09428091 0.06666667 0.2239171 0.4739171 0.6717514 0.9217514 0.8535534 0.6035534 0.3535534 0.25 0.3535534 0.4765314 0.412479 0.4791456 0.6374789 0.7973437 0.7343741 0.8010408 0.9593741 1.06401 1 1.103553 1.207107 1.31066 1.414214 1.664214 1.914214 1.707107 1.457107 1.207107 0.9571068 0.7071068
0.25 0.3535534 0.25 0.3535534 0.25 0 0.25 0.5 0.3848647 0.3535534 0.25 0.3535534 0.6035534 0.8535534 1.103553 0.8598647 0.6098647 0.4526142 0.6098647 0.5666667 0.6322504 0.6374789 0.4791456 0.412479 0.3495094 0.412479 0.2552285 0.2276143 0.2552285 0.2828427 0.2552285 0.1885618 0.1609476 0.225 0.2905838 0.5405838 0.7905838 1.025305 0.9571068 0.7071068 0.6035534 0.5 0.6035534 0.6363961 0.4791456 0.5067599 0.5734265 0.6400932 0.7067599 0.7734265 0.8400932 0.9984266 1.248427 1.353553 1.457107 1.56066 1.664214 1.767767 2.017767 1.81066 1.56066 1.31066 1.06066 0.9571068
0.3535534 0.25 0.3535534 0.6035534 0.3535534 0.25 0.3535534 0.6035534 0.4515314 0.6035534 0.5 0.6035534 0.7071068 0.9571068 1.176531 0.9265314 0.6765314 0.5192809 0.4739171 0.4083333 0.4739171 0.5405838 0.5067599 0.5708123 0.5078427 0.4791456 0.4135618 0.3859476 0.4135618 0.4411761 0.412479 0.3468952 0.2276143 0.2552285 0.4135618 0.5734265 0.8234265 1.021261 1.06066 0.9571068 0.8535534 0.75 0.8535534 0.7030628 0.5458123 0.6650932 0.6010408 0.6677074 0.8260407 0.930677 0.8677074 1.026041 1.219729 1.323283 1.573283 1.765889 1.869442 2.017767 2.12132 1.914214 1.664214 1.414214 1.31066 1.207107
