LSCAM_InData/LSCAM_InData/accessibilityinternationalcambodia.asc
ncols         292
nrows         251
xllcorner     800180
yllcorner     -2175230
cellsize      2000
NODATA_value  -9999
[rows 56 to 83 of 251, columns 192 to 255 of 292]
2.962293 2.888131 2.784577 2.888131 5.098917 0.9739171 0.9083333 0.7015314 0.4515314 0.2942809 0.2666667 0.4239172 0.5848647 0.8348647 1.025305 1.275305 1.525305 1.775305 2.025305 2.275305 2.127674 1.970424 2.127674 2.288622 2.538622 2.788622 3.038622 3.288622 3.538622 3.788622 4.038622 4.082903 4.017319 4.044933 4.110518 4.21407 4.317624 4.271955 4.205288 4.138622 4.073038 3.964476 3.714476 3.610923 3.474222 3.224222 2.974222 2.724222 2.474222 2.224222 1.974222 1.724222 1.620669 1.517115 1.224264 0.824264 0.424264 0.2333333 0 0.06666667 0.3 0.4609476 0.5276142 0.5942809
2.85874 2.638131 2.534577 6.659577 5.348917 1.223917 1.018198 0.7681981 0.5181981 0.4526142 0.3333333 0.3609476 0.5192809 0.7692809 1.019281 1.269281 1.519281 1.769281 2.019281 2.216727 2.061008 1.903757 2.061008 2.311008 2.561008 2.811008 3.061008 3.311008 3.561008 3.811008 3.936456 3.832903 3.767319 3.794933 3.860517 3.964071 4.067624 4.021955 3.955288 3.888622 3.823038 3.792378 3.610923 3.360923 3.257369 3.120668 2.870668 2.620668 2.370668 2.120669 1.870669 1.620669 1.370669 1.267115 1.127614 0.7276142 0.3276142 0.09428091 0.06666667 0.3 0.3966498 0.7966498 0.9276142 0.9942809
2.674425 2.534577 2.284577 5.702471 1.577471 1.371751 1.121751 0.8717514 0.7681981 0.5572505 0.4916667 0.4276142 0.5848647 0.8348647 1.084865 1.334865 1.584865 1.834865 2.084865 1.966727 1.901143 1.83709 1.994341 2.244341 2.494341 2.744341 2.994341 3.244341 3.494341 3.744341 3.686456 3.582903 3.517319 3.544933 3.610517 3.714071 3.817624 3.771955 3.705288 3.638622 3.573038 3.542378 3.438825 3.257369 3.007369 2.978816 2.842115 2.517115 2.267115 2.017115 1.767115 1.517115 1.267115 1.017115 0.8731812 0.5852116 0.3181981 0.1609476 0.3 0.3966498 0.7966498 0.9623352 1.327614 1.394281
2.521405 2.506024 2.181024 1.931024 1.725305 1.475305 1.225305 1.121751 0.9108039 0.8072505 0.6515314 0.4942809 0.6515314 0.9015314 1.151531 1.401531 1.651531 1.901531 2.145914 1.90006 1.74281 1.770424 1.928757 2.178757 2.428757 2.678757 2.928757 3.178757 3.428757 3.540009 3.436456 3.332903 3.267319 3.294933 3.360517 3.464071 3.567624 3.521955 3.455288 3.388622 3.323038 3.292378 3.188825 3.085271 2.903816 2.653816 2.550263 2.446709 2.196709 2.168156 1.797547 1.488562 1.163562 0.9135618 0.6635618 0.4135618 0.2552285 0.2276143 0.4609476 0.7966498 0.9623352 1.362335 1.528021 1.794281
2.121405 2.186988 2.246608 2.078858 5.703858 1.578858 1.475305 1.264357 1.160804 0.9681981 0.7181981 0.5609476 0.7181981 0.8791456 1.129146 1.379146 1.629146 1.879146 1.895914 1.833393 1.676143 1.833393 1.994341 2.244341 2.494341 2.744341 2.994341 3.244341 3.494341 3.290009 3.186456 3.082903 3.017319 3.044933 3.110517 3.214071 3.317624 3.271955 3.205288 3.138622 3.073038 3.042378 2.938825 2.941337 2.731718 2.550263 2.300263 2.156329 2.021709 1.843156 1.662927 1.337927 1.087927 0.8900932 0.6400932 0.4791456 0.3218952 0.2942809 0.5276142 0.9276142 1.138765 1.528021 1.788765 2.093706
1.721405 1.786988 1.921608 2.100161 1.932412 1.828858 1.723977 1.514357 1.284865 1.034865 0.7848647 0.6276143 0.6552285 0.8135618 1.063562 1.313562 1.563562 1.711498 1.645914 1.673528 1.609476 1.767809 2.017809 2.267809 2.517809 2.767809 3.017809 3.267809 3.436456 3.186456 2.936456 2.832903 2.767319 2.794933 2.860517 2.964071 3.088622 3.021955 2.955288 2.888622 2.823038 2.792378 2.688825 2.660271 2.481718 2.415051 2.196709 1.946709 1.696709 1.593156 1.489603 1.384374 1.059374 0.7343741 0.5745094 0.4161761 0.3885618 0.3609476 0.5181981 0.6791456 1.004146 1.329146 1.654146 2.054146
1.396405 1.461988 1.640542 1.775161 2.08088 2.078858 5.637479 1.512479 1.262479 1.012479 0.8515314 0.6942809 0.8135618 0.8791456 1.129146 1.379146 1.617217 1.551633 1.487581 1.515195 1.581862 1.740195 1.990195 2.240195 2.490195 2.740195 2.990195 3.240195 3.332903 3.082903 2.832903 2.582903 2.517319 2.544933 2.610517 2.860517 2.838622 2.771955 2.705288 2.638622 2.573038 2.638622 2.438825 2.335271 2.231718 2.165051 2.211498 1.993156 1.668156 1.343156 1.239603 1.172936 0.934721 0.7437903 0.510457 0.4828427 0.5468951 0.4276142 0.4552285 0.6135618 0.9385618 1.338562 1.738562 1.977572
1.146405 1.211988 1.315542 1.546261 1.68088 1.93088 5.571895 1.446895 1.196895 0.9468951 0.7885618 0.7609476 0.918198 1.129146 1.232699 1.482699 1.457352 1.3933 1.420914 1.579247 1.739112 1.805779 2.055779 2.305779 2.555779 2.805779 3.055779 3.305779 3.195729 3.016236 2.766236 2.516236 2.358986 2.3866 2.544933 2.655289 2.588622 2.521955 2.455288 2.388622 2.323038 2.388622 2.335271 2.085271 1.981718 1.915051 1.886498 1.819831 1.543503 1.239603 0.9896026 0.9229359 0.8380712 0.6047379 0.5771236 0.716176 0.6515314 0.5859476 0.5218952 0.6791456 1.004146 1.329146 1.654146 1.727572
0.8964045 0.9619883 1.117707 1.221261 1.471261 1.721261 1.748875 5.373875 1.248875 1.012479 0.8552285 0.8276142 0.9848647 1.234865 1.428655 1.363071 1.299019 1.326633 1.484967 1.644831 1.894831 2.055779 2.159332 2.409332 2.659332 2.909332 3.159332 3.239519 3.092175 2.842175 2.69957 2.44957 2.292319 2.44957 2.471956 2.405289 2.338622 2.271955 2.205288 2.138622 2.073038 2.138622 2.16209 1.981718 1.731718 1.703165 1.561498 1.494831 1.256616 1.083884 0.9240187 0.7656854 0.6990188 0.6714045 0.810457 0.9071068 0.9015314 0.7458123 0.5885618 0.8218951 1.012826 1.300795 1.374019 1.583638
0.7380712 0.8021237 0.8677074 1.117707 1.367707 1.5972 1.645322 1.395322 1.145322 0.8953217 0.8297379 0.7656854 0.9229359 1.172936 1.361988 1.204738 1.232352 1.390686 1.55055 1.80055 1.998385 2.222649 2.409332 2.512886 2.762886 3.012886 3.145238 3.041685 2.885966 2.738622 2.488622 2.383986 2.225652 2.288622 2.221956 2.155289 2.088622 2.021955 1.955289 1.888622 1.823038 1.888622 1.91209 1.825999 1.628165 1.378165 1.311498 1.244831 1.159966 0.926633 0.8599663 0.7932997 0.9323521 0.8297379 0.8953217 1.145322 1.062479 0.812479 0.6552285 0.6828427 0.841176 1.107107 1.124019 1.265685
0.6714045 0.6437903 0.8010408 1.051041 1.243647 1.3472 1.464949 1.328655 1.078655 0.828655 0.6714045 0.6990188 0.8573521 1.107352 1.295322 1.138071 1.295322 1.451041 1.554594 1.765542 1.869095 2.119095 2.261701 2.511701 2.761701 3.011701 2.947404 2.791685 2.688131 2.532412 2.423038 2.264705 2.198038 2.131371 2.064705 1.998038 1.931372 1.864705 1.798038 1.731371 1.664705 1.727674 1.66209 1.722445 1.472445 1.312581 1.154247 1.087581 1.020914 0.9542472 1.0933 1.026633 1.123283 1.079738 1.145322 1.248875 1.129146 0.8791456 0.8135618 0.7495094 0.7771236 0.935457 0.9656854 1.032352
0.7343741 0.5771236 0.7343741 0.8900932 0.9936466 1.149366 1.214949 1.111396 4.886988 0.7619883 0.6047379 0.7619883 0.9229359 1.172936 1.228655 1.071405 1.135457 1.201041 1.411988 1.515542 1.765542 1.908148 2.158148 2.408147 2.658147 2.853123 2.697404 2.59385 2.438131 2.372547 2.308495 2.292319 2.355289 2.288622 2.221956 2.117319 1.958986 1.892319 1.955289 1.795424 1.63709 1.570424 1.503757 1.566726 1.406862 1.248528 1.181862 1.320914 1.178164 1.187581 1.178164 1.351633 1.433291 1.329738 1.395322 1.482699 1.232699 1.129146 0.9734265 0.9078428 0.8437903 0.8714045 0.9380712 1.096405
0.6677074 0.510457 0.5745094 0.6400932 0.7958123 0.8993657 0.9791456 0.8613961 4.632843 0.6953217 0.5380712 0.6953217 0.9453217 1.195322 1.163071 1.004738 0.9771236 1.096405 1.161988 1.411988 1.554594 1.804594 2.054594 2.304594 2.554594 2.603123 2.49957 2.34385 2.278266 2.214214 2.241828 2.400162 2.516236 2.538622 2.432903 2.182903 2.116236 2.050653 2.111008 1.861008 1.794341 1.634476 1.476143 1.409476 1.342809 1.276143 1.340195 1.511845 1.428164 1.512581 1.428164 1.531718 1.683291 1.579738 1.645322 1.586252 1.482699 1.32698 1.223427 1.067707 0.910457 0.9380712 1.095322 1.161988
0.6021236 0.4437903 0.4161761 0.4802285 0.5458123 0.7958123 0.7291456 4.538562 0.5078427 0.535457 0.4714045 0.6297379 0.8797379 1.023427 1.090093 1.067707 0.910457 0.9380712 1.096405 1.201041 1.451041 1.701041 1.951041 2.201041 2.451041 2.49957 2.24957 2.183986 2.119933 2.147547 2.305881 2.465746 2.715746 2.786456 2.536456 2.432903 2.366236 2.300653 2.214561 2.111008 1.95006 1.70006 1.633393 1.566726 1.50006 1.434476 1.50006 1.693748 1.678164 1.762581 1.678164 1.781718 1.885271 1.829738 1.895322 1.836252 1.680533 1.57698 1.384374 1.134374 1.06879 1.096405 1.161988 1.411988
0.6677074 0.5078427 0.3495094 0.3218952 0.4791456 0.6348647 0.4791456 0.4135618 0.3495094 0.3771236 0.4437903 0.6021236 0.7078427 0.7734265 0.8400932 0.9067599 0.8437903 0.910457 0.9771236 1.135457 1.385457 1.635457 1.885457 2.135457 2.385457 2.338622 2.182903 2.025652 2.053267 2.2116 2.371465 2.621465 2.819299 2.89001 2.786456 2.682903 2.616236 2.550653 2.464561 2.303613 2.053613 1.95006 1.883393 1.816726 1.75006 1.684476 1.75006 1.853613 1.928164 2.012581 1.928164 2.031718 2.135271 2.079738 2.145322 2.034087 1.930533 1.737928 1.487928 1.384374 1.31879 1.346405 1.411988 1.515542
0.5848647 0.5181981 0.4135618 0.2552285 0.3192809 0.3848647 0.3192809 0.2552285 0.2828427 0.4411761 0.6010408 0.6135618 0.5495094 0.6161761 0.6828427 0.7495094 0.8161761 0.8828427 1.041176 1.201041 1.451041 1.701041 1.951041 2.201041 2.338622 2.088622 2.023038 1.958986 2.116236 2.277184 2.527184 2.725018 2.975018 3.14001 3.036456 2.932903 2.866236 2.800653 2.657166 2.407166 2.303613 2.20006 2.133393 2.066726 2.00006 1.934476 2.00006 2.103613 2.178164 2.262581 2.178164 2.281718 2.385271 2.329738 2.38764 2.284087 2.091481 1.841481 1.737928 1.634374 1.56879 1.596405 1.661988 1.765542
0.4276142 0.3609476 0.2942809 0.2276143 0.1609476 4.1 0.1609476 0.1885618 0.3468952 0.4515314 0.5181981 0.4552285 0.5218952 0.6802285 0.8400932 0.9067599 0.8437903 0.910457 1.06879 1.31879 1.554594 1.804594 2.054594 2.281228 2.177674 2.021955 1.864705 1.892319 2.050652 2.300652 2.550652 2.800652 3.050652 3.300652 3.286456 3.182903 3.116236 3.01072 2.76072 2.657166 2.553613 2.45006 2.383393 2.316726 2.25006 2.184476 2.25006 2.353613 2.428164 2.512581 2.428164 2.531718 2.635271 2.579738 2.63764 2.445034 2.195034 2.091481 1.987928 1.884374 1.81879 1.846405 1.911988 2.015542
0.5848647 0.5181981 0.4515314 0.3848647 4.1 0.06666667 0.09428091 0.1609476 0.2276143 0.2942809 0.3609476 0.4276142 0.5859476 0.7458123 0.9958123 1.067707 0.910457 1.067707 1.134374 1.384374 1.634374 1.884374 2.134374 2.083393 1.927674 1.86209 1.798038 1.955288 2.116236 2.366236 2.616236 2.866236 3.116236 3.366236 3.536456 3.432903 3.364273 3.114273 3.01072 2.907166 2.803613 2.70006 2.633393 2.566726 2.50006 2.434476 2.50006 2.603613 2.678164 2.762581 2.678164 2.781718 2.885271 2.829738 2.798588 2.548588 2.445034 2.341481 2.237927 2.134374 2.06879 2.096405 2.161988 2.265542
0.7458123 0.7681981 0.7015314 4.283333 0.1583333 0 0.06666667 0.1333333 0.2916667 0.4515314 0.5181981 0.5848647 0.6515314 0.9015314 1.099366 1.134374 0.9771236 1.004738 1.163071 1.413071 1.663071 1.913071 1.989112 1.833393 1.767809 1.703757 1.731371 1.889705 2.139705 2.389705 2.639705 2.889705 3.139705 3.389705 3.639705 3.682903 3.467826 3.364273 3.26072 3.157166 3.053613 2.95006 2.883393 2.816726 2.75006 2.684476 2.75006 2.853613 2.928164 3.012581 2.928164 3.031718 3.135271 3.079738 2.902141 2.798588 2.695034 2.591481 2.487927 2.384374 2.31879 2.346405 2.411988 2.515542
0.9958123 1.018198 0.9515314 4.348917 0.2239171 0.06666667 0.09428091 0.2526142 0.3572505 0.4791456 0.5458123 0.7958123 0.9015314 1.005085 1.220322 1.286988 1.210457 1.032352 1.265685 1.583638 1.727572 1.926489 1.739112 1.673528 1.609476 1.63709 1.795424 1.955288 2.205288 2.455288 2.705288 2.955288 3.205288 3.455288 3.705288 3.82138 3.717826 3.614273 3.51072 3.407166 3.303613 3.20006 3.133393 3.066726 3.00006 2.934476 3.00006 3.103613 3.178164 3.262581 3.178164 3.281718 3.385271 3.255694 3.152141 3.048588 2.945034 2.841481 2.737927 2.634374 2.56879 2.596405 2.661988 2.765542
1.193647 1.268198 1.201531 4.415584 0.2905838 0.225 0.1609476 0.1885618 0.2552285 0.3218952 0.4802285 0.6400932 0.8380712 0.9047378 0.8953217 0.9619883 1.104738 0.9656854 1.124019 1.374019 1.572936 1.676489 1.672446 1.515195 1.542809 1.701143 1.861007 2.111007 2.308842 2.558842 2.808842 3.058842 3.308842 3.558842 3.808842 4.058842 3.967826 3.864273 3.76072 3.657166 3.553613 3.45006 3.383393 3.316726 3.25006 3.184476 3.25006 3.353613 3.428164 3.512581 3.428164 3.531718 3.609247 3.505694 3.402141 3.298587 3.195034 3.091481 2.987927 2.884374 2.81879 2.846405 2.911988 3.015542
1.443647 1.518198 1.451531 5.576531 4.415584 0.3848647 0.3192809 0.3468952 0.412479 0.3495094 0.4161761 0.5745094 0.6047379 0.6714045 0.7380712 0.8047379 0.8714045 0.9380712 1.096405 1.256269 1.322936 1.445914 1.511498 1.448528 1.606862 1.766726 2.016726 2.214561 2.464561 2.662395 2.912395 3.162395 3.412395 3.662395 3.912395 4.162395 4.217826 4.114273 4.01072 3.907166 3.803613 3.70006 3.633393 3.566726 3.50006 3.434476 3.50006 3.603613 3.678164 3.762581 3.678164 3.781718 3.859247 3.755694 3.652141 3.548587 3.445034 3.341481 3.237927 3.134374 3.06879 3.096405 3.161988 3.265542
1.641481 1.768198 1.701531 1.805085 4.759865 0.6348647 0.5692809 0.5968952 0.5734265 0.5078427 0.4437903 0.510457 0.5771236 0.7354569 0.8953217 0.9619883 1.028655 0.9656854 1.032352 1.099019 1.332352 1.287581 1.354247 1.420914 1.579247 1.829247 2.079247 2.329247 2.568114 2.818114 3.015948 3.265948 3.515948 3.765948 4.015948 4.265948 4.467826 4.364273 4.26072 4.157166 4.053613 3.95006 3.883393 3.816726 3.75006 3.684476 3.75006 3.853613 3.928164 4.012581 3.928164 4.031718 4.109247 4.005694 3.902141 3.798587 3.695034 3.591481 3.487927 3.384374 3.31879 3.346405 3.411988 3.515542
1.724958 1.883291 1.951531 2.055085 5.009865 0.8848647 0.8192809 0.8468952 0.8234265 0.6677074 0.6021236 0.6677074 0.6047379 0.7630712 1.013071 1.211988 1.189603 1.124019 1.189603 1.126633 1.1933 1.259966 1.4183 1.578165 1.644831 1.894831 2.144831 2.469831 2.788867 2.921667 3.171667 3.369502 3.619502 3.869502 4.119502 4.369502 4.619502 4.614273 4.51072 4.407166 4.303613 4.20006 4.133393 4.066727 4.00006 3.934476 4.00006 4.103613 4.178164 4.262581 4.178164 4.281718 4.359247 4.255694 4.152141 4.048587 3.945034 3.841481 3.737927 3.634374 3.56879 3.596405 3.661988 3.765542
1.752572 1.819239 1.977572 2.227572 5.259865 1.134865 1.069281 1.096895 1.021261 0.9177074 0.8521236 0.828655 0.6714045 0.828655 1.078655 1.328655 1.439603 1.374019 1.35055 1.284966 1.35055 1.417217 1.483884 1.808884 1.969831 1.998385 2.323385 2.60445 3.00445 3.246667 3.275221 3.525221 3.723055 3.973055 4.223055 4.473055 4.723055 4.864273 4.76072 4.657166 4.553613 4.45006 4.383393 4.316727 4.25006 4.184476 4.25006 4.353613 4.428164 4.512581 4.428164 4.531718 4.609247 4.505694 4.402141 4.298587 4.195034 4.091481 3.987927 3.884374 3.81879 3.846405 3.911988 4.015542
1.910905 1.976489 2.043156 2.293156 5.509865 1.384865 1.319281 1.346895 1.271261 1.167707 1.102124 0.8953217 0.7380712 0.8953217 1.056269 1.306269 1.504104 1.624019 1.60055 1.534966 1.60055 1.667217 1.733884 1.837437 2.162437 2.323385 2.458004 2.858004 3.06407 3.38907 3.525221 3.628774 3.878774 4.076608 4.326608 4.576608 4.826608 5.076608 5.01072 4.907166 4.803613 4.70006 4.633393 4.566727 4.575059 4.434476 4.50006 4.603613 4.678164 4.762581 4.678164 4.781718 4.859247 4.755694 4.652141 4.548587 4.445034 4.341481 4.237927 4.134374 4.06879 4.096405 4.161988 4.265542
2.160905 2.226489 2.293156 2.396709 6.521709 5.509865 1.569281 1.596895 1.521261 1.417707 1.211988 0.9619883 0.8047379 0.8323521 0.9906855 1.15055 1.40055 1.65055 1.85055 1.784966 1.85055 1.917217 1.983884 2.087437 2.19099 2.51599 2.858004 3.023689 3.38907 3.417623 3.667623 3.878774 4.088393 4.232327 4.430161 4.680161 4.930161 5.052632 5.156185 5.157166 5.053613 4.95006 4.883393 4.816727 4.788029 4.684476 4.75006 4.853613 4.928164 5.012581 4.928164 5.031718 5.109247 5.005694 4.902141 4.798587 4.695034 4.591481 4.487927 4.384374 4.31879 4.346405 4.411988 4.515542
2.410905 2.476489 2.543156 2.646709 6.771709 5.944281 1.819281 1.846895 1.771261 1.528655 1.278655 1.028655 0.9630712 0.8990188 0.926633 1.084966 1.334966 1.659966 2.059966 2.034966 2.10055 2.167217 2.233884 2.337437 2.44099 2.544544 2.794544 3.119544 3.444544 3.667623 3.771176 4.096176 4.338393 4.482327 4.565745 4.632412 4.699079 4.802632 4.906185 5.009738 5.113292 5.20006 5.133393 5.066727 5.038029 4.934476 5.00006 5.103613 5.178164 5.262581 5.178164 5.281718 5.359247 5.255694 5.152141 5.048587 4.945034 4.841481 4.737927 4.634374 4.56879 4.596405 4.661988 4.765542
