LSCAM_InData/LSCAM_InData/accessibilitygeneralcambodia.asc
ncols         292
nrows         251
xllcorner     800180
yllcorner     -2175230
cellsize      2000
NODATA_value  -9999
[rows 174 to 202 of 251, columns 64 to 127 of 292]
1.218545 0.8185449 0.6276142 0.3942809 0.3666666 0.5609475 0.6276142 0.724264 1.124264 1.329002 1.729002 1.988968 2.34044 2.506125 2.671811 2.837496 3.237496 3.858165 4.665686 4.355635 3.765686 3.931371 4.097056 4.262741 4.256616 4.422301 4.7022 4.11225 3.688681 2.988681 3.001794 2.301794 2.024078 1.708393 1.573773 1.639357 1.667911 1.87753 2.07412 1.37412 0.9741204 0.764501 0.514501 0.4489172 0.4765314 0.618198 0.6087819 0.7515314 0.7421152 0.6441372 0.4135618 0.2552285 0.2276143 0.3468952 0.412479 0.6624789 0.8050848 0.9571068 0.7071068 0.6035534 0.5 0.3535534 0.25 0.3535534
1.365685 0.9656854 0.5656854 0.7 0.3 0.3276142 0.3942809 0.6276142 0.7633165 1.163316 1.423283 1.823283 1.94044 2.106125 2.271811 2.671811 2.868215 3.568215 3.665685 3.955635 3.365685 3.531371 3.697056 3.862741 4.028427 4.194112 4.784061 4.220728 3.220728 2.930779 2.422995 2.022995 1.736109 1.458393 1.248773 1.314357 1.417911 1.742911 1.693054 1.368054 1.118054 0.8680544 0.764501 0.6989172 0.7265314 0.9361508 0.8587819 0.8941372 0.6441372 0.5405838 0.2905838 0.225 0.1609476 0.1885618 0.3468952 0.4515314 0.7015314 0.8535534 0.6035534 0.3535534 0.25 0.25 0 0.25
1.2 0.8 0.4 0 0.2333333 0.3 0.3666666 0.4333333 0.6666666 0.8575974 1.257597 1.44379 1.54044 1.706125 2.106125 2.30253 3.00253 3.10253 2.965685 3.555635 2.965685 3.131371 3.297056 3.462741 3.628427 3.794112 4.112658 3.822708 2.930779 2.230778 2.096159 1.85731 1.45731 1.170423 0.9987735 1.064357 1.314357 1.506963 1.610516 1.471608 1.221608 1.118054 1.014501 0.9489172 0.9765314 1.080085 0.9884181 0.7384181 0.5405838 0.2905838 0.2239171 0.06666667 0.09428091 0.1609476 0.2276143 0.3859476 0.5458123 0.75 0.5 0.25 0 0.25 0.25 0.3535534
1.365685 0.9656854 0.5656854 0.4 0.4666666 0.5333333 0.6 0.4609475 0.5276142 0.7609476 0.9771236 1.04379 1.14044 1.54044 1.736845 2.136845 2.536844 2.707268 2.565685 3.031371 2.565685 2.73137 2.897056 3.062741 3.228427 3.394112 3.522708 3.122708 2.532758 2.242809 1.771159 1.72269 1.32269 0.9976906 0.8404401 0.9976906 1.15341 1.256963 1.412682 1.516236 1.471608 1.368054 1.264501 1.198917 1.225305 1.082699 0.8326991 0.6348647 0.3848647 0.225 0.06666667 0 0.1583333 0.3181981 0.2552285 0.3218952 0.4802285 0.6087819 0.6035534 0.3535534 0.25 0.3535534 0.5 0.5681981
1.531371 1.131371 0.9656854 0.8 0.8666666 0.9333333 0.7909307 0.6942809 0.5552285 0.7885618 0.7437903 0.8104569 1.04379 1.171159 1.571159 1.971159 2.141582 2.331371 2.165685 2.331371 2.165685 2.331371 2.497056 2.662742 2.828427 3.228427 3.232759 2.532758 2.132759 1.542809 1.446159 1.538173 1.256024 0.9310239 0.7737734 0.8378259 0.9034097 1.059129 1.162682 1.340093 1.363562 1.429146 1.451531 1.371751 1.121751 0.8717514 0.7291456 0.4791456 0.3192809 0.1609476 0.09428091 0.2333333 0.2239171 0.4739171 0.4135618 0.3495094 0.3848647 0.4489172 0.4765314 0.412479 0.4083333 0.4765314 0.4109476 0.3833333
1.697056 1.531371 1.365685 1.2 1.266667 1.333333 1.190931 0.8552284 0.6218951 0.6495094 0.716176 0.7828427 0.841176 1.074509 1.410212 1.575897 1.862784 1.931371 1.765685 1.931371 1.765685 1.931371 2.097056 2.262742 2.662742 2.867462 2.574078 2.242809 1.542809 1.142809 1.046159 1.138173 1.003553 0.825 0.7071068 0.6794925 0.7435449 0.8091288 1.024509 1.090093 1.113562 1.179146 1.201531 1.285948 1.243198 0.8431981 0.5181981 0.4135618 0.2552285 0.1885618 0.3276142 0.424264 0.4739171 0.5774705 0.5734265 0.4765314 0.3181981 0.2905838 0.3181981 0.3848647 0.3859476 0.3192809 0.2526142 0.225
2.071405 1.931371 1.765685 1.6 1.666667 1.512826 1.112826 0.9218951 0.6885618 0.716176 0.9495094 1.007843 0.7745094 0.9135618 1.010212 1.297098 1.547098 1.531371 1.365685 1.531371 1.365685 1.531371 1.697056 2.097056 2.302082 2.167462 2.100796 1.584129 1.363029 1.046159 0.8128259 1.003553 0.6785533 0.575 0.6785533 0.6128259 0.5852116 0.7424621 0.7745094 0.8400932 0.8635618 0.9291456 0.9515314 0.9609476 0.9691372 0.8655838 0.5276142 0.2942809 0.2828427 0.4218951 0.518545 0.749264 0.7989171 0.8274705 0.8671152 0.5421152 0.3822505 0.2239171 0.25 0.3535534 0.543198 0.4765314 0.3166667 0.1583333
2.168055 2.211498 2.144831 1.867073 1.607107 1.207107 1.016176 0.7828427 0.7552285 0.9495094 1.046159 0.9411761 0.7078427 0.6802285 0.8374789 1.087479 1.412479 1.131371 0.9656854 1.1 0.9656854 1.131371 1.531371 1.88088 1.602082 1.467462 1.400795 1.259129 1.15341 0.9034097 0.7461592 0.9656854 0.5656854 0.325 0.4596194 0.5825974 0.518545 0.5852116 0.6161761 0.6791456 0.6135618 0.6791456 0.7015314 0.6359476 0.6441372 0.5405838 0.4609476 0.2276143 0.4609476 0.5067599 0.8317599 1.074264 1.102817 1.066667 0.8166667 0.5666667 0.3166667 0.1583333 0 0.25 0.5 0.5 0.25 0
1.908148 1.811498 1.744831 1.701388 1.301388 1.110457 0.8771236 0.8495094 0.9885617 0.9791456 1.304146 1.037826 0.8468951 0.6135618 0.7708123 0.9817598 1.191379 0.9656854 0.5656854 0.4 0.5656854 0.9656854 1.365685 2.015195 1.315195 1.142462 1.075795 1.009129 0.9424621 0.8378259 0.6794925 0.725 0.4 0 0.325 0.424264 0.4909307 0.5575974 0.5885618 0.5218952 0.4552285 0.5181981 0.4515314 0.3859476 0.4515314 0.2905838 0.225 0.1609476 0.3181981 0.5681981 0.8181981 1.068198 1.318198 1.20725 0.8822505 0.6322505 0.3822505 0.2239171 0.25 0.3535534 0.6035534 0.6035534 0.3535534 0.25
1.508148 1.411498 1.344831 1.317217 1.204738 0.9714045 0.9437903 1.082843 1.179492 1.304146 1.438765 1.180228 0.7802285 0.5468951 0.6661761 0.7317598 1.05676 0.8 0.4 0 0.4 0.8 1.2 1.589949 1.218545 0.9852116 0.9185449 0.8518783 0.7852116 0.718545 0.6518783 0.5852116 0.5656854 0.325 0.3299831 0.3966498 0.5549831 0.7148479 0.6526142 0.4942809 0.4276142 0.3609476 0.2942809 0.2276143 0.2905838 0.2239171 0.06666667 0.09428091 0.3276142 0.7276142 0.9217515 1.246752 1.353553 1.141667 0.8166667 0.5666667 0.3166667 0.1583333 0.2239171 0.3822505 0.4489172 0.6989172 0.6035534 0.5
1.411498 1.178164 1.111498 1.083884 1.222936 1.028655 1.177124 1.273773 1.579492 1.704146 1.513562 1.113562 0.7135618 0.4802285 0.5078427 0.6650932 0.9900932 0.9656854 0.5656854 0.4 0.5656854 0.9656854 1.195668 1.056616 1.079493 1.012826 1.151878 1.085212 0.9424621 0.8757954 0.7159307 0.5575974 0.4909307 0.424264 0.3966498 0.6299831 0.726633 1.014603 0.7552285 0.5218952 0.4552285 0.5181981 0.3583333 0.2 0.1333333 0.06666667 0 0.1583333 0.3181981 0.5681981 0.8720983 1.051878 1.111498 1 0.75 0.5 0.25 0 0.1583333 0.225 0.3833333 0.543198 0.6087819 0.6035534
1.272445 1.205779 1.25055 1.017217 0.9896026 0.9619883 1.195322 1.531024 1.519586 1.3539 1.148283 0.9825974 0.6468951 0.4135618 0.441176 0.5995094 0.9245093 1.131371 0.9656854 0.8 0.9656854 0.8956685 0.9623352 1.029002 1.262335 1.246159 1.342809 1.402081 1.192462 1.031515 0.7815145 0.7148479 0.6481812 0.5825974 0.6299831 0.726633 1.126633 1.251878 0.8518783 0.6609476 0.4276142 0.3609476 0.2942809 0.3572505 0.2905838 0.2239171 0.06666667 0.09428091 0.2526142 0.412479 0.5552285 0.6518783 1.002817 0.793198 0.7071068 0.6035534 0.3535534 0.25 0.3166667 0.2526142 0.3192809 0.3848647 0.4489172 0.3535534
1.365685 1.439112 1.3472 1.156269 0.9229359 0.8953217 1.034374 1.131024 1.119586 0.9539003 0.8572505 0.5825974 0.4859475 0.3468951 0.5052285 0.6087819 0.6754485 0.8734266 0.9400932 0.8010408 0.8677074 0.9343741 1.167707 1.262335 1.358985 1.646159 1.742809 1.546016 1.385068 1.241134 1.106514 1.039848 0.9731812 0.8325974 1.029983 1.126633 1.292318 1.376531 0.9765314 0.6515314 0.5848647 0.5181981 0.3609476 0.3885618 0.4478343 0.2905838 0.225 0.1609476 0.1885618 0.2552285 0.3218952 0.5552285 0.6848647 0.543198 0.6035534 0.3535534 0.25 0.3535534 0.4765314 0.4109476 0.4765314 0.3181981 0.2905838 0.25
0.9656854 1.131371 1.319586 1.128655 0.8953217 0.828655 0.8010408 1.034374 0.9539003 0.5539003 0.4572505 0.3916667 0.2526142 0.3181981 0.3848647 0.4515314 0.6848647 0.6400932 0.7067599 0.7734265 1.00676 1.167707 1.264357 1.662335 1.758985 1.92467 1.899569 1.738621 1.635068 1.641134 1.431515 1.439848 1.292217 1.082597 1.292217 1.526633 1.692318 1.966481 1.535415 0.9765314 0.8348647 0.5848647 0.5192809 0.5468951 0.4828427 0.4489172 0.3848647 0.3192809 0.3468952 0.412479 0.3495094 0.4161761 0.4515314 0.3848647 0.4478343 0.25 0 0.25 0.5 0.6035534 0.3535534 0.25 0.2239171 0.2
0.5656854 0.9656854 1.222936 0.9896026 0.9229359 0.9677074 0.7343741 0.8734266 0.8572505 0.4572505 0.2239171 0.1583333 0.2239171 0.4572505 0.618198 0.4791456 0.5458123 0.612479 0.8458123 1.00676 1.10341 1.50341 1.664357 1.830043 2.158985 2.32467 2.198241 2.063621 1.885068 1.891134 1.756515 1.761151 1.436151 1.407597 1.542217 1.857902 2.092318 1.942217 1.542217 1.263418 0.9384181 0.8348647 0.7692809 0.7067599 0.641176 0.5155838 0.543198 0.5692809 0.5968952 0.3535534 0.25 0.3535534 0.5155838 0.3572505 0.2905838 0.2239171 0.25 0.3535534 0.514501 0.5 0.25 0 0.25 0.3192809
0.4 0.8 1.2 1.017217 1.156269 0.9010408 0.6677074 0.6400932 0.7916666 0.3916667 0.1583333 0 0.325 0.5539003 0.8091288 0.7124789 0.7791456 0.8458123 0.9424621 1.342462 1.50341 1.669095 2.064357 2.230042 2.395728 2.72467 2.549916 2.592217 1.967217 1.717217 1.726633 1.659967 1.5933 1.565686 1.662335 1.786988 1.921608 2.107902 1.798038 1.398038 1.213173 0.8131728 0.6035534 0.5 0.6035534 0.6739172 0.6098647 0.6978343 0.5 0.25 0 0.25 0.5 0.514501 0.4478343 0.2905838 0.3181981 0.2905838 0.4478343 0.4802285 0.3535534 0.25 0.25 0.3535534
0.5656854 0.9656854 1.111498 1.083884 1.234374 0.8343741 0.6010408 0.5734265 0.6481812 0.3822505 0.2239171 0.325 0.3535534 0.6785533 1.078553 1.112479 1.179146 1.245812 1.342462 1.508147 1.90341 2.069095 2.23478 2.630043 2.595728 2.430043 2.633393 1.984231 1.887581 1.726633 1.4933 1.426633 1.359967 1.332352 1.471405 1.461988 1.786988 2.186988 1.963723 1.778553 1.078553 0.6785533 0.3535534 0.25 0.3535534 0.6035534 0.6072505 0.5405838 0.4739171 0.3535534 0.25 0.3535534 0.6035534 0.764501 0.514501 0.3535534 0.25 0.2239171 0.2905838 0.3218952 0.3848647 0.25 0 0.25
0.9656854 1.131371 1.178164 1.317217 1.331024 0.931024 0.7400932 0.5067599 0.5515314 0.3181981 0.2905838 0.3181981 0.4765314 0.8015314 1.201531 1.441481 1.579146 1.645812 1.742462 1.908147 2.073833 2.469095 2.63478 2.501448 2.223732 2.030043 1.933393 1.887581 1.654248 1.587581 1.520914 1.659967 1.499019 1.265686 1.238071 1.395322 1.720322 2.120322 2.044239 1.675 0.975 0.575 0.25 0 0.25 0.5 0.75 0.6978343 0.5405838 0.4739171 0.5 0.6035534 0.7071068 0.8495094 0.575 0.25 0 0.25 0.4478343 0.2942809 0.2276143 0.1609476 0.2239171 0.1583333
1.129983 1.19665 1.244831 1.478165 1.496709 1.112479 0.7124789 0.4791456 0.412479 0.3848647 0.4489172 0.3848647 0.618198 0.7791456 0.8757955 1.275795 1.436743 1.602428 2.002429 2.308147 2.473833 2.639518 2.407166 2.129451 1.935762 1.764112 1.70006 1.727674 1.681862 1.820914 1.754248 1.850897 1.595669 1.404738 1.171405 1.404738 1.804738 2.504738 1.878553 1.478553 1.078553 0.6785533 0.3535534 0.25 0.3535534 0.6035534 0.793198 0.6348647 0.568198 0.5405838 0.568198 0.7265314 0.6650932 0.5995094 0.6035534 0.3535534 0.25 0.3535534 0.5181981 0.3535534 0.25 0.1333333 0.06666667 0
1.19665 1.429983 1.478165 1.574814 1.609129 1.209129 0.8091288 0.7124789 0.5708123 0.618198 0.6848647 0.4515314 0.4791456 0.5458123 0.7791456 0.9400932 1.036743 1.436743 1.836743 2.188519 2.105186 2.239806 2.128368 1.841481 1.669831 1.605779 1.633393 1.866727 1.915195 2.011845 2.154248 2.138071 1.738071 1.338071 1.104738 1.338071 1.673773 2.263723 2.013173 1.613173 1.213173 0.8131728 0.6035534 0.5 0.6035534 0.7071068 0.7645009 0.6072505 0.7265314 0.6989172 0.6348647 0.5745094 0.5078427 0.441176 0.5052285 0.5708123 0.5 0.6035534 0.5 0.25 0 0.25 0.2239171 0.1583333
1.429983 1.526633 1.878165 1.974814 1.774814 1.374814 1.209129 1.030432 0.8958123 1.018198 0.7815145 0.6848647 0.7124789 0.5734265 0.6400932 0.7067599 0.9400932 1.340093 1.721853 1.78852 1.780186 1.921853 1.899467 1.668748 1.511498 1.539112 1.772446 1.963376 2.315195 2.411845 2.471405 2.071404 1.671404 1.271405 1.038071 1.177124 1.273773 1.673773 2.055228 1.778858 1.378858 1.063173 0.9285534 0.7071068 0.6035534 0.5 0.6035534 0.5405838 0.6978343 0.8587818 0.793198 0.7317598 0.5718951 0.4135618 0.3468951 0.4109476 0.3833333 0.4489172 0.5042483 0.3535534 0.25 0.3535534 0.25 0
1.594281 1.690931 1.856616 2.022301 1.9405 1.774814 1.596117 1.430432 1.295812 0.9656854 0.5656854 0.4 0.5656854 0.8067598 0.8734266 0.7343741 0.9677074 1.158638 1.396853 1.46352 1.530186 1.596853 1.574468 1.508884 1.444831 1.603165 1.869095 2.194095 2.519095 2.804738 2.404738 2.004738 1.604738 1.204738 0.9714045 0.9437903 1.177124 1.512826 1.655228 1.751878 2.053122 1.763173 1.078553 0.6785533 0.3535534 0.25 0.3535534 0.4739171 0.6322504 0.8822504 0.8535534 0.75 0.6374789 0.4776142 0.3192809 0.2526142 0.225 0.3198321 0.2542483 0.2256768 0.2059524 0.2239171 0.1583333 0.0673435
1.194281 1.290931 1.456616 1.622301 2.022301 2.161802 1.996117 1.6 1.2 0.8 0.4 0 0.4 0.8 1.034374 0.8010408 0.828655 1.061988 1.146853 1.21352 1.280186 1.346853 1.41352 1.35055 1.417217 1.65055 2.007555 2.384619 2.4 2.565685 2.501388 2.101388 1.701388 1.301388 1.110457 0.8771236 1.016176 1.112826 1.255228 1.351878 1.494281 1.375 0.975 0.575 0.25 0 0.25 0.4083333 0.5666667 0.7071068 0.6035534 0.5 0.6035534 0.543198 0.4765314 0.3166667 0.1583333 0.1625816 0.09591493 0.0673435 0.04761905 0.06666667 0 0.04761905
0.7942809 0.8909307 1.056616 1.456616 1.856616 2.256616 2.165685 1.765685 1.365685 0.9656854 0.5656854 0.4 0.5656854 0.9656854 1.131024 1.034374 0.8953217 0.9229359 0.9896026 1.056269 1.122936 1.189603 1.256269 1.322936 1.389603 1.547936 1.872936 2.059619 2 2.165685 2.331371 2.267073 1.867073 1.482843 1.082843 0.8495094 0.7828427 0.9218951 0.8552284 0.9518783 1.094281 1.027614 0.9609475 0.6785533 0.3535534 0.25 0.3535534 0.4739171 0.6322504 0.6035534 0.3535534 0.25 0.3535534 0.6035534 0.5 0.25 0 0.25 0.2428571 0.02857143 0 0.02857143 0.06666667 0.09428091
0.3942809 0.4909307 0.8909307 1.290931 1.690931 2.090931 2.331371 1.931371 1.531371 1.131371 0.9656854 0.8 0.9656854 1.131371 1.531024 1.225305 1.128655 1.156269 1.222936 1.21352 1.280186 1.217217 1.37555 1.35055 1.417217 1.65055 1.931371 1.765685 1.6 1.765685 1.931371 2.097056 1.979492 1.579492 1.179492 0.9135618 0.7552285 0.6885618 0.6218951 0.7609476 0.6942809 0.6276142 0.5609475 0.5333333 0.5239171 0.5 0.6035534 0.5405838 0.568198 0.5 0.25 0 0.25 0.3535534 0.25 0.4596194 0.325 0.2082632 0.06897753 0.0404061 0.1392857 0.1678571 0.09591493 0.1583333
0.1609476 0.3942809 0.7942809 1.194281 1.594281 1.994281 2.394281 2.097056 1.697056 1.531371 1.365685 1.2 1.365685 1.531371 1.697056 1.625305 1.528655 1.556269 1.622936 1.46352 1.441134 1.283884 1.441134 1.417217 1.65055 1.697056 1.531371 1.365685 1.2 1.365685 1.531371 1.697056 2.010947 1.610947 1.210948 0.8859476 0.7276142 0.6609476 0.5942809 0.5276142 0.4609475 0.3942809 0.3276142 0.3 0.4572505 0.4859475 0.5515314 0.4885618 0.5552285 0.6035534 0.3535534 0.25 0.3535534 0.25 0 0.25 0.3236693 0.1093836 0.0808122 0.1796918 0.3434519 0.3166667 0.1583333 0
0.09428091 0.3276142 0.7276142 1.127614 1.527614 1.927614 2.252614 2.262742 2.097056 1.931371 1.765685 1.6 1.765685 1.931371 2.097056 2.025305 1.928655 1.956269 1.923139 1.71352 1.507801 1.35055 1.470914 1.406862 1.640195 1.531371 1.131371 0.9656854 0.8 0.9656854 1.131371 1.531371 1.931371 1.579492 1.179492 0.9135618 0.7552285 0.8942809 0.8276142 0.7609476 0.6942809 0.6276142 0.4666666 0.2333333 0.3 0.3276142 0.3942809 0.4609475 0.6192809 0.7071068 0.6035534 0.5 0.6035534 0.3535534 0.25 0.2890754 0.1497897 0.1212183 0.2950979 0 0.4 0.4572505 0.2239171 0.625
0.1583333 0.424264 0.824264 1.224264 1.624264 2.024264 2.178858 1.863173 1.728553 1.775 1.878553 1.832107 1.966726 2.132411 2.262742 2.097056 1.931371 1.765685 1.6 1.509619 1.498528 1.340195 1.312581 1.340195 1.573528 1.365685 0.9656854 0.5656854 0.4 0.5656854 0.9656854 1.365685 1.765685 1.482843 1.082843 0.8495094 0.8218951 1.055228 1.053909 0.9572589 0.8905923 0.8 0.4 0 0.2333333 0.3 0.4583333 0.618198 0.6848647 0.8720729 0.786714 0.6434083 0.3934083 0.3357143 0.3071429 0.1678571 0.1392857 0.260504 0.424264 0.4 0.4883165 0.3166667 0.2526142 0.4859475
0.2239171 0.5489171 0.9489171 1.348917 1.748917 1.944543 1.778858 1.613173 1.403553 1.375 1.478553 1.432107 1.566726 1.732412 2.066726 1.697056 1.531371 1.365685 1.2 1.259619 1.37555 1.309966 1.245914 1.403164 1.6 1.2 0.8 0.4 0 0.4 0.8 1.2 1.6 1.549509 1.149509 0.916176 0.8885618 1.092961 0.9572589 0.7239257 0.657259 0.7963114 0.5656854 0.4 0.4666666 0.4572505 0.5239171 0.7660829 0.7256262 0.6220729 0.5643789 0.4331606 0.3357143 0.1964286 0.1678571 0.1392857 0 0.325 1.025 1.091667 0.3916667 0.1583333 0.2239171 0.4572505
