LSCAM_InData/LSCAM_InData/accessibilityinternationalcambodia.asc
ncols         292
nrows         251
xllcorner     800180
yllcorner     -2175230
cellsize      2000
NODATA_value  -9999
[rows 140 to 167 of 251, columns 64 to 127 of 292]
2.469443 2.532412 2.466828 2.532412 2.554798 2.405288 2.155288 1.998038 2.06209 2.127674 2.377183 2.310517 2.24385 2.177183 2.0472 1.7972 1.5472 1.367707 1.117707 0.8677074 0.8021235 0.8297378 0.7030627 0.7078427 0.4828427 0.2828427 0.2 0.1885618 0.3468951 0.3771236 0.5354569 0.6400931 0.7067598 0.7734265 0.8400931 0.9067598 0.9734265 1.223426 1.384374 1.451041 1.428655 1.271405 1.428655 1.495322 1.745322 1.851041 1.828655 1.763072 1.828655 1.691619 1.533286 1.466619 1.399952 1.333285 1.266619 1.199952 1.172338 1.144723 1.172338 1.330671 1.490536 5.615536 5.760798 5.864351
2.441828 2.375162 2.308495 2.371465 2.304798 2.239214 2.171465 2.014214 2.171465 2.19385 2.127183 2.060517 1.99385 1.927183 1.8616 1.900753 1.721261 1.471261 1.221261 1.115542 0.9556769 0.7973436 0.836396 0.7656854 0.5656854 0.4828427 0.4124789 0.2552285 0.4124789 0.4437903 0.4714045 0.5380712 0.6964045 0.8562692 1.090093 1.23176 1.298426 1.32698 1.57698 1.701041 1.495322 1.338071 1.495322 1.745322 1.848875 2.098875 2.078655 2.013072 2.007203 1.757203 1.690536 1.623869 1.557203 1.490536 1.423869 1.264004 1.105671 1.078057 1.142109 1.207693 1.457693 1.570214 1.635798 1.739351
2.599079 2.514214 2.280881 2.214214 2.147547 2.080881 2.105881 1.947548 2.010517 1.94385 1.877184 1.810517 1.74385 1.677183 1.6116 1.677183 1.799958 1.549958 1.299958 1.049958 0.8916245 0.8640103 1.021261 0.8838834 0.6677074 0.5078427 0.3495094 0.3218951 0.4791456 0.6021236 0.6297379 0.5656854 0.6323521 0.7906854 1.040685 1.365685 1.698426 1.57698 1.680533 1.716236 1.561988 1.404738 1.561988 1.811988 2.061988 2.202429 2.328655 2.263072 2.110756 2.007203 1.940536 1.873869 1.807203 1.646255 1.396255 1.23639 1.078057 1.01139 0.9837758 1.141026 1.296745 1.320214 1.385798 1.489351
2.829798 2.504798 2.438131 2.447547 2.2116 2.053267 1.9866 1.919933 1.853267 1.7866 1.719933 1.653266 1.5866 1.519933 1.453266 1.517319 1.582902 1.526489 1.276489 1.115542 0.9582912 1.022344 1.011988 0.7619883 0.6021236 0.4437903 0.416176 0.4802285 0.5458122 0.8708122 0.8956685 0.7240187 0.6599663 0.8182997 1.08423 1.48423 1.744197 1.90198 2.005533 1.725652 1.492319 1.471405 1.628655 1.878655 2.128655 2.378655 2.555982 2.464309 2.360756 2.257203 2.190536 2.011246 1.761246 1.580671 1.330671 1.172338 1.105671 1.075442 0.9171091 0.9811616 1.046745 1.070214 1.135798 1.239351
2.964417 2.829798 2.763131 2.671219 2.38325 2.210517 2.143851 2.077184 2.010517 1.94385 1.877184 1.810517 1.74385 1.583985 1.425652 1.358985 1.423038 1.460905 1.210905 1.052572 1.024958 0.9229358 0.8562692 0.6964045 0.5380712 0.5104569 0.6495093 0.7461592 0.7958122 0.8993657 1.077572 0.8838834 0.726633 0.7542472 0.9875805 1.178511 1.578511 1.838477 1.994687 1.658985 1.425652 1.658985 1.801388 2.088274 2.338274 2.482208 2.732208 2.78931 2.685756 2.482693 2.157693 1.907693 1.657693 1.407693 1.341026 1.183776 1.264004 1.047828 0.8894949 0.8228282 0.8857978 0.820214 0.8857978 1.041517
3.364417 3.229798 3.163131 2.948936 2.670136 2.535517 2.393851 2.327184 2.260517 2.19385 2.127183 2.060517 1.899569 1.649569 1.489704 1.331371 1.264704 1.328757 1.276489 1.119239 1.017217 0.857352 0.6990187 0.6323521 0.6047378 0.7437903 0.734374 0.984374 1.045812 1.149366 1.20055 0.9505501 0.9599663 0.8209139 0.8485281 1.081861 1.272792 1.586007 1.594687 1.498038 1.358985 1.592319 1.949324 2.349324 2.65396 2.807209 2.941828 3.04178 2.817109 2.417109 2.092109 1.842109 1.592109 1.342109 1.183776 1.117109 1.180079 1.113412 0.9535474 0.795214 0.7285473 0.6618807 0.7259331 0.7915169
3.640746 3.629798 3.514621 3.235822 3.070137 2.85347 2.718851 2.577184 2.510517 2.44385 2.377183 2.253123 2.003123 1.805288 1.555288 1.395423 1.23709 1.170423 1.233393 1.076142 0.951633 0.7932996 0.726633 0.8656853 0.8380711 0.8286549 0.984374 1.087927 1.295812 1.399366 1.304103 1.20055 1.150897 0.9792472 0.9151947 0.942809 1.176142 1.261007 1.327674 1.264704 1.331371 1.489704 1.814704 2.214705 2.462742 2.712742 2.962742 2.876094 2.476094 2.341475 2.105527 1.855527 1.619723 1.369723 1.21139 1.181162 1.022828 0.9561616 0.8894949 0.8228282 0.7925998 0.6342664 0.5675998 0.6316522
3.240746 3.375365 3.333495 3.324079 3.419155 3.25347 3.036803 2.902184 2.760517 2.69385 2.606676 2.356676 2.158842 1.908842 1.711007 1.461007 1.301142 1.142809 1.076142 1.009476 0.9792472 0.8209139 0.9599663 1.056616 1.163071 1.078655 1.182208 1.337927 1.441481 1.649366 1.554103 1.45055 1.332801 1.139112 1.073528 1.009476 1.03709 1.103757 1.170423 1.23709 1.395423 1.555288 1.805288 2.003123 2.253123 2.503122 2.714309 2.570375 2.341475 2.016475 1.912922 1.751974 1.501974 1.342109 1.183776 1.117109 1.050442 1.113412 1.046745 0.9811616 0.8581836 0.6983188 0.5399855 0.4733189
2.915745 3.075161 3.008495 2.924079 3.058698 3.163131 3.29775 3.220136 3.085517 2.94385 2.710229 2.512395 2.262395 2.064561 1.814561 1.616726 1.366726 1.26209 1.103757 1.073528 0.9151947 0.8875805 1.120914 1.381616 1.413071 1.328655 1.432208 1.535762 1.691481 1.795034 1.804103 1.686354 1.492665 1.389112 1.233393 1.167809 1.195423 1.261007 1.198038 1.264704 1.331371 1.489704 1.649569 1.899569 2.149569 2.399569 2.55859 2.360756 2.110756 1.912922 1.662922 1.596255 1.43639 1.278057 1.21139 1.27436 1.208776 1.27436 1.296745 1.211737 1.013903 0.7639027 0.604038 0.4457046
2.665745 2.675162 2.608495 2.599079 2.847548 2.763131 2.897751 2.937886 2.803267 2.748241 2.613622 2.399426 2.23374 2.05396 1.894095 1.606126 1.356371 1.198038 1.170423 1.139112 0.9818614 1.045914 1.111498 1.436498 1.663071 1.578655 1.682208 1.785762 1.889315 2.045034 2.039907 1.846219 1.742665 1.586946 1.483393 1.417809 1.445423 1.421955 1.356371 1.421955 1.358985 1.425652 1.583985 1.833985 2.083985 2.333985 2.455037 2.205037 2.007203 1.757203 1.597338 1.439005 1.372338 1.305671 1.369723 1.435307 1.458776 1.52436 1.546745 1.367456 1.117456 0.9196218 0.6696218 0.509757
2.508495 2.441828 2.375162 2.438131 2.447547 2.438131 2.535517 2.537886 2.403267 2.348241 2.213622 2.12171 1.83374 1.73709 1.594341 1.434476 1.276142 1.209476 1.142809 1.076142 1.048528 1.205779 1.361498 1.571117 1.814561 1.828655 1.932208 2.035762 2.139315 2.242868 2.199772 2.096219 2.046566 1.911946 1.808393 1.742809 1.695423 1.671955 1.606371 1.582902 1.517319 1.453266 1.5866 1.8116 2.0616 2.3116 2.299318 2.101484 1.851484 1.691619 1.533285 1.466619 1.529588 1.464004 1.529588 1.685307 1.708776 1.77436 1.721009 1.471009 1.273175 1.023175 0.8253409 0.5753409
2.741828 2.580881 2.347547 2.280881 2.214214 2.353266 2.210517 2.219933 2.078267 2.138622 1.888622 1.821955 1.66209 1.503757 1.43709 1.370423 1.303757 1.366726 1.300059 1.234476 1.115195 1.142809 1.301142 1.461007 1.786007 2.153655 2.257208 2.285762 2.389315 2.567868 2.524772 2.421219 2.446566 2.311946 2.208393 2.142809 2.020423 1.996955 1.931371 1.907902 1.753266 1.519933 1.641828 1.802776 2.002776 2.227776 2.173379 1.945765 1.7859 1.627566 1.5609 1.624952 1.690536 1.714004 1.779588 1.883142 1.958776 1.919622 1.669622 1.419622 1.169622 0.9196218 0.6696218 0.509757
3.07753 2.677531 2.580881 2.419933 2.1866 2.119933 2.053267 1.9866 1.919933 1.982903 1.823038 1.664705 1.598038 1.531371 1.464704 1.527674 1.46209 1.527674 1.550059 1.339112 1.273528 1.209476 1.23709 1.395423 1.720423 2.081574 2.481574 2.610762 2.714315 2.848934 3.224772 3.121219 2.846566 2.711946 2.608393 2.542809 2.420423 2.396955 2.298833 2.010864 1.819933 1.5866 1.614214 1.772547 1.997547 2.197547 2.055181 1.855181 1.721847 1.655181 1.719233 1.784817 1.940536 1.964004 2.029588 2.133142 2.104038 1.854038 1.604038 1.354038 1.104038 0.854038 0.604038 0.4457046
3.243216 3.07753 2.916583 2.516583 2.419933 2.258986 2.025652 1.958986 1.892319 1.825652 1.758986 1.692319 1.755288 1.764704 1.623038 1.688622 1.71209 1.852674 1.798731 1.664112 1.539459 1.367809 1.303757 1.461007 1.621955 1.946955 2.175855 2.575855 2.736803 2.902488 3.302488 3.412251 3.246566 2.965111 2.799426 2.619646 2.459781 2.171812 1.999079 1.839214 1.680881 1.653266 1.772547 1.838131 2.088131 2.315745 2.135409 1.910409 1.843742 1.721847 1.879098 1.890536 1.824952 1.890536 1.914005 2.017558 2.001974 1.791517 1.541517 1.291517 1.041517 0.7915169 0.6316522 0.4733189
3.643216 3.47753 3.082268 2.916583 2.755636 2.355636 2.258986 2.192319 2.125652 2.058985 1.992319 1.850652 2.022302 2.082657 1.873038 1.938622 2.03709 2.065643 2.198731 2.064112 1.827428 1.527674 1.370423 1.398038 1.556371 1.716236 2.041236 2.202183 2.336803 2.736803 3.136803 3.102776 2.960373 2.687395 2.399426 2.302776 2.160027 2.000162 1.841828 1.775162 1.747547 1.8116 1.877184 2.088131 2.191684 2.441684 2.228607 2.135409 1.945765 1.788514 1.799952 1.733286 1.666619 1.729588 1.664005 1.835654 1.751974 1.725933 1.475933 1.225933 0.9759331 0.7259331 0.5675998 0.5399855
4.043216 3.647954 3.482268 3.316583 2.921321 2.755636 2.658986 2.592319 2.525652 2.458985 2.310272 2.175652 2.310272 2.332657 2.198038 2.263622 2.292175 2.390643 2.525263 2.319341 1.919341 1.594341 1.528757 1.464704 1.492319 1.650652 1.810517 1.877183 2.202183 2.602183 2.799426 2.702776 2.560373 2.463723 2.227776 2.069443 2.002776 1.936109 1.869443 1.933495 1.905881 1.971465 2.202183 2.336803 2.516685 2.545238 2.478607 2.262431 2.012431 1.946847 1.957203 1.797338 1.639005 1.572338 1.505671 1.568641 1.501974 1.51139 1.501974 1.291517 1.041517 0.7915169 0.6342664 0.6983188
4.213639 4.047954 3.882268 3.487006 3.321321 3.155636 3.058986 2.992319 2.925653 2.858985 2.710271 2.575652 2.710271 2.732657 2.598038 2.663621 2.617175 2.751794 2.85396 2.45396 2.05396 1.844341 1.688622 1.623038 1.558985 1.5866 1.653266 1.8116 2.07753 2.47753 2.399426 2.302776 2.29336 2.23039 2.163723 2.097057 2.236109 2.09336 2.027776 2.09336 2.155881 2.221465 2.431084 2.736803 2.902488 2.795238 2.615985 2.365985 2.337431 2.271847 2.187922 1.862922 1.796255 1.63639 1.478057 1.41139 1.344724 1.278057 1.341026 1.275442 1.108184 0.8581836 0.7009331 0.8410503
4.613639 4.447954 4.052691 3.887006 3.721321 3.555636 3.458986 3.392319 3.325653 3.258986 3.110271 2.975652 3.110271 3.132657 2.998038 3.063622 3.017175 3.151794 3.019645 2.619645 2.30396 2.148241 2.013622 1.782902 1.717319 1.744933 1.680881 1.747547 1.980881 2.141828 2.208495 2.069443 2.136109 2.202776 2.397057 2.33039 2.42704 2.34336 2.277776 2.34336 2.405881 2.471465 2.681084 3.381084 3.254857 3.075604 2.825604 2.615985 2.737432 2.671847 2.322541 2.112922 2.09601 1.80804 1.71139 1.644724 1.483776 1.250443 1.183776 1.117109 1.17485 0.9248502 0.7675998 0.9248502
5.013639 4.618377 4.346626 4.180941 4.121321 3.880636 3.783986 3.792319 3.725653 3.658986 3.510272 3.375652 3.510272 3.532657 3.398038 3.463622 3.417175 3.551794 3.18533 2.869645 2.70396 2.548241 2.242522 2.107903 1.967319 1.904798 1.839214 1.775162 1.841828 1.908495 1.975162 2.041828 2.275162 2.436109 2.957023 3.03039 2.802979 2.59336 2.527776 2.59336 2.655881 2.721465 3.346465 3.671033 3.641289 3.391289 3.075604 2.940985 2.969538 2.888227 2.572541 2.362922 2.267659 2.50804 2.11139 2.344724 2.00469 1.483776 1.247828 1.089495 1.022828 0.9915169 0.8342664 0.8973616
5.184062 4.806245 4.64056 4.50594 4.23419 4.130636 4.108986 4.192319 4.125653 4.058986 3.910272 3.775652 3.910272 3.932657 3.798038 3.863622 3.817175 3.751016 3.43533 3.269645 3.10396 2.808207 2.642522 2.426938 2.292319 2.154798 2.075161 1.841828 1.869442 2.027776 2.132412 2.275162 2.796076 2.836109 3.001794 3.701794 3.052979 2.84336 2.777776 2.84336 2.980881 3.046465 3.181084 3.881084 3.956975 4.065554 3.475604 3.640985 3.294538 3.043946 3.17826 2.62826 2.411593 2.276974 2.212778 2.347092 1.867312 1.563412 1.313412 1.153547 0.995214 0.9285473 0.8999759 0.8333092
5.371931 5.206245 5.04056 4.693809 4.559189 4.455636 4.508986 4.592319 4.525653 4.458986 4.310272 4.175653 4.310272 4.332657 4.198038 4.263622 4.217175 4.001016 3.83533 3.669645 3.373892 3.208207 2.992623 2.826938 2.614417 2.479798 2.171811 2.000162 1.936109 2.09336 2.360373 2.592031 2.840847 3.236109 3.401794 3.991744 3.302979 3.09336 3.027776 3.16836 3.302979 3.746465 3.581084 3.746769 4.14677 4.041289 3.875604 4.284488 3.57826 2.87826 2.47826 2.22826 2.093641 1.951974 1.935062 1.647092 1.550443 1.407693 1.247828 1.089495 1.022828 0.9942568 0.9275901 0.8999759
5.771931 5.606246 5.259494 5.093809 4.959189 4.855636 4.908986 4.99232 4.925653 4.858986 4.710272 4.575653 4.710272 4.732657 4.598038 4.663622 4.566701 4.401016 4.235331 3.939578 3.773892 3.376549 2.976549 2.879899 2.976549 2.737497 2.459781 2.236109 2.002776 2.03039 2.188723 2.513723 2.913723 3.313724 3.647954 4.071913 3.446913 3.34336 3.352776 3.487395 4.002979 3.868664 3.981084 4.446769 4.312455 4.741289 4.275604 4.143945 3.443945 2.996805 2.322541 2.018641 1.768641 1.701974 1.635307 1.475443 1.317109 1.250443 1.183776 1.117109 1.181162 1.151507 0.9942568 0.9666426
6.171931 5.82518 5.659494 5.493809 5.35919 5.255636 5.308986 5.39232 5.325653 5.258986 5.110272 4.975653 5.110272 5.132658 4.923038 4.988622 4.966701 4.801016 4.479899 4.079899 3.679899 3.279899 2.879899 2.646566 2.785618 2.718952 2.652285 2.332759 2.236109 2.097057 2.254307 2.521321 2.921321 3.082268 3.672218 4.072218 3.771913 3.66836 3.752776 3.887395 4.477345 4.268664 4.681084 4.546769 4.712455 4.84129 4.462287 3.762287 3.362288 2.737922 2.112922 1.862922 1.703057 1.544724 1.478057 1.41139 1.344724 1.407693 1.341026 1.275442 1.341026 1.218174 1.060923 1.124976
6.390865 6.22518 6.059494 5.893809 5.75919 5.655636 6.008986 5.79232 5.725653 5.658986 5.510272 5.375653 5.510272 5.276591 5.173038 5.238622 5.252285 4.852285 4.452285 4.052285 3.652285 3.252285 2.852285 2.618952 2.552285 2.485618 2.418952 2.352285 2.397057 2.163723 2.191338 2.424671 2.585618 2.682268 3.082268 3.482268 3.882268 4.06836 4.152776 4.587395 4.877345 4.968664 5.258614 4.946769 5.112454 5.027973 4.472338 3.472338 2.772338 2.372338 2.047338 1.797338 1.639005 1.572338 1.635307 1.568641 1.503057 1.568641 1.446871 1.288538 1.221871 1.155204 1.12759 1.284841
6.397058 6.330391 6.263724 6.293809 6.15919 6.055636 6.221322 6.19232 6.125653 6.058986 5.910272 5.775653 5.736211 5.601591 5.423038 5.529899 5.129899 4.729899 4.404899 4.079899 3.679899 3.279899 2.879899 2.646566 2.579899 2.718952 2.483004 2.324671 2.258004 2.23039 2.258004 2.285619 2.352285 2.585618 2.985619 3.385619 3.785619 4.185619 4.552776 4.895556 5.185506 5.350886 5.936719 5.346769 5.812454 5.427973 4.762287 3.762287 3.362288 2.931221 2.256957 1.968988 1.872338 1.730671 1.796255 1.818641 1.701017 1.63435 1.474485 1.316152 1.379122 1.313538 1.285923 1.351507
5.997057 5.930391 5.863724 5.960374 6.12606 6.238479 6.404164 6.569849 6.525653 6.458986 6.310272 6.175653 6.136211 5.882658 5.748038 5.664519 5.264519 4.864519 4.57655 4.176549 3.776549 3.376549 2.976549 2.879899 2.813233 2.909883 2.654654 2.558004 2.491338 2.297056 2.324671 2.352285 2.3799 2.613233 3.013233 3.413233 3.813233 4.213233 4.361241 4.195556 4.360937 4.650887 5.511038 5.179093 5.313407 5.179093 4.922643 4.222643 3.522643 2.822643 2.534673 2.668988 2.190291 1.928631 1.861965 1.795298 1.635433 1.4771 1.410433 1.382819 1.410433 1.563538 1.535923 1.601507
5.597057 5.530391 5.463724 5.560374 5.726059 5.838479 6.004164 6.169849 6.335535 6.50122 6.666905 6.575653 6.448343 6.282658 6.148038 5.830204 5.430204 5.142235 4.742235 4.342235 3.942235 3.542234 3.376549 3.279899 3.213233 3.220339 3.054654 2.958004 2.62704 2.53039 2.558004 2.418952 2.446566 2.679899 3.079899 3.479899 3.8799 4.2799 4.111241 3.795556 3.660937 4.21982 4.511038 4.800987 4.613408 4.779093 5.2074 4.812593 3.812592 3.297912 2.597912 2.272912 2.022912 1.863047 1.704714 1.638047 1.571381 1.504714 1.568766 1.541152 1.4771 1.504714 1.571381 1.638047
5.197057 5.130391 5.063724 5.160374 5.326059 5.438479 5.604164 5.769849 5.935534 6.10122 6.266905 6.666905 6.848343 6.682658 6.395889 5.995889 5.70792 5.30792 4.90792 4.50792 4.10792 3.942235 3.776549 3.679899 3.613233 3.620339 3.454654 3.192725 3.32704 2.93039 3.173199 2.652285 2.679899 2.670483 2.995483 3.395483 3.795484 4.111241 3.861241 3.545556 3.335937 3.545556 3.811038 4.400988 4.213408 4.679092 4.2074 3.917451 3.782832 3.323259 2.623259 2.223259 1.957328 1.798995 1.732328 1.795298 1.728631 1.663047 1.728631 1.701017 1.635433 1.663047 1.728631 1.795298
