LSCAM_InData/LSCAM_InData/accessibilitygeneralcambodia.asc
ncols         292
nrows         251
xllcorner     800180
yllcorner     -2175230
cellsize      2000
NODATA_value  -9999
[rows 87 to 115 of 251, columns 0 to 63 of 292]
-9999 -9999 -9999 -9999 -9999 -9999 -9999 -9999 -9999 -9999 -9999 -9999 -9999 0.4489172 0.3833333 0.4109476 0.3859476 0.2276143 0.2 0.3572505 0.5681981 0.3535534 0.25 0.3535534 0.3166667 0.2526142 0.3181981 0.3218952 0.3609476 0.4161761 0.318198 0.225 0.225 0.3468951 0.1885618 0.1333333 0.2239171 0.06666667 0.2239171 0.225 0.06666667 0 0.1583333 0.4083333 0.25 0 0.25 0.5 0.75 0.5405838 0.2905838 0.2239171 0.06666667 0.09428091 0.2526142 0.5026143 0.7526143 0.7071068 0.6035534 0.5 0.5666667 0.4739171 0.2239171 0.1583333
-9999 -9999 -9999 -9999 -9999 -9999 -9999 -9999 -9999 -9999 -9999 -9999 0.4478343 0.3822505 0.225 0.2526142 0.3192809 0.2942809 0.3583333 0.4239172 0.5 0.25 0 0.25 0.4765314 0.4109476 0.3468951 0.3885618 0.4161761 0.4828427 0.5 0.25 0 0.25 0.25 0.1333333 0.06666667 0 0.06666667 0.1333333 0.09428091 0.1583333 0.2239171 0.4739171 0.3535534 0.25 0.3535534 0.6035534 0.725 0.475 0.225 0.06666667 0 0.1583333 0.3181981 0.5681981 0.75 0.8535534 0.8535534 0.75 0.8166667 0.5774705 0.4739171 0.4083333
-9999 -9999 -9999 -9999 -9999 -9999 -9999 -9999 0.4786471 0.4905838 0.4239171 0.3572505 0.2905838 0.2239171 0.1583333 0.3166667 0.4765314 0.4526142 0.5181981 0.6739172 0.6035534 0.3535534 0.25 0.3535534 0.6035534 0.3535534 0.25 0.3535534 0.5745094 0.6400932 0.6035534 0.3535534 0.25 0.25 0 0.25 0.2239171 0.06666667 0.2239171 0.2905838 0.25 0 0.25 0.5 0.6035534 0.5 0.6035534 0.7071068 0.7526143 0.5026143 0.2526142 0.09428091 0.1583333 0.2239171 0.4739171 0.6035534 0.5 0.6035534 0.7071068 0.8535534 0.75 0.8274705 0.7239171 0.6035534
-9999 0.65 0.6989172 0.5405838 0.4739171 0.4083333 0.4739171 0.5405838 0.5489171 0.4833333 0.5811676 0.514501 0.4478343 0.25 0 0.25 0.5 0.7026142 0.7681981 0.6035534 0.3535534 0.25 0.3535534 0.6035534 0.5 0.25 0 0.25 0.5 0.75 0.7071068 0.6035534 0.3535534 0.25 0.25 0.3535534 0.2905838 0.1333333 0.2905838 0.5 0.25 0 0.25 0.5 0.6035534 0.7071068 0.8535534 0.8535534 0.75 0.5681981 0.3181981 0.1609476 0.3181981 0.4739171 0.5774705 0.3535534 0.25 0.3535534 0.6035534 0.6035534 0.5 0.6035534 0.7071068 0.7071068
0.3535534 0.325 0.4596194 0.325 0.3535534 0.25 0.3535534 0.6035534 0.4596194 0.325 0.4596194 0.7096194 0.6035534 0.3535534 0.25 0.3535534 0.6035534 0.8535534 0.75 0.5 0.25 0 0.25 0.4478343 0.6035534 0.3535534 0.25 0.3535534 0.6035534 0.8535534 0.75 0.5 0.25 0 0.25 0.4489172 0.3572505 0.2 0.25 0.3535534 0.3535534 0.25 0.3535534 0.25 0.3535534 0.6035534 0.7071068 0.6035534 0.5 0.6035534 0.3848647 0.2276143 0.3848647 0.6348647 0.5 0.25 0 0.25 0.5 0.3535534 0.25 0.3535534 0.6035534 0.8535534
-9999 0 0.25 0 0.25 0 0.325 0.725 0.4 0 0.4 0.6785533 0.7071068 0.6035534 0.5 0.6035534 0.7071068 0.9571068 0.8535534 0.6035534 0.3535534 0.25 0.2239171 0.3822505 0.5421152 0.5052285 0.4776142 0.543198 0.6989172 0.6035534 0.5 0.6035534 0.3535534 0.25 0.3535534 0.2916667 0.225 0.1583333 0 0.25 0.5 0.5 0.25 0 0.25 0.5 0.6035534 0.3535534 0.25 0.3535534 0.4515314 0.2942809 0.4515314 0.7015314 0.6035534 0.3535534 0.25 0.3535534 0.5 0.25 0 0.25 0.5 0.75
-9999 -9999 0.3535534 0.25 0.3535534 0.25 0.4596194 0.8596194 0.5656854 0.325 0.325 0.4596194 0.6785533 0.8535534 0.75 0.8535534 0.9571068 1.06066 0.9571068 0.7071068 0.6035534 0.4478343 0.2905838 0.3181981 0.3848647 0.3468951 0.3192809 0.3833333 0.4489172 0.3535534 0.25 0.3535534 0.6035534 0.5 0.3859476 0.3192809 0.3166667 0.1583333 0 0.25 0.5 0.6035534 0.3535534 0.25 0.3535534 0.6035534 0.5 0.25 0 0.25 0.3885618 0.3609476 0.5181981 0.7681981 0.7071068 0.6035534 0.5 0.6035534 0.6035534 0.3535534 0.25 0.3535534 0.6035534 0.7071068
-9999 -9999 0.6035534 0.575 0.6785533 0.575 0.7096194 0.9 0.575 0.325 0 0.325 0.575 0.825 1 1.103553 1.207107 1.31066 1.06066 0.9571068 0.764501 0.514501 0.4489172 0.4765314 0.5421152 0.4109476 0.2526142 0.225 0.3822505 0.25 0 0.25 0.5 0.4 0.4135618 0.4776142 0.3822505 0.2239171 0.25 0.25 0.3535534 0.6035534 0.6035534 0.5 0.6035534 0.7071068 0.6035534 0.3535534 0.25 0.3535534 0.4552285 0.5192809 0.5848647 0.8348647 0.9571068 0.8535534 0.75 0.8535534 0.7071068 0.6035534 0.5 0.6035534 0.7071068 0.6035534
-9999 -9999 0.8535534 0.9 1.003553 0.9 1.075 0.75 0.5 0.25 0 0.25 0.5 0.75 0.8535534 0.9571068 1.06066 1.31066 1.31066 1.118054 0.8680544 0.764501 0.6989172 0.7265314 0.7265314 0.4765314 0.3166667 0.1583333 0.2239171 0.3535534 0.25 0.3535534 0.4905838 0.3333333 0.4905838 0.6374789 0.4478343 0.2905838 0.25 0 0.25 0.5 0.6035534 0.7071068 0.75 0.8535534 0.7071068 0.6035534 0.5 0.6035534 0.5218952 0.6791456 0.8348647 0.9384181 1.188418 1.103553 1 1.06066 0.9571068 0.8535534 0.75 0.8535534 0.75 0.5
-9999 -9999 1.103553 1.15 1.253553 1.15 1 0.75 0.5 0.25 0 0.25 0.5 0.5 0.6035534 0.7071068 0.9571068 1.207107 1.457107 1.221608 1.118054 1.014501 0.9489172 0.9765314 0.75 0.5 0.25 0 0.1583333 0.3166667 0.4765314 0.6035534 0.4239172 0.2666667 0.4239172 0.6739172 0.4489172 0.2905838 0.2239171 0.25 0.3535534 0.25 0.3535534 0.6035534 0.5 0.6035534 0.7071068 0.8535534 0.75 0.7458123 0.6802285 0.7458123 0.9958123 1.188418 1.275305 1.025305 0.9217514 0.818198 0.725 0.818198 0.9217514 1.025305 0.8535534 0.6035534
-9999 -9999 1.353553 1.4 1.282107 1.032107 0.9285533 0.75 0.5 0.25 0 0.25 0.3535534 0.25 0.3535534 0.6035534 0.8535534 1.103553 1.353553 1.471608 1.368054 1.264501 1.198917 0.9571068 0.7071068 0.6035534 0.3535534 0.25 0.2239171 0.2526142 0.4109476 0.4791456 0.3572505 0.2 0.3572505 0.6072505 0.514501 0.4478343 0.2905838 0.4478343 0.25 0 0.25 0.3535534 0.25 0.3535534 0.6035534 0.8535534 0.9571068 0.9958123 0.9302285 0.9958123 1.099366 1.349366 1.171751 0.9217514 0.6717514 0.568198 0.475 0.568198 0.6717514 0.8717514 0.9571068 0.7071068
-9999 -9999 1.678553 1.538173 1.403553 1.003553 0.6785533 0.575 0.6035534 0.3535534 0.25 0.4596194 0.25 0 0.25 0.5 0.75 1 1.25 1.5 1.603553 1.353553 1.103553 0.8535534 0.6035534 0.3535534 0.25 0.3535534 0.2905838 0.3181981 0.2552285 0.3181981 0.2526142 0.1333333 0.2905838 0.5405838 0.5181981 0.4526142 0.3572505 0.3848647 0.3535534 0.25 0.3535534 0.25 0 0.25 0.5 0.6035534 0.7071068 0.9571068 1.180228 1.245812 1.349366 1.318198 1.068198 0.818198 0.568198 0.318198 0.225 0.318198 0.518198 0.768198 1.018198 0.9571068
-9999 -9999 1.803553 1.403553 1.078553 0.9656854 0.5656854 0.325 0.3535534 0.25 0.3535534 0.6035534 0.4596194 0.25 0.3535534 0.6035534 0.8535534 1.103553 1.353553 1.603553 1.414214 1.25 1 0.75 0.5 0.25 0 0.25 0.4489172 0.3859476 0.2276143 0.1609476 0.09428091 0.06666667 0.2239171 0.2905838 0.3572505 0.2942809 0.3609476 0.4276142 0.4739171 0.4083333 0.4739171 0.3535534 0.25 0.3535534 0.25 0.3535534 0.6035534 0.8535534 1.06066 1.31066 1.25 1.225 0.975 0.725 0.475 0.225 0 0.2 0.425 0.675 0.925 1.118054
-9999 -9999 1.7 1.3 0.975 0.725 0.4 0 0.325 0 0.25 0.5 0.6035534 0.5 0.6035534 0.7071068 0.9571068 1.207107 1.457107 1.56066 1.31066 1.06066 0.9571068 0.8535534 0.6035534 0.3535534 0.25 0.3535534 0.6035534 0.4515314 0.2916667 0.1333333 0.06666667 0 0.06666667 0.1333333 0.2 0.2666667 0.425 0.5848647 0.5026143 0.475 0.6322504 0.6035534 0.5 0.25 0 0.25 0.5 0.7071068 0.9571068 1.103553 1 1.103553 1.007843 0.7578427 0.5078427 0.2828427 0.2 0.318198 0.518198 0.768198 1.018198 1.221608
-9999 -9999 1.834619 1.434619 1.034619 0.7096194 0.4596194 0.325 0.325 0 0.325 0.5 0.6035534 0.7071068 0.9285534 0.9571068 1.06066 1.31066 1.56066 1.457107 1.207107 0.9571068 0.7071068 0.6035534 0.5 0.6035534 0.5 0.6035534 0.6348647 0.3848647 0.3192809 0.1609476 0.2239171 0.1583333 0.2239171 0.2905838 0.3572505 0.4239172 0.475 0.5405838 0.6374789 0.4802285 0.6374789 0.7041456 0.6035534 0.3535534 0.25 0.25 0.3535534 0.6035534 0.8535534 0.8535534 0.75 0.8535534 0.943198 0.7906854 0.5656854 0.4828427 0.425 0.518198 0.6717514 0.8717514 1.121751 1.371751
-9999 -9999 1.938173 1.538173 1.138173 0.8131728 0.6785533 0.575 0.3535534 0.25 0.3535534 0.25 0.3535534 0.6035534 0.8535534 1.178553 1.31066 1.414214 1.603553 1.353553 1.103553 0.8535534 0.6035534 0.3535534 0.25 0.3535534 0.6035534 0.8181981 0.5681981 0.3181981 0.1609476 0.1885618 0.3468952 0.4083333 0.4739171 0.4739171 0.4083333 0.2905838 0.225 0.2905838 0.45 0.4135618 0.4802285 0.6385618 0.7071068 0.5 0.25 0 0.25 0.5 0.7071068 0.6035534 0.5 0.6035534 0.7071068 0.625 0.7078427 0.7078427 0.675 0.768198 0.8717514 1.025305 1.225305 1.475305
-9999 -9999 2.072792 1.672792 1.272792 1.138173 0.9285533 0.7071068 0.6785533 0.5 0.25 0 0.25 0.5 0.75 1 1.25 1.5 1.5 1.25 1 0.75 0.5 0.25 0 0.25 0.5 0.75 0.5026143 0.2526142 0.09428091 0.1583333 0.2239171 0.2905838 0.2905838 0.2239171 0.1583333 0.2239171 0.06666667 0.1885618 0.225 0.318198 0.518198 0.7041456 0.8535534 0.6035534 0.3535534 0.25 0.3535534 0.6035534 0.6035534 0.3535534 0.25 0.3535534 0.543198 0.425 0.543198 0.7071068 0.925 1 1.103553 1.207107 1.31066 1.414214
-9999 -9999 2.238477 1.838477 1.672792 1.388173 1.166726 0.9571068 0.8535534 0.6035534 0.3535534 0.25 0.3535534 0.6035534 0.8535534 1.103553 1.353553 1.603553 1.603553 1.353553 1.103553 0.8535534 0.6035534 0.3535534 0.25 0.3535534 0.6035534 0.725 0.475 0.225 0.06666667 0 0.06666667 0.1333333 0.1333333 0.06666667 0 0.06666667 0 0.1583333 0 0.25 0.475 0.675 0.9 0.7071068 0.6035534 0.3535534 0.25 0.3535534 0.5 0.25 0 0.25 0.318198 0.225 0.3535534 0.6035534 0.8535534 0.75 0.8535534 0.9571068 1.06066 1.31066
-9999 -9999 2.227386 2.092767 1.953858 1.63566 1.31066 1.075 0.75 0.5 0.25 0 0.25 0.5 0.75 1 1.25 1.5 1.473917 1.408333 1.207107 0.9571068 0.7071068 0.6035534 0.5 0.4739171 0.510457 0.5734265 0.5026143 0.2526142 0.09428091 0.06666667 0.2239171 0.25 0 0.2239171 0.1583333 0.09428091 0.1583333 0.2239171 0.25 0.3535534 0.6035534 0.625 0.743198 0.75 0.5 0.25 0 0.25 0.5 0.3535534 0.225 0.318198 0.225 0 0.25 0.5 0.6035534 0.5 0.6035534 0.7071068 0.9571068 1.207107
-9999 -9999 -9999 1.767767 1.664214 1.63566 1.428553 1.103553 0.9285534 0.6035534 0.3535534 0.25 0.3535534 0.6035534 0.7071068 0.9571068 1.207107 1.327471 1.223917 1.158333 1.082699 0.9269799 0.8234265 0.7578427 0.6978343 0.5405838 0.4828427 0.4161761 0.3495094 0.3181981 0.1609476 0.1333333 0.2905838 0.3535534 0.25 0.3535534 0.3181981 0.1609476 0.3181981 0.4739171 0.5 0.6035534 0.543198 0.425 0.543198 0.6363961 0.6035534 0.3535534 0.25 0.3535534 0.6035534 0.543198 0.425 0.543198 0.3535534 0.25 0.3535534 0.6035534 0.3535534 0.25 0.3535534 0.6035534 0.8535534 1.103553
-9999 -9999 -9999 1.664214 1.414214 1.31066 1.282107 1.103553 0.9571068 0.7071068 0.6035534 0.3535534 0.25 0.3535534 0.6035534 0.8535534 1.103553 1.077471 0.9739171 0.9083333 0.8326991 0.7291456 0.5734265 0.5078427 0.5734265 0.510457 0.6400932 0.4802285 0.3218952 0.2552285 0.2276143 0.2916667 0.3572505 0.6035534 0.5 0.4135618 0.2552285 0.2276143 0.3848647 0.6348647 0.75 0.6035534 0.3535534 0.225 0.318198 0.543198 0.7071068 0.6035534 0.5 0.6035534 0.543198 0.318198 0.225 0.3535534 0.6035534 0.5 0.6035534 0.5 0.25 0 0.25 0.5 0.75 1
-9999 -9999 -9999 -9999 1.31066 1.06066 0.9571068 0.8535534 0.75 0.75 0.5 0.25 0 0.25 0.5 0.75 0.931024 0.8274705 0.7239171 0.6583333 0.6348647 0.4791456 0.4135618 0.3495094 0.4161761 0.4828427 0.6348647 0.3848647 0.3192809 0.2552285 0.3859476 0.4515314 0.6072505 0.6087819 0.4489172 0.2905838 0.2239171 0.25 0.3535534 0.6035534 0.75 0.5 0.25 0 0.225 0.45 0.6035534 0.3535534 0.25 0.3535534 0.425 0.225 0 0.25 0.5 0.75 0.8535534 0.6035534 0.3535534 0.25 0.3535534 0.6035534 0.7071068 0.9571068
-9999 -9999 -9999 -9999 1.207107 0.9571068 0.7071068 0.6035534 0.5 0.6035534 0.6035534 0.3535534 0.25 0.3535534 0.6035534 0.8535534 0.8274705 0.5774705 0.4739171 0.4083333 0.3848647 0.3192809 0.2552285 0.3218952 0.3885618 0.4478343 0.4739171 0.3181981 0.1609476 0.1885618 0.3468952 0.5968952 0.793198 0.543198 0.3848647 0.3181981 0.25 0 0.25 0.5 0.75 0.6035534 0.3535534 0.25 0.318198 0.543198 0.3535534 0.25 0 0.25 0.318198 0.25 0.25 0.3535534 0.6035534 0.8535534 0.9571068 0.7071068 0.6035534 0.3535534 0.25 0.3535534 0.6035534 0.8535534
-9999 -9999 -9999 -9999 -9999 0.8535534 0.6035534 0.3535534 0.25 0.3535534 0.6035534 0.6035534 0.5 0.6035534 0.7071068 0.7384181 0.6348647 0.4739171 0.2239171 0.1583333 0.2239171 0.1609476 0.2276143 0.3859476 0.4161761 0.4739171 0.2239171 0.1583333 0.09428091 0.2526142 0.412479 0.6624789 0.8208123 0.5708123 0.412479 0.4765314 0.3535534 0.25 0.3535534 0.6035534 0.8535534 0.6035534 0.3535534 0.25 0.318198 0.475 0.25 0 0 0.2 0.225 0 0.25 0.5 0.6035534 0.7071068 0.9571068 0.75 0.5 0.25 0 0.25 0.5 0.6035534
-9999 -9999 -9999 -9999 -9999 0.75 0.5 0.25 0 0.25 0.3535534 0.5681981 0.5026143 0.475 0.5405838 0.5692809 0.3848647 0.3181981 0.1583333 0 0.06666667 0.1333333 0.2916667 0.3218952 0.3885618 0.3181981 0.1583333 0 0.06666667 0.225 0.475 0.725 0.9613961 0.6363961 0.4791456 0.6363961 0.6035534 0.5 0.6035534 0.7071068 0.75 0.5 0.25 0 0.25 0.4 0.2 0 0.1333333 0 0.225 0 0.25 0.25 0.3535534 0.6035534 0.8535534 0.8535534 0.6035534 0.3535534 0.25 0.3535534 0.6035534 0.3535534
-9999 -9999 -9999 -9999 -9999 0.8535534 0.6035534 0.3535534 0.25 0 0.25 0.3181981 0.2526142 0.225 0.2905838 0.3192809 0.3192809 0.1609476 0.09428091 0.06666667 0.2239171 0.2905838 0.3572505 0.3885618 0.412479 0.2526142 0.09428091 0.06666667 0.2239171 0.2905838 0.5405838 0.7905838 0.9899495 0.7791456 0.5458123 0.7030628 0.7067599 0.641176 0.7067599 0.7302285 0.7958123 0.6035534 0.3535534 0.25 0.3535534 0.25 0.2905838 0.1583333 0 0 0.2 0.25 0.25 0 0.25 0.5 0.75 0.9571068 0.7071068 0.6035534 0.5 0.6035534 0.5 0.25
-9999 -9999 -9999 -9999 -9999 -9999 0.514501 0.4478343 0.3166667 0.1583333 0.2239171 0.1609476 0.09428091 0.06666667 0.2239171 0.1609476 0.2276143 0.1885618 0.2526142 0.225 0.2905838 0.4791456 0.4161761 0.3771236 0.3468952 0.1885618 0.1609476 0.225 0.2905838 0.5405838 0.6441372 0.8941372 1.144137 0.8458123 0.612479 4.582843 0.5495094 0.4828427 0.5458123 0.4802285 0.5458123 0.7071068 0.6035534 0.5 0.25 0 0.2239171 0.06666667 0.06666667 0.2239171 0.2828427 0.475 0.318198 0.25 0.3535534 0.6035534 0.8535534 1.06066 0.9571068 0.8535534 0.75 0.8535534 0.6035534 0.3535534
-9999 -9999 -9999 -9999 -9999 -9999 -9999 0.2905838 0.2239171 0.1583333 0.3166667 0.3181981 0.1583333 0 0.06666667 0.1333333 0.2916667 0.3468952 0.2916667 0.2276143 0.2552285 0.3218952 0.3885618 0.3495094 0.2828427 0.2552285 0.3192809 0.3848647 0.5405838 0.6441372 0.8941372 0.9976906 1.086396 0.8363961 0.7708123 4.895812 0 0.4552285 0.3885618 0.3218952 0.4609476 0.5575974 0.4739171 0.3181981 0.2526142 0.1333333 0.06666667 0 0.1583333 0.2905838 0.3535534 0.25 0.225 0.318198 0.518198 0.7071068 0.9571068 1.207107 1.207107 1.103553 1 0.9571068 0.7071068 0.6035534
-9999 -9999 -9999 -9999 -9999 -9999 -9999 0.3181981 0.25 0 0.25 0.4739171 0.2239171 0.1583333 0.2239171 0.2905838 0.3572505 0.2905838 0.1333333 0.1609476 0.3192809 0.4791456 0.535457 0.3771236 0.4411761 0.4135618 0.4791456 0.6348647 0.7384181 0.8941372 0.9976906 1.247691 1.18995 1.086396 1.020812 4.918198 4.485948 0.4526142 0.5276142 0.2942809 0.2276143 0.2905838 0.2239171 0.1583333 0.09428091 0.1609476 0.2239171 0.1583333 0.2239171 0.4739171 0.25 0 0 0.25 0.475 0.675 0.9 0.9973436 1.147834 1.251388 1.103553 0.8535534 0.6035534 0.3535534
