LSCAM_InData/LSCAM_InData/accessibilityinternationalcambodia.asc
ncols         292
nrows         251
xllcorner     800180
yllcorner     -2175230
cellsize      2000
NODATA_value  -9999
[rows 140 to 167 of 251, columns 128 to 191 of 292]
2.092905 2.196458 2.300011 2.339837 2.33517 2.08517 1.981616 1.733782 1.483782 1.417217 1.259966 1.324019 1.389603 1.545322 1.648875 1.898875 2.148875 2.398875 2.648875 2.832903 2.766236 2.699569 2.562886 2.312886 2.209332 2.016726 1.766726 1.609476 1.728757 1.794341 2.044341 1.888622 1.823038 1.850652 1.7866 1.825652 1.889705 1.955288 2.111007 2.173528 2.111007 2.045424 2.111007 2.177674 2.281228 2.440195 2.372446 2.305779 2.240195 2.028165 1.778165 1.620914 1.5933 1.620914 1.5933 1.565686 1.5933 1.826633 2.03852 1.990195 2.055779 2.122446 2.189112 2.292666
1.842905 1.946458 2.102177 2.089837 2.19339 1.981616 1.731616 1.628063 1.417115 1.259865 1.287479 1.354146 1.342708 1.499958 1.749958 1.999958 2.249958 2.499958 2.749958 2.582903 2.516236 2.449569 2.382903 2.316236 2.250652 2.083393 1.833393 1.676143 1.703757 1.86209 2.11209 2.138622 2.039214 1.880881 1.825652 1.758986 1.731371 1.795424 1.861007 1.923528 1.861007 1.795424 1.861007 1.927674 2.177674 2.190195 2.122446 2.055779 1.990195 1.962581 1.712581 1.554248 1.526633 1.554248 1.732352 1.499019 1.526633 1.684967 1.805779 1.740195 1.805779 1.872446 1.939112 2.189112
1.592905 1.748624 1.852177 1.839837 1.94339 1.878063 1.628063 1.378063 1.312479 1.193198 1.426532 1.509374 1.276041 1.433291 1.683291 1.933291 2.183291 2.433291 2.677184 2.517319 2.358985 2.292319 2.225652 2.158986 2.092319 2.15006 1.90006 1.834476 1.770424 1.927674 2.088622 2.127674 2.023038 1.864705 1.889705 1.731371 1.664705 1.63709 1.701143 1.673528 1.701143 1.63709 1.703757 1.86209 1.966727 1.940195 1.872446 1.805779 1.740195 1.805779 1.778165 1.617217 1.459967 1.561989 1.571405 1.432352 5.426633 5.454247 5.520914 1.581862 1.648529 1.715195 1.873529 2.123528
1.39507 1.498624 1.654343 1.589837 1.69339 1.635696 1.561396 1.311396 1.154146 1.126531 1.359865 1.442708 1.209374 1.366625 1.616625 1.866625 2.116625 2.366625 2.519933 2.453266 2.3866 2.449569 2.382903 2.223038 2.064705 1.998038 1.931371 1.864705 1.83709 1.864705 1.931371 1.970424 1.903757 1.83709 1.770424 1.703757 1.63709 1.570424 1.542809 1.515195 1.542809 1.609476 1.676143 1.74281 1.809476 1.781862 1.806862 1.648529 1.581862 1.644831 1.578165 1.512581 1.3933 1.457352 1.338071 1.365686 1.3933 1.420914 1.487581 5.520914 5.681862 5.748528 5.998528 6.158393
1.14507 1.300789 1.404343 1.339837 1.44339 1.385696 1.44339 1.245812 1.087479 1.059865 1.293198 1.376041 1.142707 1.299958 1.549958 1.799958 2.049958 2.299958 2.549958 2.610517 2.453266 2.469443 2.441828 2.288622 2.221955 2.155289 2.088622 2.023038 1.903757 1.931371 1.958986 2.117319 2.023038 1.864705 1.798038 1.731371 1.794341 1.634476 1.476143 1.448528 1.605779 1.766726 1.833393 1.90006 1.912581 1.754248 1.687581 1.620914 1.554248 1.487581 1.420914 1.354247 1.326633 1.299019 1.271405 1.299019 1.326633 1.484967 1.644831 1.581862 1.648529 1.715195 1.873529 2.033393
0.947236 1.050789 1.19339 1.089837 4.907143 1.135696 1.19339 1.2289 1.05725 0.993198 1.150449 1.140093 1.076041 1.234374 1.484374 1.734374 1.984374 2.234374 2.484374 2.677184 2.6116 2.533495 2.375162 2.438132 2.372548 2.405289 2.338622 2.127674 2.062091 1.998038 1.998038 2.155289 2.088622 2.016726 1.95006 1.883393 1.816726 1.566726 1.501143 1.381862 1.539112 1.694831 1.757352 1.822936 1.926489 1.911498 1.844831 1.778165 1.711498 1.644831 1.578165 1.4183 1.259966 1.232352 1.204738 1.232352 1.390686 1.55055 1.80055 1.740195 1.805779 1.74281 1.809476 1.876143
0.697236 0.8529551 0.9433903 0.8398369 0.7821429 4.714837 0.9433903 1.13225 0.8989171 0.9265314 1.045812 0.9817598 1.048427 1.20676 1.45676 1.70676 1.95676 2.20676 2.45676 2.70676 2.755881 2.505881 2.347548 2.280881 2.214214 2.278267 2.343851 2.366236 2.221955 2.088622 1.931371 2.088622 2.016726 1.766726 1.70006 1.633393 1.566726 1.50006 1.342809 1.315195 1.379247 1.444831 1.507352 1.572936 1.676489 1.926489 2.094831 2.028165 1.961498 1.894831 1.733884 1.483884 1.324019 1.165686 1.138071 1.295322 1.456269 1.706269 1.841481 1.990195 1.966727 1.901143 1.966727 2.033393
0.5373713 0.6029551 0.6933903 0.5898369 0.5321429 0.5898369 0.6933903 0.9217514 0.8322505 0.9515314 0.8874789 0.9541456 1.112479 1.272344 1.522344 1.772344 2.022344 2.272344 2.522344 2.772344 2.821465 2.571465 2.504798 2.344933 2.1866 2.119933 2.182903 2.116236 2.050652 2.021955 1.864705 1.927674 1.861007 1.701143 1.542809 1.476143 1.409476 1.342809 1.276142 1.248528 1.220914 1.284966 1.257352 1.322936 1.572936 1.822936 2.072936 2.278165 2.211498 2.087437 1.837437 1.639603 1.389603 5.104738 1.071405 1.228655 1.384374 1.487928 1.737928 1.985762 2.089315 2.151143 2.213376 1.963376
0.379038 0.4430904 0.5086742 0.3398369 0.2821428 0.3398369 0.568198 0.6717514 0.7655838 0.793198 0.8598647 1.018198 1.178063 1.428063 1.625897 1.875897 2.125897 2.375897 2.625897 2.875897 2.925018 2.821465 2.660517 2.410517 2.250652 2.092319 2.025652 1.958986 1.892319 1.955288 1.798038 1.770424 1.703757 1.63709 1.570424 1.578165 1.473528 1.315195 1.248528 1.181862 1.154247 1.126633 1.099019 1.256269 1.506269 1.756269 1.985762 2.089315 2.322936 2.072936 1.822936 1.572936 1.322936 5.038071 1.004738 1.06879 1.134374 1.384374 1.632208 1.735762 1.985762 2.155982 2.052428 1.859823
0.3514237 0.2847571 0.3398369 0.2821428 0.1428571 0.225 0.318198 0.568198 0.6989172 0.8572505 1.017115 1.083782 1.333782 1.531616 1.781616 1.97945 2.22945 2.47945 2.72945 2.97945 3.175018 3.014071 2.764071 2.566236 2.316236 2.24957 2.182903 2.023038 1.864705 1.798038 1.731371 1.703757 1.861007 1.794341 1.728757 1.512581 1.354247 1.287581 1.220914 1.154247 1.087581 1.059966 1.032352 1.189603 1.439603 1.632208 1.735762 1.985762 2.173139 2.007352 1.757352 1.507352 1.257352 1.099019 4.94379 0.910457 1.067707 1.278655 1.382208 1.632208 1.882208 1.958148 1.802428 1.698875
0.4154762 0.2571428 0.1904762 0.1428571 0.1142857 0 0.225 0.475 0.725 0.9228343 1.172834 1.333782 1.437335 1.687335 1.88517 2.13517 2.333004 2.583004 2.833004 3.083004 3.333004 3.117624 2.91979 2.66979 2.566236 2.49957 2.338622 2.088622 2.021955 1.955288 1.794341 1.63709 1.794341 1.892666 1.789112 1.540195 1.381862 1.35055 1.283883 1.217217 1.15055 0.9932997 0.9656854 1.122936 1.278655 1.382208 1.632208 1.882208 1.923139 1.819586 1.716032 1.598283 1.387479 1.154146 4.877124 0.8437903 0.9630712 1.028655 1.278655 1.528655 1.778655 1.708148 1.604594 1.448875
0.3514237 0.2847571 0.4238095 0.2821428 0.1619048 0.2 0.2828427 0.5078427 0.7578427 1.007843 1.257843 1.507843 1.687335 1.790889 2.040889 2.238723 2.488723 2.686557 2.936557 3.186557 3.436557 3.273343 3.023343 2.91979 2.816236 2.692175 2.442175 2.325252 2.075252 1.971699 1.728757 1.570424 1.634476 1.70006 1.539112 1.473528 1.444831 1.284966 1.126633 1.059966 0.9932997 0.926633 0.8990188 0.9630712 1.028655 1.278655 1.528655 1.758148 1.673139 1.569586 1.466032 1.362479 1.244729 1.087479 0.9343741 0.7771236 0.8047379 0.9619883 1.211988 1.461988 1.613867 1.510313 1.354594 1.251041
0.379038 0.5180904 0.489519 0.2561857 0.2285714 0.3504665 0.4828427 0.6010407 4.726041 5.132843 1.361396 1.611396 1.861396 2.040889 2.144442 2.394442 2.592276 2.842276 3.04011 3.29011 3.54011 3.376896 3.273343 3.115366 2.865366 2.615658 2.365658 2.115658 1.971699 1.721699 1.664005 1.542809 1.476143 1.539112 1.472445 1.315195 1.287581 1.220914 1.154247 1.217217 1.15055 0.9906855 0.8323521 0.8047379 0.9619883 1.211988 1.404594 1.508148 1.475305 1.319586 1.216032 1.112479 1.046895 1.020812 0.8677074 0.710457 0.7380712 0.8964045 1.146405 1.396405 1.416032 1.260313 1.15676 1.001041
0.5373713 0.7090211 0.5561856 0.3228523 0.3869047 0.4171332 0.6421332 0.8010407 0.9545941 5.079594 5.486396 1.714949 1.964949 2.214949 2.394442 2.497995 2.747995 2.94583 3.195829 3.331885 3.581884 3.511812 3.261812 3.011812 2.761812 2.511812 2.262105 2.012105 1.762105 1.664005 1.524719 1.496148 1.448528 1.381862 1.315195 1.248528 1.312581 1.1933 1.312581 1.378164 1.306269 1.056269 0.8953217 0.7380712 0.8953217 1.051041 1.154594 1.323426 1.225305 1.121751 0.9660324 0.862479 0.7968951 4.921895 0.8010408 0.6437903 0.8010408 0.9619883 1.211988 1.391176 1.166032 1.062479 0.9067599 0.841176
0.5675998 0.707717 0.5467694 0.389519 0.5467694 0.6171332 0.7353312 0.8814565 1.131456 1.243857 5.368857 5.659263 1.887816 2.137816 2.387816 2.637816 2.771224 2.949778 2.978331 3.228331 3.478331 3.376202 3.158259 2.908259 2.658259 2.408259 2.158259 1.954411 1.704411 1.565125 1.536554 1.635433 1.605779 1.445914 1.287581 1.220914 1.154247 1.126633 1.283883 1.439603 1.328655 1.078655 0.828655 0.6714045 0.7354569 0.8010408 1.007843 1.073426 1.096895 0.8717514 0.7681981 0.612479 0.5468951 4.671895 0.7343741 0.5771236 0.7343741 0.9843741 1.16879 1.141176 1.062479 0.812479 0.7468952 0.6828427
0.6171332 0.5504665 0.4837999 0.4561856 0.6134361 0.7390283 0.6844767 0.8237624 0.8903034 1.140303 1.284263 1.534263 1.784263 2.034263 2.284263 2.417671 2.521224 2.624778 2.874778 3.124778 3.374778 3.272649 3.022649 2.804706 2.554706 2.304706 2.054706 1.804706 1.716245 1.57696 1.675839 1.733533 1.761498 1.511498 1.444831 1.284966 1.126633 1.059966 1.124019 1.189603 1.193647 1.013071 0.7630712 0.6047379 0.5771236 0.7343741 0.7578427 0.8234265 0.8468952 0.7681981 0.5181981 0.4526142 0.3885618 4.421895 0.6677074 0.510457 0.6677074 0.9177074 0.9187903 0.891176 0.8635618 0.7458123 0.5885618 0.6161761
0.7364141 0.5780808 0.5504665 0.614519 0.5504665 0.6171332 0.6647522 0.6933237 0.8326094 0.9307095 1.18071 1.43071 1.68071 1.93071 2.064118 2.167671 2.271225 2.521224 2.771224 3.021224 3.183597 3.080043 2.919096 2.669096 2.497012 2.247012 1.997012 1.747012 1.607726 1.595891 1.735177 1.821261 1.717708 1.651041 1.584374 1.35055 1.190685 1.032352 0.9656854 1.029738 1.090093 0.8400932 0.7734265 0.6687903 0.510457 0.5734265 0.5078427 0.5734265 0.5968952 0.6624789 0.4515314 0.2942809 4.327614 0.5734265 0.5078427 0.4437903 0.6021236 0.7343741 0.6687903 0.641176 0.6135618 0.5859476 0.5218952 0.5495094
0.8019979 0.6447474 0.6171332 0.6447474 0.6171332 0.7743837 0.8040379 0.7051584 0.7337298 0.8730155 1.123016 1.336504 1.586504 1.710564 1.814118 1.917671 2.167671 2.417671 2.667671 2.917671 3.073343 2.830043 2.72649 2.565542 2.315542 2.211989 2.054706 1.804706 1.706606 1.56732 1.706606 1.717708 1.467708 1.401041 1.334374 1.267707 1.201041 1.096405 0.9380712 0.8714045 0.9343741 0.7745094 0.6161761 0.5495094 0.4828427 0.4161761 0.3495094 0.412479 0.3468952 0.412479 0.3848647 0.2276143 0.3468952 0.412479 0.3495094 0.4161761 0.5745094 0.6687903 0.510457 0.4828427 0.4552285 0.4276142 0.4552285 0.5745094
0.7390283 0.7114141 0.6837999 0.7114141 0.7754666 0.8410503 0.9021381 0.844444 0.7455645 0.8848501 0.9829503 1.23295 1.430785 1.460564 1.564118 1.814118 2.064118 2.314118 2.564118 2.814118 2.823343 2.71979 2.47649 2.372937 2.211989 1.961989 1.895322 1.828655 1.678034 1.538748 1.628655 1.561989 1.402124 1.243791 1.177124 1.110457 1.04379 0.9771236 0.910457 0.8437903 0.7771236 0.710457 0.6437903 0.7067599 0.6400932 0.4802285 0.3218952 0.2552285 0.1885618 0.2526142 0.225 0.1609476 0.1885618 0.2552285 0.3218952 0.4802285 0.6400932 0.641176 0.4828427 0.4161761 0.3885618 0.3609476 0.3885618 0.4161761
0.805695 0.7780808 0.7504665 0.8697474 0.9353312 1.09105 1.152138 0.9134216 0.7741359 0.7859706 0.9252563 1.077231 5.01998 1.210564 1.460564 1.710564 1.960564 2.210565 2.460565 2.710565 2.625509 2.46979 2.366236 2.122937 2.05627 1.896405 1.738072 1.671405 1.604738 1.538072 1.471405 1.404738 1.338071 1.271405 1.334374 1.267707 1.201041 1.134374 1.067707 1.001041 0.9343741 0.8677074 0.8021237 0.8677074 4.670812 0.5458123 0.4791456 0.3192809 0.1609476 0.09428091 0.06666667 0.09428091 0.1609476 0.3192809 0.4791456 0.5458123 0.6135618 0.5734265 0.5067599 0.4411761 0.3218952 0.2942809 0.3218952 0.3495094
0.9640284 0.9364141 0.9087999 0.9743837 1.185331 1.288885 1.221116 0.9711156 0.9134216 0.814542 0.853314 0.9199807 0.9866474 1.144981 1.394981 1.644981 1.894981 2.144981 2.394981 2.625509 2.375509 2.271955 2.116236 2.050652 1.899019 1.832353 1.765686 1.828655 1.761989 1.695322 1.628655 1.561989 1.495322 1.429738 1.495322 1.517707 1.451041 1.384374 1.317707 1.251041 1.184374 1.117707 1.052124 4.992707 4.920812 0.7958123 0.6348647 0.3848647 0.3181981 0.1583333 0 0.06666667 0.1333333 0.2916667 4.327614 0.5181981 0.4552285 0.4161761 0.3495094 0.2828427 0.2552285 0.2276143 0.2552285 0.3218952
1.123893 1.186414 1.1588 1.224384 1.327937 1.538885 1.324669 1.221116 1.011522 0.9538277 0.8818855 1.040219 1.143898 1.210564 1.460564 1.710564 1.960564 2.210565 2.460565 2.521955 2.271955 2.021955 1.956371 1.892319 1.919933 1.989603 1.924019 1.989603 2.011989 1.945322 1.878655 1.811989 1.745322 1.679738 1.593647 1.490093 1.423427 1.35676 1.290093 1.223427 1.15676 1.090093 1.023427 0.9567599 4.765093 0.7291456 0.4791456 0.412479 0.2526142 0.09428091 0.06666667 4.1 0.1609476 0.2276143 0.2942809 0.3609476 0.4276142 0.3885618 0.3218952 0.2552285 0.1885618 0.1609476 0.3181981 0.4739171
1.19056 1.436414 1.4088 1.474384 1.577937 1.678222 1.574669 1.365075 1.261522 1.06879 0.9295046 1.06879 1.31879 1.460564 1.564118 1.814118 2.064118 2.314118 2.564118 2.455288 2.205288 1.955288 1.798038 1.825652 1.983986 2.14385 2.174019 2.239603 2.261989 2.195322 2.128655 2.004594 1.754594 1.651041 1.490093 1.240093 1.173427 1.10676 1.040093 0.9734265 0.9067599 0.8400932 0.7734265 0.7067599 0.6400932 0.5734265 0.4135618 0.2552285 0.1885618 0.1609476 0.225 4.260948 0.2276143 0.3848647 0.4515314 0.3885618 0.4276142 0.3609476 0.2942809 0.2276143 0.1609476 0.09428091 0.1583333 0.2239171
1.44056 1.544113 1.6588 1.724384 1.827937 1.928222 1.718629 1.597362 1.347362 1.097362 0.958076 1.097362 1.347362 1.597362 1.814118 1.917671 2.167671 2.417671 2.618114 2.388622 2.138622 1.888622 1.731371 1.888622 2.049569 2.299569 2.424019 2.489603 2.511989 2.348875 2.098875 1.848875 1.651041 1.401041 1.334374 1.174509 1.016176 0.9495094 0.8828427 0.8161761 0.7495094 0.6828427 0.6161761 0.5495094 0.4828427 0.4161761 0.3495094 0.2828427 0.3468952 0.3192809 0.3848647 4.327614 0.2942809 0.4515314 0.612479 0.5468951 0.4 0.3333333 0.2666667 0.2 0.1333333 0.06666667 0 0.06666667
1.601507 1.794113 1.897667 1.945999 1.879332 1.812665 1.747082 1.625933 1.375933 1.125933 0.9866474 1.125933 1.375933 1.625933 1.875933 2.108824 2.271225 2.444831 2.368114 2.264561 2.071955 1.821955 1.664705 1.821955 2.071955 2.321955 2.571955 2.704103 2.495322 2.245322 1.995322 1.745322 1.495322 1.335457 1.177124 1.110457 5.04951 4.982842 4.916176 4.849509 4.782843 4.716176 4.610457 0.5771236 0.510457 4.449509 4.382843 0.4411761 0.5067599 0.5692809 0.5468951 0.3885618 0.3609476 0.5181981 0.7458123 0.5859476 0.4276142 0.3609476 0.4239172 0.3572505 0.2905838 0.2239171 0.1583333 0.09428091
1.705061 1.829332 1.762666 1.695999 1.629332 1.562665 1.497082 1.562665 1.404505 1.154505 1.015219 1.154505 1.404505 1.651718 1.755271 2.005271 2.203105 2.194831 2.129247 2.014561 1.911007 1.755288 1.598038 1.755288 2.005288 2.255288 2.38852 2.454103 2.429738 2.179738 1.929738 1.679738 1.429738 1.271405 1.204738 1.177124 1.126633 1.059966 0.9932997 0.926633 0.8964045 0.7380712 0.6714045 0.7343741 0.6687903 0.6047379 0.6650932 4.566176 0.6161761 0.5495094 0.4828427 0.4552285 0.5192809 0.5848647 0.6802285 0.5218952 0.4552285 0.4276142 0.5848647 0.6072505 0.5405838 0.4739171 0.3181981 0.2526142
1.704714 1.672082 1.605415 1.538748 1.472082 1.405415 1.338748 1.401718 1.335051 1.183076 1.04379 1.183076 1.335051 1.401718 1.651718 1.849552 2.048384 1.944831 1.879247 1.816726 1.661007 1.595423 1.531371 1.689704 1.939704 2.189704 2.13852 2.204103 2.27077 2.205186 1.957352 1.707352 1.457352 1.299019 1.363071 1.220914 1.283883 1.217217 1.057352 0.8990188 0.8323521 0.7656854 0.8297379 0.8953217 0.828655 0.7630712 0.8234265 0.710457 0.6437903 0.5771236 0.641176 0.6135618 0.6791456 0.8348647 0.7078427 0.5495094 0.5218952 0.4942809 0.6515314 0.8572505 0.7905838 0.6717514 0.5681981 0.5026143
1.861965 1.829332 1.762666 1.695999 1.629332 1.469467 1.311134 1.244467 1.177801 1.111134 1.091409 1.111134 1.177801 1.336134 1.495999 1.745999 1.798385 1.694831 1.629247 1.566726 1.501143 1.43709 1.503757 1.66209 1.91209 1.954104 1.88852 1.954104 2.02077 1.955186 1.889603 1.739112 1.522936 5.332352 1.315195 1.287581 1.444831 1.372936 1.122936 1.056269 0.9896026 0.9240187 0.9896026 1.145322 1.078655 1.013071 0.8964045 0.7380712 0.8010408 0.7354569 0.8010408 0.8635618 0.9291456 1.023427 0.7734265 0.6161761 0.5885618 0.5609476 0.7181981 0.9681981 1.025305 0.9217514 0.8181981 0.7526143
