LSCAM_InData/LSCAM_InData/accessibilitydomesticcambodia.asc
ncols         292
nrows         251
xllcorner     800180
yllcorner     -2175230
cellsize      2000
NODATA_value  -9999
[rows 56 to 83 of 251, columns 0 to 62 of 292]
-9999 -9999 -9999 -9999 -9999 -9999 -9999 -9999 -9999 -9999 -9999 -9999 -9999 -9999 -9999 -9999 -9999 -9999 -9999 -9999 -9999 -9999 -9999 -9999 -9999 -9999 -9999 -9999 -9999 -9999 1.569281 1.634865 1.390686 1.232352 1.165686 1.228655 1.163071 1.228655 1.201041 1.04379 1.201041 1.190685 1.256269 1.322936 1.259966 1.259966 1.1933 1.257352 1.322936 1.478655 1.501041 1.434374 1.312479 1.062479 0.812479 0.7468952 0.812479 1.062479 1.134865 1.069281 0.9884181 0.7958123 0.5458123
-9999 -9999 -9999 -9999 -9999 -9999 -9999 -9999 -9999 -9999 -9999 -9999 -9999 -9999 -9999 -9999 -9999 -9999 -9999 -9999 -9999 -9999 -9999 -9999 -9999 -9999 -9999 -9999 -9999 -9999 1.319281 1.384865 1.456269 1.296405 1.138071 1.071405 1.004738 1.06879 1.041176 0.9771236 1.096405 1.032352 1.099019 1.165686 1.232352 1.390686 1.351633 1.417217 1.572936 1.676489 1.751041 1.666032 1.416032 1.166032 1.062479 0.9968952 1.062479 1.166032 1.384865 1.273427 1.023427 0.7734265 0.612479
-9999 -9999 -9999 -9999 -9999 -9999 -9999 -9999 -9999 -9999 -9999 -9999 -9999 -9999 -9999 -9999 -9999 -9999 -9999 -9999 -9999 -9999 -9999 -9999 -9999 -9999 -9999 -9999 -9999 1.096895 1.069281 1.134865 1.238418 1.341972 1.295322 1.135457 0.9771236 0.910457 0.8828427 0.910457 0.9380712 1.004738 1.163071 1.322936 1.389603 1.456269 1.601633 1.667217 1.77077 1.926489 2.001041 1.769586 1.519586 1.416032 1.312479 1.246895 1.312479 1.416032 1.317707 1.207843 0.9578427 0.7078427 0.5495094
-9999 -9999 -9999 -9999 -9999 -9999 -9999 -9999 -9999 -9999 -9999 -9999 -9999 -9999 -9999 -9999 -9999 -9999 -9999 -9999 -9999 -9999 -9999 -9999 -9999 -9999 -9999 -9999 -9999 0.8468952 0.8192809 0.8848647 0.9884181 1.091972 1.247691 1.201041 1.129146 0.9734265 0.8161761 0.8437903 1.002124 1.161988 1.228655 1.478655 1.639603 1.706269 1.809823 1.917217 2.02077 2.124324 2.123139 1.873139 1.769586 1.666032 1.562479 1.496895 1.515542 1.317707 1.067707 1.001041 0.9343741 0.7734265 0.6161761
-9999 -9999 -9999 -9999 -9999 -9999 -9999 -9999 -9999 -9999 -9999 -9999 -9999 -9999 -9999 -9999 -9999 -9999 -9999 -9999 -9999 -9999 -9999 -9999 -9999 -9999 -9999 -9999 -9999 0.5968952 0.5692809 0.6348647 0.7384181 0.8941372 0.9976906 1.129146 0.8791456 0.8135618 0.7495094 0.9067599 1.067707 1.317707 1.478655 1.582208 1.832208 1.956269 2.059823 2.163376 2.27077 2.374324 2.226692 2.123139 2.019586 1.916032 1.812479 1.661988 1.411988 1.161988 1.002124 0.8437903 0.7771236 0.710457 0.6828427
-9999 -9999 -9999 -9999 -9999 -9999 -9999 -9999 -9999 -9999 -9999 -9999 -9999 -9999 -9999 -9999 -9999 -9999 -9999 -9999 -9999 -9999 -9999 -9999 -9999 -9999 -9999 -9999 -9999 0.3468952 0.3192809 0.3848647 0.5405838 0.6441372 0.8572505 0.9239172 0.812479 0.6552285 0.6828427 0.841176 1.091176 1.341176 1.591176 1.832208 1.935762 2.185762 2.309823 2.413376 2.516929 2.580246 2.476692 2.373139 2.269586 2.096405 1.846405 1.596405 1.346405 1.096405 0.9380712 0.8714045 0.9343741 0.8687903 0.841176
-9999 -9999 -9999 -9999 -9999 -9999 -9999 -9999 -9999 -9999 -9999 -9999 -9999 -9999 -9999 -9999 -9999 -9999 -9999 -9999 -9999 -9999 -9999 -9999 -9999 -9999 -9999 -9999 -9999 0.1885618 0.1609476 0.225 0.2905838 0.5405838 0.6072505 0.6739172 0.7458123 0.5885618 0.7458123 0.9067599 1.15676 1.40676 1.65676 1.90676 2.15676 2.289315 2.539315 2.663376 2.766929 2.830246 2.726692 2.623139 2.374019 2.124019 1.874019 1.624019 1.374019 1.124019 0.9656854 0.9380712 0.9656854 1.027124 1.091176
-9999 -9999 -9999 -9999 -9999 -9999 -9999 -9999 -9999 -9999 -9999 -9999 -9999 -9999 -9999 -9999 -9999 -9999 -9999 -9999 -9999 -9999 -9999 -9999 -9999 -9999 -9999 -9999 -9999 0.2526142 0.09428091 0.06666667 0.2239171 0.2905838 0.3572505 0.4239172 0.6739172 0.5218952 0.6791456 0.9291456 1.179146 1.429146 1.679146 1.929146 2.179146 2.429146 2.642869 2.892868 3.016929 3.080245 2.939603 2.689603 2.439603 2.189603 1.939603 1.689603 1.439603 1.189603 1.032352 1.096405 1.124019 1.059966 1.121405
-9999 -9999 -9999 -9999 -9999 -9999 -9999 -9999 -9999 -9999 -9999 -9999 -9999 -9999 -9999 -9999 -9999 -9999 -9999 -9999 -9999 -9999 -9999 -9999 -9999 -9999 -9999 0.8181981 0.5681981 0.3181981 0.1583333 0 0.06666667 0.1333333 0.2 0.3583333 0.5181981 0.4552285 0.6135618 0.8635618 1.113562 1.363562 1.613562 1.863562 2.188562 2.376202 2.626202 2.783884 2.887437 2.99099 3.006269 2.756269 2.506269 2.256269 2.006269 1.756269 1.506269 1.256269 1.099019 1.126633 1.283883 1.2183 1.138071
-9999 -9999 -9999 -9999 -9999 -9999 -9999 -9999 -9999 -9999 -9999 -9999 -9999 -9999 -9999 -9999 -9999 -9999 -9999 -9999 -9999 -9999 -9999 -9999 -9999 -9999 1.171751 0.9217514 0.6717514 0.4739171 0.2239171 0.1583333 0.2239171 0.2905838 0.2276143 0.2942809 0.3609476 0.4276142 0.5859476 0.8359476 1.085948 1.335948 1.585948 1.910948 2.022649 2.272649 2.467217 2.533884 2.637437 2.74099 2.844543 2.822936 2.572936 2.322936 2.072936 1.822936 1.572936 1.322936 1.257352 1.1933 1.35055 1.361988 1.295322
-9999 -9999 -9999 -9999 -9999 -9999 -9999 -9999 -9999 -9999 -9999 -9999 -9999 -9999 -9999 -9999 -9999 -9999 -9999 -9999 -9999 -9999 -9999 -9999 1.775305 1.525305 1.275305 1.025305 0.8274705 0.5774705 0.4739171 0.4083333 0.3535534 0.25 0.3535534 0.4515314 0.3885618 0.4552285 0.6135618 0.8635618 1.113562 1.363562 1.565542 1.669095 1.919095 2.11693 2.217217 2.283884 2.387437 2.49099 2.74099 2.883596 2.676489 2.426489 2.176489 1.926489 1.676489 1.547936 1.381862 1.259966 1.417217 1.574019 1.324019
-9999 -9999 -9999 -9999 -9999 -9999 -9999 -9999 -9999 -9999 -9999 -9999 -9999 -9999 -9999 -9999 -9999 -9999 -9999 -9999 -9999 -9999 -9999 -9999 1.878858 1.628858 1.378858 1.181024 0.931024 0.8274705 0.7239171 0.5 0.25 0 0.25 0.5 0.5468951 0.4828427 0.641176 0.8010408 1.051041 1.211988 1.315542 1.565542 1.763376 1.901633 1.967217 2.033884 2.137437 2.387437 2.530043 2.780043 2.780043 2.530043 2.280043 2.030043 1.866134 1.664704 1.483884 1.326633 1.483884 1.639603 1.389603
-9999 -9999 -9999 -9999 -9999 -9999 -9999 -9999 -9999 -9999 -9999 -9999 -9999 -9999 -9999 -9999 -9999 -9999 -9999 -9999 -9999 -9999 -9999 2.232412 1.982412 1.732412 1.534577 1.284577 1.181024 1.077471 0.8535534 0.6035534 0.3535534 0.25 0.3535534 0.6035534 0.7067599 0.5495094 0.5771236 0.7354569 0.8953217 0.9619883 1.211988 1.409823 1.622936 1.651633 1.717217 1.783884 2.033884 2.176489 2.426489 2.624324 2.874324 2.633596 2.383596 2.172547 1.947547 1.77555 1.55055 1.3933 1.420914 1.487581 1.456269
-9999 -9999 -9999 -9999 -9999 -9999 -9999 -9999 -9999 -9999 -9999 -9999 -9999 -9999 -9999 -9999 -9999 -9999 -9999 -9999 -9999 -9999 -9999 2.234375 2.085965 1.888131 1.638131 1.534577 1.431024 1.207107 0.9571068 0.7071068 0.6035534 0.5 0.6035534 0.7071068 0.7734265 0.7078427 0.6437903 0.6714045 0.7380712 0.8964045 1.056269 1.306269 1.464603 1.4933 1.559966 1.7183 1.822936 2.072936 2.27077 2.52077 2.77077 2.737149 2.515745 2.265745 2.058393 1.867217 1.617217 1.551633 1.579247 1.515195 1.581862
-9999 -9999 -9999 -9999 -9999 -9999 -9999 -9999 -9999 -9999 -9999 -9999 -9999 -9999 -9999 -9999 -9999 -9999 -9999 -9999 -9999 -9999 -9999 1.984374 1.917708 1.851041 1.784374 1.717708 1.56066 1.31066 1.06066 0.9571068 0.8535534 0.75 0.8535534 0.9571068 1.023427 0.8677074 0.8021237 0.8297379 0.7656854 0.8323521 0.9906855 1.240685 1.399019 1.465685 1.532352 1.599019 1.757352 1.917217 6.042217 6.64577 6.89577 6.569341 2.619298 2.376591 2.185415 1.97077 1.867217 1.801633 1.739112 1.673528 1.609476
-9999 -9999 -9999 -9999 -9999 -9999 -9999 -9999 -9999 -9999 -9999 -9999 -9999 -9999 -9999 -9999 -9999 -9999 -9999 -9999 -9999 -9999 1.801041 1.734374 1.667708 1.601041 1.534374 1.467708 1.401041 1.335457 1.31066 1.207107 1.103553 1 1.068198 1.171751 1.221261 1.117707 1.052124 0.9896026 0.9240187 0.8599663 1.0183 1.3433 1.632352 1.622936 1.689603 1.626633 1.6933 5.726633 7.750848 14.56934 6.569341 2.444341 2.547894 2.503613 2.288969 2.22077 2.117217 2.051633 1.989112 1.833393 1.767809
-9999 -9999 -9999 -9999 -9999 -9999 -9999 -9999 -9999 -9999 -9999 -9999 -9999 -9999 -9999 -9999 -9999 -9999 -9999 -9999 -9999 -9999 1.643791 1.577124 1.510457 1.443791 1.377124 1.310457 1.24379 1.177124 1.240093 1.174509 1.240093 1.25 1.268198 1.351041 1.471261 1.367707 1.302124 1.239603 1.083884 0.926633 1.083884 1.333884 1.583884 1.833884 1.85055 1.784966 5.726633 7.397295 13.84281 7.674418 6.003757 2.194341 2.444341 2.571811 2.488969 2.47077 2.367217 2.301633 2.186947 2.083393 1.927674
-9999 -9999 -9999 -9999 -9999 -9999 -9999 -9999 -9999 -9999 -9999 -9999 -9999 -9999 -9999 -9999 -9999 -9999 -9999 -9999 -9999 -9999 1.711988 1.734374 1.667708 1.601041 1.534374 1.467708 1.307843 1.149509 1.082843 1.016176 1.080228 1.110457 1.238562 1.304146 1.310457 1.402124 1.495322 1.40055 1.15055 0.9932997 1.15055 1.40055 1.65055 1.856862 1.922446 1.90006 1.834476 5.776143 5.84281 5.909476 1.970424 2.128757 2.378757 2.603757 2.713969 2.72077 2.617217 2.5405 2.436946 2.244341 1.994341
-9999 -9999 -9999 -9999 -9999 -9999 -9999 -9999 -9999 -9999 -9999 -9999 -9999 -9999 -9999 -9999 -9999 -9999 -9999 -9999 -9999 1.395322 1.461988 1.565542 1.646405 1.711988 1.784374 1.623427 1.373427 1.30676 1.146895 0.9885617 0.9218951 0.9609475 1.013562 1.079146 1.110457 1.177124 1.402124 1.467217 1.217217 1.059966 1.217217 1.467217 1.672446 1.606862 1.672446 1.739112 1.676143 1.74281 1.809476 1.876143 2.009476 2.194341 2.419341 2.619341 2.844341 2.97077 2.867217 2.7905 2.597894 2.347894 2.244341
-9999 -9999 -9999 -9999 -9999 -9999 -9999 -9999 -9999 -9999 -9999 -9999 -9999 -9999 -9999 -9999 -9999 -9999 -9999 -9999 -9999 1.145322 1.211988 1.315542 1.396405 1.461988 1.565542 1.669095 1.623427 1.462479 1.212479 1.145812 0.9848647 0.8276142 0.8552284 0.9218951 0.9885617 1.121895 1.255228 1.413562 1.283883 1.126633 1.283883 1.444831 1.511498 1.448528 1.515195 1.581862 1.648529 1.806862 1.966727 2.033393 2.064705 2.264705 2.464705 2.571853 2.637437 2.887437 3.014459 2.951447 2.701447 2.562091 2.312091
-9999 -9999 -9999 -9999 -9999 -9999 -9999 -9999 -9999 -9999 -9999 -9999 -9999 -9999 -9999 -9999 -9999 -9999 -9999 -9999 0.8297379 0.8953217 0.9619883 1.174019 1.146405 1.211988 1.315542 1.528655 1.549366 1.299366 1.195812 1.129146 0.918198 0.7609475 0.918198 1.079146 1.016176 1.149509 1.282843 1.287581 1.220914 1.1933 1.220914 1.287581 1.354247 1.420914 1.579247 1.739112 1.805779 1.872446 2.122446 2.283393 2.264705 2.224958 2.280187 2.41352 2.571853 2.697793 2.764459 2.916829 2.788622 2.538622 2.288622
-9999 -9999 -9999 -9999 -9999 -9999 -9999 -9999 -9999 -9999 -9999 -9999 -9999 -9999 -9999 -9999 -9999 -9999 -9999 -9999 0.6714045 0.7380712 0.8964045 0.9240187 0.8964045 0.9619883 1.211988 1.278655 1.357352 1.195812 0.9458122 0.8791456 0.8135618 0.6942809 0.8515313 1.101531 1.174509 1.240093 1.441176 1.286396 1.287581 1.259966 1.379247 1.444831 1.511498 1.578165 1.644831 1.894831 2.055779 2.122446 2.225999 2.185906 2.130677 2.091625 2.248875 2.407209 2.473875 2.540542 2.698875 2.666829 2.723038 2.473038 2.223038
-9999 -9999 -9999 -9999 -9999 -9999 -9999 -9999 -9999 -9999 -9999 -9999 -9999 -9999 -9999 -9999 -9999 -9999 -9999 0.5771236 0.7343741 0.7604569 0.8260407 0.7656854 0.7380712 0.8953217 0.9619883 1.028655 1.107352 1.040093 0.8802284 0.7218951 0.6552284 0.6276142 0.7848647 1.034865 1.284865 1.349366 1.283782 1.21973 1.37698 1.4183 1.483884 1.694831 1.761498 1.828165 1.894831 1.998385 2.248385 2.372446 2.319239 2.119239 1.997344 2.024958 2.183291 2.433291 2.631126 2.568156 2.575162 2.508495 2.572548 2.44957 2.288622
-9999 -9999 -9999 -9999 -9999 -9999 -9999 -9999 -9999 -9999 -9999 -9999 -9999 -9999 -9999 -9999 -9999 0.6964046 0.5380712 0.510457 0.5745094 0.6021236 0.6677074 0.7343741 0.6714045 0.7380712 0.8047379 0.8849663 0.857352 0.8849663 0.816176 0.7495093 0.718198 0.5609475 0.718198 0.968198 1.218198 1.282699 1.125449 1.153063 1.311396 1.561396 1.716032 1.782699 1.849366 1.916032 1.982699 2.049366 2.116033 2.159231 2.158291 2.087928 1.930677 2.087928 2.248875 2.498875 2.748875 2.72649 2.639214 2.480881 2.414214 2.383986 2.225652
-9999 -9999 -9999 -9999 -9999 -9999 -9999 -9999 -9999 -9999 -9999 -9999 -9999 -9999 -9999 0.7905838 0.725 0.7526143 0.6021236 0.4437903 0.4161761 0.4437903 0.510457 0.5771236 0.6437903 0.710457 0.7771236 0.726633 0.6990187 0.726633 0.7932996 0.9015313 0.6515313 0.4942809 0.6515313 0.9015313 1.151531 1.216032 1.058782 1.216032 1.333782 1.399366 1.466032 1.532699 1.599366 1.666032 1.732699 1.799366 1.866032 1.909231 1.958291 1.928063 1.864011 2.021261 2.271261 2.521261 2.702919 2.806473 2.704798 2.544933 2.3866 2.319933 2.292319
-9999 -9999 -9999 -9999 -9999 -9999 -9999 -9999 -9999 -9999 -9999 -9999 -9999 -9999 0.6441372 0.5405838 0.475 0.5026143 0.4791456 0.4135618 0.3495094 0.4161761 0.5745094 0.7343741 0.8010408 0.8677074 0.857352 0.6990187 0.6323521 0.6964045 0.7619883 0.8348647 0.5848647 0.4276142 0.5848647 0.8348647 1.084865 1.108333 0.9921151 1.018198 1.083782 1.149366 1.216032 1.282699 1.349366 1.416032 1.482699 1.549366 1.616032 1.684231 1.841134 1.76973 1.797344 1.955677 2.205677 2.349366 2.452919 2.671261 2.515542 2.449958 2.385906 2.3866 2.450652
-9999 -9999 -9999 -9999 -9999 -9999 -9999 -9999 -9999 -9999 -9999 -9999 0.6739172 0.6072505 0.5405838 0.2905838 0.225 0.2526142 0.3181981 0.2552285 0.3218952 0.4802285 0.6400932 0.8900932 1.051041 1.117707 0.9229358 0.7630712 0.6047378 0.5380712 0.6021236 0.6677074 0.518198 0.3609475 0.518198 0.768198 0.8359475 0.8583333 0.8337818 0.768198 0.8337818 0.8993657 0.9660323 1.032699 1.099366 1.166032 1.232699 1.299366 1.366032 1.558291 1.767115 1.703063 1.861396 1.966033 2.032699 2.099366 2.349366 2.421261 2.355677 2.291625 2.358292 2.516625 2.610517
-9999 -9999 -9999 -9999 -9999 -9999 -9999 -9999 -9999 -9999 -9999 -9999 0.4239172 0.3572505 0.2905838 0.2239171 0.06666667 0.09428091 0.1609476 0.2276143 0.3859476 0.5458123 0.7958123 0.9015314 1.005085 1.001041 0.935457 0.8286549 0.6687902 0.5104569 0.4437903 0.5067598 0.441176 0.2942809 0.4515314 0.6072505 0.5859475 0.6083333 0.6739172 0.6098647 0.6754485 0.7421152 0.8087819 0.8754485 0.9421152 1.008782 1.075449 1.142115 1.275449 1.475449 1.608782 1.675449 1.742115 1.808782 1.875449 2.033782 2.193647 2.260314 2.197344 2.264011 2.422344 2.52698 2.77698
