LSCAM_InData/LSCAM_InData/accessibilitydomesticcambodia.asc
ncols         292
nrows         251
xllcorner     800180
yllcorner     -2175230
cellsize      2000
NODATA_value  -9999
[rows 112 to 139 of 251, columns 63 to 125 of 292]
2.313579 2.469298 2.572852 2.822852 3.015457 3.119011 3.369011 3.61901 3.853731 4.103731 4.301566 4.551566 4.7494 4.908757 4.805203 4.70165 4.598097 8.576651 10.28528 18.28528 26.28528 34.28528 42.28528 50.28528 58.28528 66.14306 69.45676 64.18735 60.68923 52.68923 46.12956 38.12956 30.12956 24.06773 16.06773 8.067725 6.359094 2.587647 2.691201 2.794754 3.044754 3.23736 3.340913 3.354454 3.250901 3.171902 3.068348 2.964795 2.861242 2.762163 2.658609 2.555056 2.362699 2.259146 2.155592 2.097898 2.07443 1.918711 1.853127 1.789075 1.83534 1.815616 1.83534
2.115745 2.219298 2.469298 2.661904 2.765457 3.015457 3.265457 3.500178 3.750178 3.948012 4.198012 4.395847 4.645847 4.658757 4.555203 4.45165 4.348097 4.45165 8.576651 16.57665 24.57665 31.85204 39.85204 47.85204 54.82935 58.14306 61.45677 64.77048 64.00294 57.44327 49.44327 41.44327 35.38143 27.38143 19.38143 14.96265 6.962647 2.837647 2.941201 3.044754 3.148307 3.398307 3.590913 3.604454 3.500901 3.421902 3.318348 3.214795 3.111242 3.012163 2.908609 2.716253 2.612699 2.509146 2.405592 2.347898 2.272264 2.168711 2.012992 1.947408 1.883356 1.882282 1.902007
1.865745 2.115745 2.308351 2.411904 2.661904 2.911904 3.146625 3.396625 3.594459 3.844459 4.042294 4.292294 4.512311 4.408757 4.305203 4.20165 4.098097 7.869544 9.578175 17.22462 20.53833 28.53833 36.53833 43.51564 46.82935 50.14306 53.45677 58.06219 61.3759 60.75698 52.75698 46.69514 38.69514 30.69514 24.67128 16.67128 8.671278 6.962647 3.191201 3.294754 3.398307 3.501861 3.751861 3.854454 3.750901 3.671902 3.568348 3.464795 3.361242 3.262163 3.069806 2.966253 2.862699 2.759146 2.655592 2.597898 2.362501 2.202637 2.044303 1.977637 1.950022 1.935416 1.868749
1.762192 1.954797 2.058351 2.308351 2.558351 2.793072 3.043072 3.240906 3.490906 3.68874 3.93874 4.18874 4.408757 4.158757 4.055203 3.95165 3.848097 3.744544 7.51599 9.224621 17.22462 25.22462 32.20193 35.51564 38.82935 42.14306 46.74849 50.06219 53.3759 58.31219 58.00885 50.00885 42.00885 35.98499 27.98499 19.98499 16.67128 9.024832 7.316201 3.544754 3.648307 3.751861 3.855414 4.104454 4.000901 3.921902 3.818348 3.671283 3.421283 3.171283 3.06773 3.001063 2.934397 2.773449 2.523449 2.456782 2.296917 2.138584 2.071918 2.13597 2.108356 1.999468 1.841135
1.601244 1.704797 1.954797 2.204797 2.439518 2.689518 2.887352 3.137352 3.335187 3.585187 3.835186 4.085186 4.305203 4.055203 3.805204 3.70165 3.598097 3.494544 3.39099 7.51599 15.51599 22.4933 24.20193 27.51564 30.82935 35.43478 38.74849 42.06219 46.99849 50.31219 53.6259 53.32256 47.29869 39.29869 31.29869 27.98499 20.33854 15.91975 7.919754 3.794754 3.898307 4.001861 4.105414 4.208967 4.250901 4.06773 3.81773 3.56773 3.31773 3.06773 2.81773 2.751063 2.684397 2.61773 2.457865 2.299532 2.232865 2.166198 2.230251 2.295835 2.315052 2.065052 1.905187
1.351244 1.601244 1.851244 2.085965 2.335965 2.533799 2.783799 2.981633 3.231633 3.481633 3.731633 3.981633 4.20165 3.95165 3.70165 3.45165 3.348097 3.244544 3.14099 7.26599 14.55888 14.4933 16.20193 19.51564 24.12107 27.43478 30.74849 35.68478 38.99849 42.31219 50.31219 53.77235 50.6124 42.6124 39.29869 31.65225 25.62839 17.62839 9.628386 7.919754 4.148307 4.251861 4.355414 4.458967 4.252146 4.002146 3.752146 3.502146 3.252146 3.002146 2.752146 2.593812 2.527146 2.460479 2.393813 2.327146 2.390116 2.324532 2.390116 2.545835 2.418605 2.220771 1.970771
1.247691 1.497691 1.732412 1.982412 2.180246 2.430246 2.62808 2.87808 3.12808 3.37808 3.62808 3.87808 4.098097 3.848097 3.598097 3.348097 3.098097 2.994544 2.89099 6.662437 6.558884 6.4933 8.201931 14.41244 16.12107 19.43478 24.37107 27.68478 30.99849 38.99849 42.45864 46.03699 47.74562 50.52659 42.96596 36.94209 28.94209 20.94209 16.52331 8.523308 4.398307 4.501861 4.605414 4.52976 4.27976 4.02976 3.77976 3.52976 3.27976 3.02976 2.77976 2.621427 2.684397 2.61773 2.551063 2.485479 2.551063 2.574532 2.640116 2.743669 2.574324 2.324324 2.12649
1.144137 1.378858 1.628858 1.826693 2.076693 2.274527 2.524527 2.774527 3.024527 3.274527 3.524526 3.749484 3.919704 3.744544 3.494544 3.244544 2.994544 2.744544 2.64099 2.537437 2.433884 2.3683 6.308884 6.412437 8.121068 14.66244 16.37107 19.68478 27.68478 31.14493 35.61999 38.03699 39.74562 42.52659 39.21288 37.50425 32.2558 26.23194 18.23194 10.23194 8.523308 4.751861 4.845344 4.595344 4.345344 4.095344 3.845344 3.595344 3.345344 3.095344 2.845344 2.77976 2.845344 2.86773 2.801063 2.735479 2.801063 2.824532 2.890116 2.927877 2.677877 2.480043 2.230043
1.025305 1.275305 1.473139 1.723139 1.920974 2.170974 2.420973 2.670973 2.920973 3.170973 3.395931 3.645931 3.816151 3.566151 3.39099 3.14099 2.89099 2.64099 2.39099 2.287437 2.183884 2.1183 2.183884 2.287437 6.412437 6.662437 8.371068 16.37107 19.83122 24.30628 27.61999 30.03699 31.74562 34.52659 31.21288 29.50425 29.53186 29.54565 21.54565 18.23194 10.58549 8.876861 4.948897 4.698897 4.448897 4.198897 3.948897 3.698897 3.448897 3.198897 3.095344 3.02976 3.095344 3.11773 3.051063 2.985479 3.051063 3.074532 3.140116 3.031431 2.833596 2.583596 2.385762
0.9217514 1.119586 1.369586 1.56742 1.81742 2.06742 2.31742 2.56742 2.81742 3.042378 3.292377 3.542377 3.712598 3.462598 3.212598 3.037437 2.787437 2.537437 2.287437 2.037437 1.933884 1.8683 1.933884 2.037437 2.287437 2.537437 6.662437 8.517515 14.59765 16.30628 19.61999 22.03699 23.74562 26.52659 23.21288 21.50425 21.53186 23.24049 26.5542 21.8992 17.17745 9.17745 5.052451 4.802451 4.552451 4.302451 4.052451 3.802451 3.552451 3.448897 3.345344 3.27976 3.345344 3.36773 3.301063 3.235479 3.301063 3.324532 3.384984 3.18715 2.93715 2.739316 2.489316
0.7660323 1.016032 1.213867 1.463867 1.713867 1.963867 2.213867 2.463866 2.688824 2.938824 3.188824 3.438824 3.609044 3.359044 3.109044 2.859045 2.683884 2.433884 2.183884 1.933884 1.683884 1.6183 1.683884 1.933884 2.183884 2.433884 2.683884 6.701201 6.597649 8.306279 15.74562 14.03699 15.74562 18.52659 15.21288 13.50425 13.53186 15.24049 18.5542 26.5542 18.88608 10.88608 9.031004 4.906004 4.656004 4.406004 4.156004 3.906004 3.802451 3.698897 3.595344 3.52976 3.595344 3.61773 3.551063 3.485479 3.551063 3.574532 3.540703 3.290703 3.092869 2.842869 2.645035
0.6624789 0.8603133 1.110313 1.360313 1.610313 1.860313 2.110313 2.335271 2.585271 2.835271 3.085271 3.335271 3.505491 3.255491 3.005491 2.755491 2.505491 2.367217 2.117217 1.867217 1.617217 1.459967 1.617217 1.867217 2.117217 2.367217 2.617217 2.576202 2.472648 6.244095 7.745619 6.036988 7.745619 13.65888 7.212878 5.504247 5.531861 7.240493 15.24049 18.5542 22.19979 17.13456 9.134558 5.009557 4.759557 4.509557 4.259557 4.156004 4.052451 3.948897 3.845344 3.77976 3.845344 3.86773 3.801063 3.735479 3.801063 3.824532 3.644256 3.446422 3.196422 2.998588 2.748588
0.5067599 0.7567599 1.00676 1.25676 1.50676 1.75676 1.981718 2.231718 2.481718 2.731718 2.981718 3.231718 3.356862 3.151938 2.901938 2.651938 2.401938 2.151938 2.048384 1.80055 1.55055 1.3933 1.55055 1.80055 2.05055 2.30055 2.481921 2.378367 2.222648 2.119095 5.890542 1.911988 5.721405 5.658884 5.503164 1.379247 1.406862 5.531861 7.240493 15.24049 23.24049 17.23811 9.238111 5.113111 4.863111 4.613111 4.509557 4.406004 4.302451 4.198897 4.095344 4.02976 4.095344 4.11773 4.051064 3.985479 4.051064 3.99781 3.799975 3.549975 3.352141 3.102141 2.998588
0.4411761 0.6911761 0.9411761 1.191176 1.441176 1.628164 1.878164 2.128164 2.378164 2.628164 2.878164 3.128164 3.106862 3.048384 2.798384 2.548384 2.298384 2.048384 1.798385 1.694831 1.483884 1.326633 1.483884 1.733884 1.983884 2.233884 2.378367 2.128368 2.024814 1.869095 1.765542 1.661988 1.596404 1.533883 1.378164 1.220914 1.248528 1.406862 5.531861 13.53186 18.50469 17.34166 9.341663 5.216664 4.966664 4.863111 4.759557 4.656004 4.552451 4.448897 4.345344 8.15476 8.220345 8.24273 8.176064 8.110479 8.176064 4.153529 3.903529 3.705694 3.455694 3.352141 3.248588
0.5067599 0.6677074 0.9177074 1.145322 1.309966 1.534966 1.784966 2.034966 2.284966 2.534966 2.784966 2.95006 2.856862 2.85055 2.694831 2.444831 2.194831 1.944831 1.694831 1.444831 1.379247 1.259966 1.417217 1.667217 1.917217 2.146709 2.21742 2.024814 1.774814 1.671261 1.515542 1.411988 1.346404 1.283883 1.2183 1.154247 1.312581 1.472445 5.482352 7.190983 15.19098 19.05029 11.05029 9.341663 5.216664 5.113111 5.009557 4.906004 8.67745 8.573897 8.470345 10.17898 16.22034 16.24273 16.17606 16.11048 8.382082 4.257082 4.059248 3.809248 3.705694 3.602141 3.47808
0.4437903 0.6021236 0.8271236 1.027124 1.227124 1.452124 1.702124 1.952124 2.202124 2.452124 2.702124 2.70006 2.606862 2.60055 2.533884 2.378164 2.128164 1.878164 1.628164 1.378164 1.220914 1.1933 1.35055 1.60055 1.793156 1.896709 1.96742 1.863867 1.671261 1.421261 1.317707 1.161988 1.096404 1.124019 1.059966 1.126633 1.284966 1.422936 1.357352 5.482352 13.48235 17.97708 19.05029 11.05029 9.341663 9.238111 9.134558 9.031004 10.73964 16.5739 16.47034 18.17897 21.49268 24.24273 24.17606 18.09071 10.09071 8.287802 4.162801 4.059248 3.955694 3.831633 3.581633
0.510457 0.6323521 0.8323521 1.057352 1.307352 1.545322 1.795322 2.045322 2.295322 2.545322 2.553613 2.45006 2.356862 2.35055 2.283884 2.2183 2.062581 1.812581 1.562581 1.312581 1.154247 1.126633 1.283883 1.439602 1.543156 1.793156 1.769586 1.613867 1.510313 1.317707 1.067707 1.002124 0.9380711 0.9656854 1.032352 1.190685 1.276489 1.172936 1.107352 4.954738 6.663369 14.66337 22.364 19.05029 17.34166 17.23811 17.13456 17.031 18.73964 22.05334 24.47034 26.17897 29.49268 32.24273 29.40442 21.40442 16.0577 8.057699 3.932699 4.036252 4.139806 3.935187 3.831633
0.6437903 0.6990188 0.8990188 1.124019 1.374019 1.624019 1.874019 2.124019 2.374019 2.406371 2.303613 2.20006 2.106862 2.10055 2.033884 1.9683 2.033884 1.878164 1.628164 1.378164 1.217217 1.059966 1.124019 1.189602 1.439602 1.689602 1.519586 1.416032 1.260313 1.15676 1.001041 0.8437902 0.8714045 1.029738 1.189602 1.256269 1.172936 0.9229359 0.8573521 0.8297379 4.954738 12.95474 20.95474 25.81505 25.34166 25.23811 25.13456 25.031 26.73964 30.05334 32.47034 34.17897 37.49268 39.4973 31.4973 23.8077 15.8077 7.807699 3.682699 3.786252 3.889806 3.993359 4.081634
0.8437903 0.8990188 0.9818615 1.181861 1.381861 1.606861 1.856861 2.106862 2.249569 2.156371 2.053613 1.95006 1.856862 1.85055 1.783883 1.7183 1.783883 1.806269 1.651633 1.401633 1.151633 0.9932996 0.9656854 1.122936 1.372936 1.622936 1.416032 1.166032 1.062479 0.9067598 0.841176 0.7771236 0.934374 1.095322 1.345322 1.172936 0.9229359 0.8562692 0.6990188 0.6714045 4.704738 12.70474 14.50134 17.81505 25.81505 33.23811 33.13456 33.03101 34.73964 38.05334 40.47034 42.17897 42.96909 36.18359 28.18359 20.18359 15.5577 7.557699 3.432699 3.536252 3.639806 3.743359 3.846912
1.04379 1.124019 1.206861 1.30006 1.464704 1.664704 1.864704 2.064704 2.131371 1.931371 1.848528 1.70006 1.606862 1.60055 1.533883 1.4683 1.533883 1.556269 1.490685 1.467217 1.217217 1.056269 0.8990187 1.056269 1.306269 1.556269 1.312479 1.062479 0.8124789 0.7468951 0.6828427 0.7104569 0.8687903 1.11879 1.146405 1.017217 0.8573521 0.6990188 0.6323521 0.6047379 4.54379 4.792707 6.501338 14.50134 22.50134 28.65331 36.55902 36.73225 36.79892 38.50755 41.59651 38.2828 34.96909 31.65538 24.86988 16.86988 8.869884 7.161252 3.182699 3.286252 3.389806 3.493359 3.596912
1.24379 1.361988 1.456861 1.55006 1.653613 1.782902 1.982902 2.182902 2.123528 1.873528 1.648528 1.581861 1.381862 1.35055 1.283883 1.2183 1.283883 1.306269 1.240685 1.248875 1.145322 0.9896025 0.832352 0.9896025 1.239603 1.441176 1.245812 0.9958122 0.7458122 0.5885618 0.616176 0.7745093 0.934374 0.9619883 0.8964045 0.951633 0.7932997 0.726633 0.6964046 0.5380712 0.510457 0.6677074 4.792707 12.79271 17.3396 25.24532 28.55902 28.73225 28.79892 30.50755 33.82126 30.2828 26.96909 23.65538 21.94675 15.16125 7.161252 3.036252 2.932699 3.036252 3.139806 3.243359 3.346912
1.44379 1.561988 1.706861 1.80006 1.903613 2.007166 2.136455 2.336455 2.1183 1.8683 1.6183 1.459966 1.326633 1.1933 1.126633 1.059966 1.122936 1.056269 0.9906853 1.056269 0.8953216 0.8297378 0.7656854 0.9229358 1.172936 1.191176 1.121751 0.9291456 0.6791456 0.5218951 0.6791456 0.6687902 0.734374 0.8010407 0.7380711 0.8047378 0.8209139 0.8849664 0.7619883 0.6021236 0.4437903 0.5078427 4.355228 6.02589 13.93161 17.24532 20.66558 20.73225 20.79892 22.50755 25.82126 26.96909 18.96909 15.65538 13.94675 14.0503 6.911252 2.786252 2.682699 2.786252 2.889806 2.993359 3.243359
1.66879 1.761988 1.915542 2.05006 2.153613 2.257166 2.36072 2.333393 2.083393 1.833393 1.673528 1.515195 1.417217 1.35055 1.190685 1.032352 0.9656854 0.8990187 0.832352 0.8953216 0.8286549 0.6714045 0.6990187 0.857352 1.00676 0.9411761 0.8717514 0.768198 0.6124789 0.4552284 0.5745094 0.5104569 0.5771236 0.6437902 0.7104569 0.7771236 0.9354569 1.044831 0.8245094 0.5745094 0.4161761 0.3495094 0.3218952 4.260948 5.931609 12.41558 12.66558 12.73225 12.79892 14.50755 17.82126 21.02653 15.65538 7.655383 5.946752 6.050305 6.137479 6.557699 2.432699 2.536252 2.639806 2.889806 3.139806
1.91879 2.011988 2.115542 2.269095 2.403613 2.507166 2.517809 2.267809 2.017809 1.767809 1.609476 1.581862 1.667217 1.506269 1.256269 1.189602 1.122936 0.9630711 0.8047378 0.7380711 0.6714045 0.6047378 0.6687902 0.734374 0.7567598 0.6911761 0.7567598 0.518198 0.4526142 0.3885618 0.416176 0.4828427 0.641176 0.8010407 0.8677074 0.934374 1.001041 1.123917 0.8900932 0.6400932 0.5734265 0.4135618 0.2552285 0.2276143 4.166667 4.415584 4.665584 4.73225 4.798917 6.507548 12.86558 13.02653 13.94675 5.946752 1.821751 1.925305 2.012479 5.954145 2.182699 2.286252 2.536252 2.786252 3.036252
2.16879 2.261988 2.365542 2.469095 2.622648 2.744341 2.494341 2.244341 1.994341 1.833393 1.676143 1.740195 1.805779 1.609823 1.506269 1.439602 1.278655 1.028655 0.9619883 0.8021235 0.6437902 0.5771236 0.5104569 0.5734265 0.5067598 0.441176 0.5067598 0.4515314 0.2942809 0.3218951 0.3885618 0.5468951 0.7067598 0.9567598 1.110804 1.007251 0.9405838 0.8739172 0.8072505 0.7405838 0.6739172 0.4791456 0.3192809 0.1609476 0.1333333 0.2905838 0.5405838 0.6072505 0.6739172 4.615584 4.865584 5.026531 6.735162 5.696752 1.571751 1.675305 1.762479 1.829146 1.932699 2.182699 2.432699 2.682699 2.932699
2.41879 2.511988 2.615542 2.719095 2.822648 2.678757 2.428757 2.178757 1.928757 1.770424 1.742809 1.90006 1.963376 1.859823 1.756269 1.632208 1.382208 1.274509 1.024509 0.7745093 0.616176 0.5495093 0.4828427 0.416176 0.3495094 0.2828427 0.3468951 0.2916667 0.2276142 0.3859476 0.5458122 0.6124789 0.8624789 0.9567598 1.007251 0.7572505 0.6905838 0.6239172 0.5572505 0.4905838 0.4239172 0.3572505 0.2905838 0.2239171 0.06666667 0.2239171 0.2905838 0.3572505 0.4239172 0.4905838 0.7405838 0.9015314 4.843198 5.093198 1.321751 1.445812 1.512479 1.579146 5.43176 5.366176 6.557699 5.498426 5.748426
2.644831 2.761988 2.865542 2.966828 2.905288 2.655288 2.405288 2.155288 1.994341 1.83709 1.901143 1.966726 2.213376 2.109823 1.985762 1.735762 1.590093 1.340093 1.090093 0.8400931 0.7354569 0.5771236 0.6400931 0.5734265 0.4135618 0.2552285 0.1885618 0.1333333 0.1885618 0.3468951 0.5067598 0.5734265 0.6400931 0.7067598 0.7734265 0.6916667 0.5333334 0.4666667 0.4 0.3333333 0.2666667 0.2 0.1333333 0.06666667 0 0.06666667 0.1333333 0.2 0.2666667 0.425 0.5848647 0.6515314 0.7181981 0.9681981 1.129146 1.195812 1.262479 1.329146 1.30676 1.241176 5.182843 1.373427 1.623427
2.677184 2.627776 2.69336 2.716828 2.782412 2.589705 2.339705 2.089705 1.931371 1.903757 2.061007 2.216726 2.32028 2.339315 2.089315 1.943647 1.693647 1.443647 1.193647 1.051041 0.8010407 0.6437902 0.6714045 0.6374789 0.4791456 0.4124789 0.225 0 0.2 0.2828427 0.3495094 0.416176 0.4828427 0.5495093 0.616176 0.6276143 0.5609476 0.6239172 0.5572505 0.4905838 0.4239172 0.3192809 0.1609476 0.09428091 0.1583333 0.2239171 0.2905838 0.3572505 0.2942809 0.3609476 0.4276142 0.4942809 0.6526142 0.812479 0.8791456 0.9458123 1.012479 1.079146 1.145812 1.082843 1.149509 5.182843 1.72698
