LSCAM_InData/LSCAM_InData/accessibilitydomesticcambodia.asc
ncols         292
nrows         251
xllcorner     800180
yllcorner     -2175230
cellsize      2000
NODATA_value  -9999
[rows 140 to 167 of 251, columns 189 to 251 of 292]
1.062479 1.129146 1.232699 1.423427 1.357843 1.31066 1.06066 0.9571068 0.8535534 0.75 0.8535534 0.6124789 0.5468951 0.5192809 0.5848647 0.6791456 0.6124789 0.4515314 0.2942809 4.327614 0.4 0.518198 0.6717514 0.9217514 1.171751 1.421751 1.671751 1.921751 1.807555 1.704002 1.396751 1.071751 0.9681981 0.862479 0.612479 0.5458123 0.4802285 0.5458123 0.5681981 0.3572505 0.2916667 0.2276143 0.3848647 0.6348647 0.8848647 1.134865 1.384865 1.562479 1.666032 1.769586 1.873139 2.123139 2.100753 1.9972 1.893647 1.790093 1.723427 1.65676 1.590093 1.524509 1.569281 1.319281 1.069281
0.812479 0.8791456 1.129146 1.173427 1.107843 1.080228 1.101531 0.8515313 0.7848647 0.718198 0.6515313 0.5468951 0.3885618 0.3609475 0.518198 0.6135617 0.4552284 0.3885618 4.327614 0.4828427 0.625 0.718198 0.8717514 1.025305 1.275305 1.525305 1.775305 2.025305 1.925305 1.675305 1.425305 1.321751 1.216032 0.9660324 0.862479 0.7958123 0.7302285 0.7958123 0.7108039 0.6072505 0.4515314 0.2942809 0.4515314 0.612479 0.862479 1.060313 1.245812 1.312479 1.416032 1.519586 1.769586 1.96742 1.9972 1.7472 1.643647 1.540093 1.473427 1.40676 1.340093 1.274509 1.340093 1.341972 1.091972
0.6552285 0.8135618 1.063562 1.016176 0.9495093 0.9218951 1.035948 0.7859476 0.6276142 0.5609475 0.4942809 0.4276142 0.3609475 0.2942809 4.233333 4.166667 4.1 4.3 0.4828427 0.6828427 0.8010407 0.968198 1.071751 1.225305 1.378858 1.628858 1.878858 2.128858 2.028858 1.778858 1.675305 1.569586 1.319586 1.216032 1.112479 1.045812 0.9802285 1.045812 0.9608039 0.7681981 0.5181981 0.3609476 0.3885618 0.5468951 0.7067599 0.9291456 0.9958123 1.062479 1.166032 1.416032 1.613867 1.863867 1.804594 1.643647 1.393647 1.290093 1.223427 1.15676 1.090093 1.024509 1.090093 1.112479 0.9884181
4.688562 4.938562 5.077124 1.04379 1.013562 0.8552284 4.794281 4.727614 4.660947 4.594281 4.527614 4.366667 0.3333333 0.2666667 0.2 0.1333333 0 0.2 0.4 0.625 0.875 1.125 1.321751 1.425305 1.578858 1.732412 2.057412 2.338478 2.132412 2.103858 1.923139 1.673139 1.569586 1.466032 1.362479 1.295812 1.230228 1.295812 1.084865 0.8348647 0.5848647 0.5192809 0.4552285 0.4828427 0.6135618 0.6791456 0.7458123 0.812479 1.062479 1.260313 1.510313 1.634374 1.554594 1.451041 1.290093 1.040093 0.9734265 0.9067599 0.8400932 0.7745094 0.8400932 0.862479 0.7958123
0.6552285 0.8135618 0.9734265 1.040093 4.860948 0.8276142 0.7609475 0.6942809 0.6276142 0.5609475 0.4942809 0.4276142 0.4905838 0.4239171 0.3468951 0.1885618 0.1333333 0.2916667 0.518198 0.718198 0.968198 1.218198 1.468198 1.675305 1.778858 1.932412 2.085965 2.335965 2.457412 2.351693 2.026693 1.923139 1.819586 1.716032 1.612479 1.545812 1.480228 1.438418 1.188418 0.9384181 0.8348647 0.6791456 0.5848647 0.4276142 0.4552285 0.5218952 0.5885618 0.7468952 0.9067599 1.15676 1.317707 1.384374 1.451041 1.201041 1.134374 0.9745094 0.8161761 0.7495094 0.6828427 0.6161761 0.6791456 0.612479 0.5458123
0.6828427 0.7495094 0.8161761 0.8828427 0.9218951 0.8552284 0.918198 0.8515313 0.7848647 0.718198 0.6515313 0.5859475 0.6515313 0.6359476 0.3859476 0.2276142 0.2916667 0.3572505 0.6072505 0.8572505 1.071751 1.321751 1.571751 1.821751 2.103858 2.238477 2.285965 2.439518 2.689518 2.486312 2.276693 2.173139 2.069586 1.966032 1.862479 1.795812 1.730228 1.490584 1.240584 0.9905838 0.7405838 0.4905838 0.425 0.3609476 0.5181981 0.5495094 0.6161761 0.6828427 0.841176 1.001041 1.067707 1.134374 1.201041 1.135457 0.9771236 0.910457 0.8437903 0.9067599 0.7468952 0.5885618 0.5218952 0.4552285 0.3885618
0.841176 0.9067599 0.9734265 1.040093 1.079146 1.013562 1.079146 1.101531 1.034865 0.968198 0.9015313 0.8359475 0.8624789 0.6124789 0.4515314 0.2942809 0.4515314 0.6072505 0.7108039 0.9608039 1.210804 1.425305 1.675305 1.925305 2.175305 2.425305 2.610965 2.639518 2.899137 2.736312 2.526692 2.423139 2.319586 2.216032 2.101244 1.851244 1.601244 1.497691 1.398917 0.9989172 0.6739172 0.4239172 0.2666667 0.2942809 0.4526142 0.7026142 0.7734265 0.710457 0.7771236 0.8437903 0.910457 0.9771236 1.04379 1.071405 1.004738 1.067707 1.002124 1.062479 0.812479 0.7458123 0.6791456 0.612479 0.5078427
1.091176 1.15676 1.223427 1.290093 1.329146 1.263562 1.329146 1.351531 1.284865 1.218198 1.151531 1.046895 0.7968951 0.5468951 0.3885618 0.3609475 0.518198 0.768198 0.9608039 1.064357 1.314357 1.564357 1.778858 2.028858 2.278858 2.528858 2.778858 2.889518 2.853553 2.75 2.776692 2.673139 2.49769 2.24769 1.997691 1.747691 1.57269 1.247691 1.103757 0.9322504 0.6072505 0.3572505 0.2 0.3572505 0.5181981 0.7681981 0.9343741 0.8687903 0.8047379 0.8714045 1.029738 1.134374 1.201041 1.228655 1.163071 1.228655 1.252124 1.166032 1.062479 0.9958123 0.9291456 0.8613961 -9999
1.341176 1.40676 1.473427 1.540093 1.506269 1.440685 1.4683 1.533883 1.534865 1.468198 1.273427 1.023427 0.7734265 0.6124789 0.4552284 0.5192809 0.5848647 0.8348647 1.084865 1.314357 1.417911 1.667911 1.917911 2.132411 2.382411 2.707412 2.81066 2.707107 2.603553 2.5 2.603553 2.644137 2.394137 2.144137 1.894137 1.644137 1.394137 1.144137 0.8941372 0.6441372 0.5405838 0.2905838 0.1333333 0.2905838 0.5405838 0.6072505 0.7108039 0.9608039 0.9630712 1.028655 1.095322 1.345322 1.451041 1.478655 1.413071 1.478655 1.502124 1.416032 1.312479 1.245812 1.179146 1.111396 -9999
1.591176 1.65676 1.698875 1.506269 1.256269 1.190685 1.2183 1.283883 1.35055 1.457843 1.207843 0.9578427 0.7078427 0.5495093 0.5218951 0.6791456 0.8348647 0.938418 1.188418 1.438418 1.667911 1.771464 2.021464 2.271464 2.485965 2.664213 2.56066 2.457107 2.353553 2.25 2.353553 2.457107 2.290584 2.040584 1.790584 1.540584 1.290584 1.040584 0.7905838 0.5405838 0.2905838 0.2239171 0.06666667 0.2239171 0.2905838 0.3572505 0.6072505 0.7681981 0.8717514 1.121751 1.319586 1.448875 1.698875 1.728655 1.663071 1.728655 1.752124 1.666032 1.562479 1.495812 1.429146 -9999 -9999
1.708148 1.604594 1.448875 1.345322 1.189603 1.032352 1.059966 1.126633 1.284966 1.523427 1.273427 1.023427 0.7734265 0.616176 0.6802285 0.7458122 0.9958122 1.188418 1.291971 1.541971 1.791971 2.021464 2.125017 2.375017 2.517767 2.414213 2.31066 2.207107 2.178553 2 2.103553 2.207107 2.31066 2.106168 1.856168 1.606168 1.356168 1.106168 0.8561677 0.55 0.225 0.06666667 0 0.06666667 0.1333333 0.2916667 0.4515314 0.5181981 0.7681981 0.9660324 1.216032 1.413867 1.663867 1.861701 1.913071 1.978655 2.002124 1.916032 1.812479 1.745812 1.679146 -9999 -9999
1.510313 1.354594 1.251041 1.095322 1.029738 0.9656854 1.122936 1.283883 1.35055 1.590093 1.340093 1.090093 0.8400931 0.6828427 0.8400931 0.9958122 1.099366 1.349366 1.541971 1.645525 1.895525 2.145525 2.375017 2.37132 2.267767 2.164213 2.06066 1.957107 1.853553 1.75 1.853553 1.957107 2.06066 2.002614 1.752614 1.502614 1.252614 1.002614 0.7526143 0.5026143 0.2526142 0.09428091 0.1583333 0.2239171 0.1609476 0.2276143 0.2942809 0.4526142 0.612479 0.862479 1.060313 1.310313 1.508148 1.758148 2.008147 2.228655 2.252124 2.166032 2.062479 1.995812 1.900358 -9999 -9999
1.260313 1.15676 1.001041 0.935457 0.8714045 0.8990188 1.057352 1.307352 1.557352 1.65676 1.40676 1.15676 0.9067598 0.7495093 0.9067598 1.15676 1.349366 1.452919 1.702919 1.895525 1.999078 2.249078 2.37132 2.12132 2.017767 1.914214 1.81066 1.707107 1.603553 1.5 1.678553 1.707107 1.81066 1.914214 1.856168 1.606168 1.356168 1.106168 0.8561676 0.6061676 0.3942809 0.1609476 0.3181981 0.3848647 0.3192809 0.3848647 0.3218952 0.3885618 0.5468951 0.7067599 0.9567599 1.154594 1.404594 1.654594 1.904594 2.154594 2.404594 2.416032 2.312479 2.245812 -9999 -9999 -9999
1.062479 0.9067599 0.841176 0.7771236 0.8047379 0.9630712 1.122936 1.269729 1.373283 1.476836 1.387479 1.142707 0.8927074 0.7354569 0.8927074 1.142707 1.392707 1.533148 1.783148 1.888867 1.99242 2.24242 2.267767 2.017767 1.767767 1.664214 1.56066 1.457107 1.353553 1.25 1.353553 1.457107 1.56066 1.664214 1.767767 1.634865 1.384865 1.134865 0.8848647 0.6348647 0.3848647 0.2276143 0.3848647 0.6348647 0.5692809 0.5458123 0.4802285 0.4161761 0.4828427 0.641176 0.8010408 1.051041 1.301041 1.551041 1.801041 -9999 -9999 2.666032 2.562479 2.303395 -9999 -9999 -9999
0.812479 0.7468952 0.6828427 0.710457 0.8687903 1.019729 0.9541457 1.019729 1.123283 1.241032 1.137479 1.071895 0.8260407 0.6687903 0.8260407 1.076041 1.179594 1.429594 1.535313 1.638867 1.888867 2.138867 2.164213 1.914214 1.664214 1.414214 1.31066 1.207107 1.103553 1 1.103553 1.207107 1.31066 1.414214 1.664214 1.612479 1.362479 1.112479 0.862479 0.612479 0.4515314 0.2942809 0.4515314 0.7015314 -9999 0.7958123 0.6400932 0.5745094 -9999 0.5771236 0.7354569 -9999 -9999 -9999 -9999 -9999 -9999 -9999 -9999 -9999 -9999 -9999 -9999
0.7458123 0.5885618 0.6161761 0.7354569 0.8010408 0.7697294 0.7041457 0.7697294 0.9254485 0.9910324 0.8874789 0.8218951 0.7593741 0.6021236 0.7593741 0.8260407 1.076041 1.18176 1.285313 1.535313 1.785313 2.035313 2.06066 1.81066 1.56066 1.31066 1.06066 0.9571068 0.8535534 0.75 0.8535534 0.9571068 1.06066 1.31066 1.497691 1.378858 1.275305 1.045812 0.7958123 0.5458123 0.3885618 0.3609476 -9999 -9999 -9999 -9999 -9999 -9999 -9999 -9999 -9999 -9999 -9999 -9999 -9999 -9999 -9999 -9999 -9999 -9999 -9999 -9999 -9999
0.5859476 0.5218952 0.5495094 0.5771236 0.6964046 0.7030628 0.5458123 0.6098647 0.6754485 0.793198 0.6374789 0.5718951 0.5995094 0.535457 0.6021236 0.7604569 0.8650932 0.9317598 1.18176 1.43176 1.68176 1.93176 1.957107 1.707107 1.457107 1.207107 0.9571068 0.7071068 0.6035534 0.5 0.6035534 0.7071068 0.9571068 1.207107 1.247691 1.144137 1.025305 0.9217514 0.7291456 0.4791456 0.3218952 0.4791456 0.5848647 -9999 -9999 -9999 -9999 -9999 -9999 -9999 -9999 -9999 -9999 -9999 -9999 -9999 -9999 -9999 -9999 -9999 -9999 -9999 -9999
0.4276142 0.4552285 0.5745094 0.510457 0.5380712 0.5458123 0.4791456 0.4515314 0.6087819 0.543198 0.4776142 0.4135618 0.441176 0.5078427 0.5745094 0.641176 0.7078427 0.866176 1.116176 1.441176 1.747344 1.997344 1.853553 1.603553 1.353553 1.103553 0.8535534 0.6035534 0.3535534 0.25 0.3535534 0.6035534 0.8535534 1.103553 0.9976906 0.8941372 0.7905838 0.6717514 0.5681981 0.412479 0.2552285 0.412479 0.6624789 0.5889771 -9999 -9999 -9999 -9999 -9999 -9999 -9999 -9999 -9999 -9999 -9999 -9999 -9999 -9999 -9999 -9999 -9999 -9999 -9999
0.3609476 0.3885618 0.4161761 0.4437903 0.6021236 0.7030628 0.5421152 0.3848647 0.4489172 0.3833333 0.3192809 0.3468951 0.5052285 0.6650932 0.7317598 0.7984265 0.7354569 0.8937902 1.14379 1.39379 1.64379 1.89379 1.75 1.5 1.25 1 0.75 0.5 0.25 0 0.25 0.5 0.75 1 0.8941372 0.6441372 0.5405838 0.4739171 0.3181981 0.2526142 0.1885618 0.3468952 0.5968952 0.8468952 0.7803571 -9999 -9999 -9999 -9999 -9999 -9999 -9999 -9999 -9999 -9999 -9999 -9999 -9999 -9999 -9999 -9999 -9999 -9999
0.2942809 0.3218952 0.3495094 0.5078427 0.6677074 0.7265314 0.4765314 0.3181981 0.3822505 0.225 0.2526142 0.4109476 0.5708123 0.8208123 0.9302285 0.9067599 0.7495094 0.9067599 1.15676 1.40676 1.65676 1.90676 1.853553 1.678553 1.353553 1.103553 0.8535534 0.6785533 0.3535534 0.25 0.3535534 0.6035534 0.8535534 1.040584 0.7905838 0.5405838 0.2905838 0.2239171 0.1583333 0.09428091 0.1609476 0.3192809 0.5692809 0.8192809 1.069281 -9999 -9999 -9999 -9999 -9999 -9999 -9999 -9999 -9999 -9999 -9999 -9999 -9999 -9999 -9999 -9999 -9999 -9999
0.2276143 0.2552285 0.3218952 0.4802285 0.7302285 0.5155838 0.4109476 0.2526142 0.2239171 0.1583333 0.3166667 0.4765314 0.6802285 0.6526142 0.6802285 0.7458123 0.6828427 0.841176 1.091176 1.341176 1.591176 1.916176 1.865745 1.707107 1.457107 1.282107 0.9571068 0.7071068 0.6035534 0.5 0.6035534 0.7071068 0.9571068 0.975 0.725 0.475 0.225 0.06666667 0 0.06666667 0.225 0.3848647 0.6348647 0.8848647 1.134865 1.009249 -9999 -9999 -9999 -9999 -9999 -9999 -9999 -9999 -9999 -9999 -9999 -9999 -9999 -9999 -9999 -9999 -9999
0.1609476 0.3181981 0.4739171 0.5405838 0.6441372 0.45 0.2916667 0.225 0.1583333 0 0.25 0.5 0.5218952 0.4942809 0.5218952 0.5885618 0.6552285 0.8135618 1.063562 1.313562 1.563562 1.804146 1.837192 1.512192 1.483638 1.247691 0.9976906 0.8941372 0.7905838 0.7239171 0.6583333 0.7239171 0.7905838 0.8941373 0.737479 0.412479 0.3276142 0.09428091 0.1583333 0.2239171 0.2905838 0.5405838 0.7384181 0.9884181 1.238418 -9999 -9999 -9999 -9999 -9999 -9999 -9999 -9999 -9999 -9999 -9999 -9999 -9999 -9999 -9999 -9999 -9999 -9999
0.09428091 0.1583333 0.2239171 0.2905838 0.5405838 0.5155838 0.4109476 0.2526142 0.2239171 0.1583333 0.3166667 0.5666667 0.4552285 0.4276142 0.5848647 0.7405838 0.812479 0.8791456 1.129146 1.379146 1.413562 1.479146 1.620812 1.483638 1.158638 1.055085 0.8941372 0.6441372 0.5405838 0.4739171 0.4083333 0.4739171 0.5405838 0.7385618 0.8218951 0.4218951 0.1885618 0.1609476 0.3181981 0.4739171 0.5405838 0.6441372 0.8941372 1.091972 1.035467 -9999 -9999 -9999 -9999 -9999 -9999 -9999 -9999 -9999 -9999 -9999 -9999 -9999 -9999 -9999 -9999 -9999 -9999
0.06666667 0 0.06666667 0.225 0.3848647 0.4515314 0.4515314 0.2942809 0.2526142 0.225 0.3822505 0.6322505 0.5181981 0.3609476 0.425 0.4905838 0.7405838 0.9905838 1.232699 1.229146 1.163562 1.229146 1.295812 1.358985 1.055085 0.8050848 0.7765314 0.5405838 0.2905838 0.2239171 0.1583333 0.2239171 0.2905838 0.4135618 0.5852116 0.412479 0.2552285 0.3942809 0.3848647 0.6348647 0.7905838 0.8941372 0.9976906 1.247691 1.445525 -9999 -9999 -9999 -9999 -9999 -9999 -9999 -9999 -9999 -9999 -9999 -9999 -9999 -9999 -9999 -9999 -9999 -9999
0.2239171 0.1583333 0.09428091 0.1609476 0.2276143 0.3859476 0.3468952 0.2276143 0.2552285 0.3833333 0.4489172 0.6989172 0.4526142 0.2942809 0.2666667 0.4239172 0.6739172 0.9239172 1.002614 0.9791456 0.9135618 0.9791456 1.045812 1.187479 0.8993657 0.7765314 0.4515314 0.3848647 0.225 0.06666667 0 0.06666667 0.225 0.2552285 0.4885618 0.3495094 0.3218952 0.5552285 0.7098647 0.65 0.6035534 0.7071068 0.9571068 1.207107 1.036535 -9999 -9999 -9999 -9999 -9999 -9999 -9999 -9999 -9999 -9999 -9999 -9999 -9999 -9999 -9999 -9999 -9999 -9999
0.4739171 0.3181981 0.2526142 0.3181981 0.2552285 0.2552285 0.1885618 0.1609476 0.225 0.2905838 0.5405838 0.6072505 0.5181981 0.3572505 0.2 0.3572505 0.6072505 0.8181981 0.7526143 0.7291456 0.6635618 0.7291456 0.7958123 0.862479 0.7958123 0.5458123 0.3859476 0.2276143 0.1609476 0.09428091 0.06666667 0.09428091 0.1609476 0.2276143 0.2942809 0.3609476 0.5552285 0.6518783 0.4596194 0.325 0.3535534 0.6035534 0.8535534 1.103553 -9999 -9999 -9999 -9999 -9999 -9999 -9999 -9999 -9999 -9999 -9999 -9999 -9999 -9999 -9999 -9999 -9999 -9999 -9999
0.6717514 0.5681981 0.5026143 0.4791456 0.4135618 0.412479 0.2526142 0.09428091 0.06666667 0.2239171 0.2905838 0.3572505 0.3181981 0.2526142 0.1333333 0.2905838 0.5026143 0.5681981 0.5026143 0.4791456 0.4135618 0.4791456 0.5458123 0.612479 0.6400932 0.4802285 0.3218952 0.2552285 0.3181981 0.1609476 0.225 0.2526142 0.3181981 0.3848647 0.4515314 0.5942809 0.5848647 0.575 0.25 0 0.25 0.5 0.75 0.8535534 -9999 -9999 -9999 -9999 -9999 -9999 -9999 -9999 -9999 -9999 -9999 -9999 -9999 -9999 -9999 -9999 -9999 -9999 -9999
0.9217514 0.8181981 0.7526143 0.7291456 0.6635618 0.5681981 0.3181981 0.1583333 0 0.06666667 0.1333333 0.2 0.1609476 0.09428091 0.06666667 0.2239171 0.2526142 0.3181981 0.2526142 0.3181981 0.2552285 0.3218952 0.3885618 0.4552285 0.4828427 0.4161761 0.3495094 0.4135618 0.3166667 0.1583333 0.2239171 0.3822505 0.5681981 0.7098647 0.7015314 0.8050848 0.8348647 0.6035534 0.3535534 0.25 0.3535534 0.6035534 0.5 0.6035534 -9999 -9999 -9999 -9999 -9999 -9999 -9999 -9999 -9999 -9999 -9999 -9999 -9999 -9999 -9999 -9999 -9999 -9999 -9999
