LSCAM_InData/LSCAM_InData/accessibilityinternationalcambodia.asc
ncols         292
nrows         251
xllcorner     800180
yllcorner     -2175230
cellsize      2000
NODATA_value  -9999
[rows 28 to 55 of 251, columns 64 to 127 of 292]
-9999 -9999 -9999 -9999 -9999 -9999 -9999 -9999 -9999 -9999 -9999 -9999 -9999 -9999 -9999 -9999 -9999 -9999 -9999 -9999 -9999 -9999 -9999 -9999 -9999 -9999 -9999 -9999 -9999 -9999 -9999 -9999 -9999 -9999 -9999 -9999 -9999 -9999 -9999 -9999 -9999 -9999 -9999 -9999 -9999 -9999 -9999 -9999 -9999 -9999 -9999 -9999 -9999 -9999 -9999 -9999 -9999 -9999 -9999 -9999 -9999 -9999 -9999 -9999
-9999 -9999 -9999 -9999 -9999 -9999 -9999 -9999 -9999 -9999 -9999 -9999 -9999 -9999 -9999 -9999 -9999 -9999 -9999 -9999 -9999 -9999 -9999 -9999 -9999 -9999 -9999 -9999 -9999 -9999 -9999 -9999 -9999 -9999 -9999 -9999 -9999 -9999 -9999 -9999 -9999 -9999 -9999 -9999 -9999 -9999 -9999 -9999 -9999 -9999 -9999 -9999 -9999 -9999 -9999 -9999 -9999 -9999 -9999 -9999 -9999 -9999 -9999 -9999
-9999 -9999 -9999 -9999 -9999 -9999 -9999 -9999 -9999 -9999 -9999 -9999 -9999 -9999 -9999 -9999 -9999 -9999 -9999 -9999 -9999 -9999 -9999 -9999 -9999 -9999 -9999 -9999 -9999 -9999 -9999 -9999 -9999 -9999 -9999 -9999 -9999 -9999 -9999 -9999 -9999 -9999 -9999 -9999 -9999 -9999 -9999 -9999 -9999 -9999 -9999 -9999 -9999 -9999 -9999 -9999 -9999 -9999 -9999 -9999 -9999 -9999 -9999 -9999
-9999 -9999 -9999 -9999 -9999 -9999 -9999 -9999 -9999 -9999 -9999 -9999 -9999 -9999 -9999 -9999 -9999 -9999 -9999 -9999 -9999 -9999 -9999 -9999 -9999 -9999 -9999 -9999 -9999 -9999 -9999 -9999 -9999 -9999 -9999 -9999 -9999 -9999 -9999 -9999 -9999 -9999 -9999 -9999 -9999 -9999 -9999 -9999 -9999 -9999 -9999 -9999 -9999 -9999 -9999 -9999 -9999 -9999 -9999 -9999 -9999 -9999 -9999 -9999
-9999 -9999 -9999 -9999 -9999 -9999 -9999 -9999 -9999 -9999 -9999 -9999 -9999 -9999 -9999 -9999 -9999 -9999 -9999 -9999 -9999 -9999 -9999 -9999 -9999 -9999 -9999 -9999 -9999 -9999 -9999 -9999 -9999 -9999 -9999 -9999 -9999 -9999 -9999 -9999 -9999 -9999 -9999 -9999 -9999 -9999 -9999 -9999 -9999 -9999 -9999 -9999 -9999 -9999 -9999 -9999 -9999 -9999 -9999 -9999 3.631371 -9999 -9999 3.542523
-9999 -9999 -9999 -9999 -9999 -9999 -9999 -9999 -9999 -9999 -9999 -9999 -9999 -9999 -9999 -9999 -9999 -9999 -9999 -9999 -9999 -9999 -9999 -9999 -9999 -9999 -9999 -9999 -9999 -9999 -9999 -9999 -9999 -9999 -9999 -9999 -9999 -9999 -9999 -9999 -9999 -9999 -9999 -9999 -9999 -9999 -9999 -9999 -9999 -9999 -9999 -9999 -9999 -9999 -9999 -9999 3.419933 3.1866 -9999 3.258986 3.231371 3.328021 3.414705 3.255636
-9999 -9999 -9999 -9999 -9999 -9999 -9999 -9999 -9999 -9999 -9999 -9999 -9999 -9999 -9999 -9999 -9999 -9999 -9999 -9999 -9999 -9999 -9999 -9999 -9999 -9999 -9999 -9999 -9999 -9999 -9999 -9999 -9999 -9999 -9999 -9999 -9999 -9999 -9999 -9999 -9999 -9999 -9999 -9999 -9999 -9999 -9999 -9999 -9999 -9999 -9999 -9999 -9999 -9999 -9999 3.642319 3.317319 3.158985 3.092319 3.025652 2.998038 3.06209 3.089705 3.083986
-9999 -9999 -9999 -9999 -9999 -9999 -9999 -9999 -9999 -9999 -9999 -9999 -9999 -9999 -9999 -9999 -9999 -9999 -9999 -9999 -9999 -9999 -9999 -9999 -9999 -9999 -9999 -9999 -9999 -9999 -9999 -9999 -9999 -9999 -9999 -9999 -9999 3.642689 -9999 -9999 -9999 -9999 -9999 -9999 -9999 -9999 -9999 -9999 -9999 -9999 -9999 -9999 -9999 -9999 4.069933 3.669933 3.344933 3.1866 3.249569 3.089705 2.931371 2.903757 2.931371 2.998038
-9999 -9999 -9999 -9999 -9999 1.039763 -9999 -9999 -9999 -9999 -9999 -9999 -9999 -9999 -9999 -9999 -9999 -9999 -9999 -9999 -9999 -9999 -9999 -9999 -9999 -9999 -9999 -9999 -9999 -9999 -9999 -9999 -9999 -9999 -9999 -9999 3.775162 3.840746 3.555707 -9999 -9999 -9999 3.931806 -9999 3.954749 -9999 -9999 -9999 4.454654 4.579308 4.195203 -9999 -9999 4.385517 3.985517 3.660517 3.410517 3.253266 3.405288 3.155288 2.994341 2.83709 2.994341 3.155288
-9999 -9999 -9999 1.389949 1.2933 1.154247 -9999 -9999 -9999 -9999 -9999 -9999 -9999 -9999 -9999 -9999 -9999 -9999 -9999 -9999 -9999 -9999 -9999 -9999 -9999 -9999 -9999 -9999 -9999 -9999 -9999 -9999 3.410864 -9999 -9999 3.535517 3.450162 3.515746 3.657413 3.724079 3.858698 4.079798 4.146464 4.138131 4.115746 4.066092 3.969442 3.911228 4.054654 4.179307 4.207861 4.36358 4.467133 4.227183 3.977184 3.727184 3.477184 3.319933 3.334925 3.177674 2.927674 2.770424 2.889705 2.955289
1.832555 -9999 -9999 1.2933 1.059966 1.087581 -9999 -9999 -9999 -9999 -9999 -9999 -9999 -9999 -9999 -9999 -9999 -9999 -9999 -9999 -9999 -9999 -9999 -9999 -9999 -9999 -9999 -9999 3.984333 4.070424 -9999 -9999 3.314214 3.080881 3.144933 3.210517 3.200162 3.265746 3.332412 3.399079 3.649079 3.754798 3.821465 3.888131 3.865745 3.800161 3.736109 3.724671 3.788723 3.854307 4.010026 4.11358 4.269299 4.160517 3.910517 3.660517 3.410517 3.253266 3.268258 3.111008 2.861008 2.703757 2.731371 2.888622
1.622936 1.372936 1.122936 1.057352 0.9932997 1.226633 -9999 -9999 -9999 1.67131 -9999 -9999 -9999 -9999 1.876953 -9999 -9999 -9999 -9999 -9999 -9999 -9999 -9999 -9999 -9999 -9999 -9999 3.480779 3.584333 3.670424 3.653123 3.403123 3.172548 3.014214 2.9866 3.105881 3.041829 3.108495 3.175162 3.333495 3.438131 3.504798 3.571465 3.638131 3.704798 3.641828 3.708495 3.697057 3.63039 3.694443 3.760026 3.915745 4.019299 4.09385 3.84385 3.59385 3.34385 3.1866 3.294341 3.044341 2.794341 2.63709 2.664705 2.816727
1.498875 1.306269 1.056269 0.8990188 0.926633 1.084966 1.334966 1.584966 1.726489 1.830043 1.953164 1.887581 1.675333 2.019831 2.123384 1.797687 -9999 -9999 -9999 -9999 2.636498 2.703165 2.769832 2.836498 2.790052 2.924671 3.164113 3.155779 3.259333 3.345424 3.411008 3.29957 3.04957 2.983986 2.919933 2.947548 3.014214 3.172548 3.147547 3.214214 3.280881 3.347547 3.414214 3.48088 3.547547 3.614214 3.772547 3.761109 3.602776 3.536109 3.600162 3.665745 3.821465 3.844933 3.777184 3.527184 3.277184 3.119933 3.228757 2.978757 2.728757 2.570424 2.633394 2.566727
1.248875 1.145322 0.9896026 0.8323521 0.9896026 1.15055 1.306269 1.372936 1.476489 1.690685 1.628164 1.562581 1.628164 1.694831 1.798385 1.904248 1.969831 2.036498 2.103165 2.169832 2.236498 2.303165 2.369832 2.436498 2.465052 2.715052 2.839113 2.905779 3.009333 3.095424 3.161008 3.138622 2.982903 2.825652 2.853267 2.919933 2.9866 3.053267 3.2116 3.371465 3.438131 3.504798 3.571465 3.533005 3.598589 3.622057 3.687641 3.791194 3.666828 3.508495 3.441828 3.505881 3.571465 3.594933 3.660517 3.460517 3.210517 3.053267 3.201143 2.951143 2.701143 2.542809 2.476143 2.409476
1.051041 0.8953217 0.8297379 0.7656854 0.9229359 0.9896026 1.056269 1.122936 1.372936 1.440685 1.378164 1.312581 1.378164 1.444831 1.644831 1.579247 1.644831 1.711498 1.778165 1.844831 1.911498 1.978165 2.044832 2.111498 2.361498 2.522446 2.589113 2.655779 2.759333 2.845424 2.911008 2.888622 2.823038 2.758986 2.917319 3.077184 3.143851 3.080881 3.147547 3.214214 3.280881 3.415255 3.348589 3.283005 3.348589 3.372057 3.437641 3.541194 3.696913 3.572547 3.414214 3.347547 3.410517 3.344933 3.410517 3.393851 3.143851 2.9866 3.138622 2.888622 2.766727 2.662091 2.503757 2.437091
0.8010408 0.7354569 0.6714045 0.6990188 0.7656854 0.8323521 0.8990188 1.057352 1.217217 1.190685 1.2183 1.154247 1.220914 1.379247 1.483884 1.420914 1.487581 1.554248 1.620914 1.687581 1.754248 1.820915 1.887581 2.045915 2.205779 2.272446 2.339113 2.405779 2.655779 2.595424 2.661008 2.727674 2.664705 2.731371 2.889705 3.139705 3.304798 3.239214 3.304798 3.371465 3.308495 3.258005 3.191338 3.124671 3.187641 3.122057 3.187641 3.34336 3.446913 3.602633 3.478266 3.319933 3.253266 3.1866 3.249569 3.182903 3.078267 2.919933 2.982903 2.823038 2.664705 2.598038 2.531372 2.595424
0.7343741 0.5771236 0.6047379 0.7630712 0.9229359 0.9896026 0.926633 0.9932997 1.059966 1.032352 1.059966 1.126633 1.1933 1.259966 1.326633 1.3933 1.551633 1.711498 1.778165 1.844831 1.911498 1.978165 1.915195 1.981862 2.048529 2.115196 2.181862 2.340195 2.50006 2.437091 2.503757 2.570424 2.63709 2.795424 2.955289 3.205289 3.455289 3.489214 3.554798 3.532412 3.466828 3.415255 3.25539 3.097057 3.030391 2.963724 3.027776 3.09336 3.249079 3.352633 3.427184 3.3616 3.317319 3.158985 3.092319 3.025652 2.958986 2.892319 2.825652 2.758986 2.692319 2.755289 2.689705 2.744832
0.5745094 0.510457 0.6677074 0.828655 1.078655 1.15055 1.028655 0.9630712 1.028655 0.9656854 1.032352 1.190685 1.35055 1.417217 1.354247 1.420914 1.579247 1.739112 1.989112 2.094831 2.161498 2.139113 2.073529 2.139113 2.205779 2.272446 2.209476 2.276143 2.34281 2.409476 2.56781 2.727674 2.794341 2.861008 3.111008 3.308842 3.558842 3.739214 3.804798 3.782412 3.716828 3.570974 3.320974 3.254308 3.094443 2.93611 2.869443 2.933495 2.999079 3.154798 3.177184 3.1116 3.177184 3.239705 3.249569 3.182903 3.116236 3.04957 2.982903 2.916236 2.850652 2.916236 2.928165 2.678165
0.4161761 0.4437903 0.6021236 0.8521236 0.9578427 0.9343741 0.8687903 0.8047379 0.8714045 0.9380712 1.096405 1.256269 1.414603 1.448528 1.420914 1.448528 1.515195 1.673528 1.833393 1.90006 1.966727 2.216727 2.323529 2.389113 2.455779 2.433394 2.276143 2.303757 2.462091 2.566727 2.633394 2.883394 3.044341 3.111008 3.214561 3.464561 3.662395 3.912395 4.054798 4.032413 3.924528 3.674528 3.570974 3.410027 3.160027 3.000162 2.841829 2.775162 2.839214 2.904798 2.927184 2.8616 2.927184 2.989705 3.055289 3.158842 3.262395 3.29957 3.232903 3.166236 3.100652 3.111498 2.861498 2.611498
0.3495094 0.5078427 0.6677074 0.7734265 0.7078427 0.7734265 0.710457 0.7771236 0.935457 1.095322 1.161988 1.320322 1.386988 1.545322 1.579247 1.606862 1.542809 1.609476 1.676143 1.74281 1.901143 2.061008 2.127674 2.194341 2.444341 2.292319 2.319933 2.462091 2.527675 2.777675 2.883394 2.986947 3.236947 3.361008 3.464561 3.568114 3.818114 4.015949 4.265949 4.278081 4.028081 3.924528 3.76358 3.51358 3.315746 3.065746 2.905881 2.747548 2.680881 2.743851 2.677184 2.6116 2.677184 2.739705 2.805289 2.908842 3.064561 3.168114 3.295915 3.361498 3.294832 3.044832 2.794832 2.544832
0.4135618 0.5734265 0.5468951 0.612479 0.5495094 0.6161761 0.6828427 0.841176 1.001041 1.159374 1.226041 1.292708 1.451041 1.610906 1.829247 1.766726 1.701143 1.766726 1.833393 1.770424 1.83709 1.903757 1.970424 2.128757 2.288622 2.225652 2.383986 2.543851 2.777675 2.881228 3.131228 3.236947 3.3405 3.5905 3.714561 3.818114 3.921668 4.171668 4.369502 4.381634 4.278081 4.117133 3.867133 3.669299 3.419299 3.221465 2.971465 2.8116 2.653267 2.5866 2.519933 2.453267 2.517319 2.489705 2.555289 2.711008 2.814561 2.983394 3.045915 3.111498 3.215052 2.978165 2.728165 2.478165
0.3848647 0.4515314 0.3885618 0.4552285 0.5218952 0.6802285 0.8400932 0.9067599 1.065093 1.13176 1.290093 1.449958 1.516625 1.766625 1.964459 2.016726 1.951143 2.016726 1.994341 1.928757 1.994341 2.061008 1.998038 2.064705 2.131371 2.198038 2.356371 2.516236 2.766236 3.016236 3.234781 3.484781 3.5905 3.694053 3.944053 4.068114 4.171668 4.275221 4.525221 4.631634 4.470686 4.220687 4.022852 3.772852 3.575018 3.325018 3.127184 2.877184 2.810517 2.743851 2.583986 2.425653 2.358986 2.331372 2.395424 2.461008 2.66781 2.733394 2.795915 2.861498 2.965052 2.911498 2.661498 2.411498
0.2276143 0.2942809 0.3609476 0.5192809 0.6791456 0.7458123 0.9041456 0.9708123 1.037479 1.195812 1.355677 1.605677 1.766625 1.870178 2.120178 2.266726 2.201143 2.266726 2.244341 2.178757 2.244341 2.221955 2.156372 2.221955 2.288622 2.225652 2.292319 2.450652 2.700652 2.950652 3.200652 3.439519 3.689519 3.887353 4.047607 4.297607 4.421668 4.525221 4.628774 4.82424 4.57424 4.376406 4.126406 3.928571 3.678571 3.480737 3.230737 3.127184 3.060517 2.89957 2.64957 2.582903 2.423038 2.264705 2.237091 2.394341 2.41781 2.483394 2.545915 2.611498 2.715052 2.818605 2.595914 2.345914
0.3848647 0.4515314 0.5181981 0.5848647 0.743198 0.8098647 0.8765314 1.034865 1.194729 1.261396 1.511396 1.70923 1.95923 2.120178 2.223732 2.473731 2.451143 2.516726 2.494341 2.428757 2.494341 2.471955 2.406372 2.471955 2.44957 2.292319 2.319933 2.478267 2.638132 2.888132 3.085966 3.335966 3.5338 3.7838 3.981634 4.231634 4.429469 4.679469 4.878774 4.927794 4.729959 4.479959 4.282125 4.032125 3.834291 3.584291 3.480737 3.377184 3.253123 3.003123 2.89957 2.738622 2.488622 2.328757 2.170424 2.233394 2.16781 2.233394 2.295915 2.361498 2.465052 2.620771 2.528165 2.278165
0.412479 0.6624789 0.7681981 0.8348647 0.7932997 0.951633 1.033782 1.100448 1.350448 1.511396 1.614949 1.864949 2.062784 2.312784 2.473731 2.577285 2.701143 2.766726 2.744341 2.678757 2.744341 2.721955 2.656372 2.721955 2.516236 2.450652 2.3866 2.414214 2.572548 2.732413 2.982413 3.180247 3.430247 3.628081 3.878081 4.075915 4.325915 4.575915 4.825915 4.883239 4.833512 4.635678 4.385678 4.187844 3.937844 3.834291 3.730737 3.606676 3.356676 3.253123 3.051143 2.801143 2.551143 2.301143 2.14281 2.076143 2.009476 2.073529 2.045915 2.111498 2.267217 2.370771 2.461498 2.211498
0.3468952 0.5968952 0.7630712 0.6990188 0.7656854 0.9240187 1.174019 1.350448 1.454002 1.704002 1.864949 1.968503 2.218503 2.416337 2.666337 2.827285 2.930838 3.016726 2.994341 2.928757 2.994341 2.971955 2.906372 2.86979 2.766236 2.610517 2.544933 2.480881 2.508495 2.666829 2.826694 3.076694 3.274528 3.524528 3.722362 3.972362 4.222362 4.472362 4.698822 4.633239 4.698822 4.739232 4.541397 4.291397 4.187844 4.084291 3.96023 3.71023 3.606676 3.366727 3.116727 2.866727 2.616727 2.366727 2.30006 2.140196 1.981862 1.915195 1.887581 1.951634 2.017217 2.267217 2.394831 2.144831
0.412479 0.6624789 0.6047379 0.6714045 0.8297379 0.9896026 1.239603 1.489603 1.704002 1.807555 2.057555 2.218503 2.322056 2.572056 2.76989 2.890254 2.956921 3.023587 3.090254 3.041828 2.975162 2.908495 2.841828 2.775162 2.708495 2.641829 2.575162 2.547548 2.575162 2.602776 2.76111 2.920974 3.170974 3.368809 3.618809 3.868809 4.118809 4.368809 4.448822 4.383239 4.448822 4.515489 4.619042 4.541397 4.437844 4.313783 4.063783 3.96023 3.72028 3.47028 3.22028 2.97028 2.72028 2.616727 2.455779 2.205779 2.139113 1.979248 1.820915 1.7933 1.950551 2.10627 2.209823 2.079247
0.4791456 0.510457 0.5771236 0.7354569 0.8953217 1.145322 1.343156 1.593156 1.843156 2.057555 2.161109 2.411108 2.572056 2.67561 2.925609 2.86264 3.020973 3.180838 3.247505 3.199079 3.132412 3.065746 2.999079 2.932412 2.865746 2.799079 2.733495 2.705881 2.733495 2.669443 2.697057 2.855391 3.015255 3.265255 3.515255 3.765255 4.015255 4.265255 4.198822 4.133239 4.198822 4.265489 4.369042 4.472596 4.667336 4.417336 4.313783 4.1799 3.929899 3.679899 3.398834 3.073833 2.97028 2.809333 2.559333 2.455779 2.294832 2.044832 1.883884 1.726634 1.790686 1.85627 2.011989 2.115542
