LSCAM_InData/LSCAM_InData/accessibilitydomesticcambodia.asc
ncols         292
nrows         251
xllcorner     800180
yllcorner     -2175230
cellsize      2000
NODATA_value  -9999
[rows 196 to 223 of 251, columns 126 to 188 of 292]
0.1553687 0.1077496 0.2066292 0.1333333 0.2905838 0.2526142 0.2923435 0.3579273 0.4756768 0.5405838 0.2905838 0.1333333 0.2526142 0.1885618 0.2552285 0.3218952 0.3885618 0.5009102 0.3616244 0.460504 0.5181981 0.4985993 0.5022638 0.3829829 0.5402334 0.7470353 0.7352006 0.7928947 0.896448 0.7067599 0.5495094 0.5218952 0.5495094 0.7067599 0.8677074 0.9343741 1.184374 1.345322 1.411988 1.467217 1.217217 1.15055 1.083884 1.017217 0.8599663 4.799019 0.7656854 0.7380712 0.7656854 0.8687903 4.99379 4.785948 0.6609476 0.5416667 0.5692809 0.5609476 0.4942809 0.4276142 0.3609476 0.4239172 0.3572505 0.2905838 0.2239171
0.1750931 0.1553687 0.388702 0.2 0.3572505 0.5026143 0.5423435 0.6079273 0.7114807 0.5405838 0.2905838 0.1333333 0.2905838 0.3468952 0.412479 0.4791456 0.5413163 0.4020305 0.3901958 0.5294815 0.7681981 0.7485993 0.6069 0.4496495 0.6069 0.8569 0.9852006 1.042895 1.023427 0.7734265 0.7078427 0.5885618 0.6161761 0.6437903 0.710457 0.8687903 1.028655 1.095322 1.161988 1.284966 1.151633 0.9932997 0.926633 0.8599663 0.7932997 0.8573521 0 0.6714045 0.828655 0.9896026 0.9109476 0.6609476 0.5026143 0.475 0.6322504 0.6978343 0.6515314 0.5848647 0.5192809 0.5848647 0.6072505 0.5405838 0.4739171
0.2417598 0.2220353 0.4553686 0.2666667 0.2942809 0.5276142 0.718545 0.8885618 0.7989171 0.4739171 0.2239171 0.06666667 0.2239171 0.4739171 0.6624789 0.5817224 0.4424366 0.430602 0.5294815 0.5871756 0.8371756 0.9235667 0.6735667 0.5163162 0.6735667 0.9235667 1.173567 5.167894 1.12698 1.023427 0.812479 0.7468952 0.6828427 0.8021237 0.7380712 0.8047379 0.8714045 0.9380712 1.096405 1.126633 1.087581 1.020914 1.083884 0.9240187 0.7656854 0.6990188 4.638071 0.6047379 0.7619883 0.9177074 0.8822504 0.6322504 0.4739171 0.4083333 0.4739171 0.5405838 0.6400932 0.5745094 0.6400932 0.6635618 0.7291456 0.7526143 0.7239171
0.3084264 0.3803686 0.4459525 0.425 0.3609476 0.3885618 0.5552285 0.4885618 0.5852116 0.4083333 0.1583333 0 0.1583333 0.4083333 0.6221285 0.4828427 0.4710081 0.5698876 0.6275817 0.8371756 0.940729 0.9011809 0.7402334 0.5829829 0.7402334 0.9902334 1.240233 5.365233 5.25198 5.148427 1.062479 0.9067599 0.7495094 0.7771236 0.8047379 0.9619883 1.028655 0.9656854 1.032352 1.099019 1.244831 1.179247 1.239603 0.9896026 0.8297379 0.6714045 0.6047379 0.5380712 0.6021236 0.6677074 0.6911761 0.6035534 0.3535534 0.25 0.3535534 0.4739171 0.4828427 0.4161761 0.4791456 0.4135618 0.4791456 0.5026143 0.5681981
0.3750931 0.9084265 0.7709525 0.6909307 0.5192809 0.3885618 0.3218952 0.2552285 0.3942809 0.2526142 0.2239171 0.06666667 0.2239171 0.4739171 0.6506999 0.5114142 0.6102937 0.6679878 0.8775817 0.9811351 1.085597 0.8355972 0.6772638 0.6496496 0.8069 1.0569 1.3069 5.4319 1.666032 1.416032 1.223427 0.9734265 0.9078428 0.8437903 0.8714045 1.028655 1.189603 1.124019 1.059966 1.126633 1.284966 1.429247 1.343156 1.145322 0.8953217 0.7354569 0.5771236 0.510457 0.4437903 0.5067599 0.4411761 0.5067599 0.325 0 0.25 0.5 0.5468951 0.3885618 0.3218952 0.2552285 0.3181981 0.2526142 0.3181981
0.4417598 0.6750931 0.9526142 0.9789003 0.718545 0.6218951 0.4609476 0.2276143 0.1609476 0.09428091 0.06666667 0.09428091 0.2526142 0.5026143 0.6792713 0.5399856 0.6792713 0.9179878 1.021541 1.231135 1.151181 0.9011809 0.7439305 0.8079829 0.8735667 1.123567 5.248567 1.660453 1.769586 1.57698 1.32698 1.096405 0.9380712 0.910457 1.029738 1.095322 1.345322 1.283883 1.2183 1.283883 1.35055 1.60055 1.457843 1.207843 0.9578427 0.7078427 0.5495094 0.4828427 0.4161761 0.3495094 0.2828427 0.3468952 0.3535534 0.25 0.3535534 0.6035534 0.612479 0.5458123 0.3859476 0.2276143 0.1609476 0.09428091 0.1583333
0.441176 0.5802284 0.5526142 0.649264 1.275 1.257597 0.5575974 0.4609476 0.3 0.06666667 0 0.1583333 0.3181981 0.5681981 0.666083 0.5267972 0.666083 0.916083 1.166083 1.375095 1.128795 0.9678476 0.8105971 0.9678476 1.123567 1.22712 1.47712 1.72712 1.911988 1.661988 1.411988 1.161988 1.004738 0.9771236 1.004738 1.163071 1.413071 1.533883 1.4683 1.533883 1.60055 1.593156 1.343156 1.145322 0.8953217 0.7354569 0.5771236 0.510457 0.5734265 0.4135618 0.2552285 0.1885618 0.2526142 0.3181981 0.4739171 0.5405838 0.6072505 0.7015314 0.4515314 0.3848647 0.225 0.06666667 0
0.4135618 0.3468951 0.3192809 0.5526142 0.575 0.7096194 1.257597 1.160948 0.8209139 0.3 0.06666667 0.2239171 0.4739171 0.6717514 0.6375115 0.4982258 0.6375115 0.8875115 1.137511 1.313211 1.063211 0.904878 0.8772638 1.034514 1.284514 1.47712 1.580673 1.712129 1.815682 1.728655 1.478655 1.228655 1.071405 1.04379 1.071405 1.228655 1.389603 1.639603 1.7183 1.783883 1.739603 1.489603 1.239603 0.9896026 0.8297379 0.6714045 4.610457 0.5771236 0.7291456 0.4791456 0.3192809 0.1609476 0.09428091 0.1583333 0.2239171 0.2905838 0.3572505 0.4739171 0.4083333 0.4739171 0.2905838 0.2239171 0.06666667
0.5708123 0.4859475 0.2526142 0.3166667 0.25 0.4596194 0.7096194 0.9074537 0.9151948 0.3666667 0.1333333 0.2905838 0.5405838 0.7905838 0.6089401 0.4696544 0.6089401 0.8589401 1.10894 1.212479 1.128795 0.9715447 0.9439304 1.101181 1.262128 1.328795 1.395462 1.462129 1.712129 1.795322 1.545322 1.295322 1.229738 1.110457 1.138071 1.165686 1.324019 1.483884 1.733884 1.924019 1.674019 1.424019 1.174019 0.9240187 0.7656854 4.704738 4.677124 0.6437903 0.8010408 0.6348647 0.3848647 0.225 0.06666667 0 0.06666667 0.1333333 0.2905838 0.2239171 0.1583333 0.2239171 0.2905838 0.2905838 0.225
0.6333333 0.3833333 0.225 0.1583333 0 0.25 0.4478343 0.5489171 0.3942809 0.1609476 0.1885618 0.3468952 0.5968952 0.5976566 0.5399625 0.441083 0.5803686 0.8303686 1.080369 1.145812 0.9885618 1.016176 1.010597 1.038211 1.104878 1.171545 1.238212 1.396545 1.496405 1.561989 1.648875 1.545322 1.334374 1.177124 1.204738 1.232352 1.259966 1.4183 1.6683 1.9183 1.739603 1.489603 1.239603 0.9896026 0.8323521 4.771404 0.7380712 0.8021237 0.8677074 0.7384181 0.5405838 0.2905838 0.2239171 0.1583333 0.2239171 0.1609476 0.1333333 0.06666667 0 0.06666667 0.1333333 0.2 0.2552285
0.7368867 0.5549831 0.3822505 0.2239171 0.1583333 0.2239171 0.2905838 0.2239171 0.1583333 0.09428091 0.2526142 0.3572505 0.4239172 0.4905838 0.4006768 0.4292483 0.568534 0.818534 1.051531 0.9859476 0.9218951 1.041176 1.06879 1.134374 1.262128 1.328795 1.265826 1.332492 1.338071 1.495322 1.561989 1.651041 1.401041 1.335457 1.271405 5.265686 1.326633 1.483884 1.644831 1.894831 1.806269 1.556269 1.306269 1.056269 0.8990188 4.838071 0.8047379 0.9619883 1.091972 0.8941372 0.6441372 0.5405838 0.3535534 0.25 0.3535534 0.3192809 0.2905838 0.2239171 0.1583333 0.2239171 0.2905838 0.3572505 0.4135618
0.9478343 0.6978343 0.4478343 0.4572505 0.3166667 0.2 0.1333333 0.06666667 0 0.06666667 0.1333333 0.2 0.2666667 0.3333333 0.4 0.4666667 0.625 0.7848647 0.9848647 0.8276142 0.8552285 0.8828427 0.910457 1.067707 1.134374 1.201041 1.267707 1.334374 1.271405 1.338071 1.496405 1.590686 1.432352 1.365686 1.338071 1.365686 1.3933 1.420914 1.579247 1.829247 1.783883 1.533883 1.283883 1.122936 0.9656854 4.904738 0.8714045 1.028655 1.247691 0.9976906 0.75 0.5 0.25 0 0.25 0.5 0.5405838 0.4739171 0.4083333 0.4739171 0.5405838 0.6072505 0.6635618
1.051388 0.8013877 0.6978343 0.67022 0.4239172 0.4333333 0.2526142 0.09428091 0.06666667 0.2239171 0.2905838 0.3572505 0.4239172 0.4905838 0.4276142 0.4942809 0.5609476 0.719281 0.8791456 0.7609476 0.8802285 0.8161761 0.8437903 0.910457 0.9771236 1.04379 1.110457 1.177124 1.243791 1.310457 1.377124 1.443791 1.459967 1.524019 1.496405 1.432352 1.459967 1.579247 1.644831 1.894831 1.7183 1.4683 1.2183 1.059966 1.032352 0.9656854 1.029738 1.095322 1.345322 1.103553 0.8535534 0.6035534 0.3535534 0.25 0.3535534 0.6035534 0.7905838 0.7239171 0.6583333 0.7239171 0.7905838 0.8572505 0.9135618
1.261007 1.051388 0.9478343 0.7774706 0.6739172 0.4791456 0.3181981 0.1609476 0.225 0.2905838 0.5405838 0.6072505 0.6739172 0.6515314 0.4942809 0.6515314 0.5885618 0.6552285 0.812479 0.6942809 0.7218952 0.7495094 0.9078428 4.94379 1.134374 1.201041 1.267707 1.334374 1.401041 1.338071 1.404738 1.471405 1.6183 1.683884 1.65627 1.499019 1.526633 1.683884 1.894831 1.944831 1.694831 1.444831 1.283883 1.126633 5.065685 1.032352 1.189603 1.345322 1.448875 1.207107 0.9571068 0.7071068 0.6035534 0.5 0.6035534 0.7071068 0.9571068 0.8535534 0.75 0.8535534 0.9571068 1.06066 1.163562
1.307352 1.301388 1.073426 0.8234265 0.5734265 0.4135618 0.2552285 0.2276143 0.3848647 0.5405838 0.6441372 0.7181981 0.6515314 0.5859476 0.4666667 0.5859476 0.6515314 0.5885618 0.7468952 0.6276143 0.6552285 0.8135618 0.9734265 1.223427 5.259374 1.451041 1.517707 1.584374 1.561989 1.404738 1.561989 1.628655 1.695322 1.933884 1.722936 1.565686 1.5933 1.750551 2.000551 1.879247 1.629247 1.379247 1.220914 5.159966 1.126633 1.099019 1.256269 1.506269 1.56066 1.31066 1.06066 0.9571068 0.8535534 0.75 0.8535534 0.9571068 0.7071068 0.6035534 0.5 0.6035534 0.7071068 0.9571068 1.207107
1.057352 1.122936 1.007843 0.7578427 0.5078427 0.3495094 0.3218952 0.3859476 0.4515314 0.7015314 0.719281 0.5609476 0.4942809 0.4276142 0.4 0.4276142 0.4942809 0.5609476 0.6802285 0.5609476 0.7181981 0.8791456 1.129146 1.32698 1.57698 1.701041 1.767707 1.834374 1.628655 1.471405 1.628655 1.878655 1.945322 2.039603 1.789603 1.632353 1.659967 1.817217 2.067217 1.944831 1.694831 1.444831 1.287581 1.220914 1.1933 1.257352 1.322936 1.572936 1.664214 1.414214 1.31066 1.207107 1.103553 1 1.103553 0.8535534 0.6035534 0.3535534 0.25 0.3535534 0.6035534 0.8535534 1.103553
0.8990188 0.9630712 1.028655 0.8234265 0.5734265 0.4161761 0.3885618 0.4161761 0.4828427 0.5495094 0.6161761 0.5885618 0.6515314 0.4905838 0.3333333 0.4905838 0.6515314 0.5885618 0.5218952 0.4942809 0.6515314 0.9015314 1.151531 1.401531 1.651531 1.784577 1.888131 1.945322 1.695322 1.538072 1.695322 1.85627 2.10627 2.10627 1.85627 1.699019 1.726634 1.883884 2.133884 2.011498 1.761498 1.511498 1.444831 5.254247 1.259966 1.417217 1.572936 1.676489 1.767767 1.664214 1.56066 1.457107 1.353553 1.25 1 0.75 0.5 0.25 0 0.25 0.5 0.75 1
0.8714045 0.8047379 0.8677074 0.8010408 0.6400932 0.4828427 0.5468951 0.5745094 0.6400932 0.7067599 0.7734265 0.7468952 0.6739172 0.4239172 0.2666667 0.4239172 0.6739172 0.7458123 0.5848647 0.4276142 0.5848647 4.709865 1.121751 1.327471 1.431024 1.534577 1.638131 1.888131 1.761989 1.604738 1.632353 1.790686 2.040686 2.172936 1.922936 1.765686 1.7933 1.950551 2.200551 2.115051 1.865051 1.761498 1.694831 5.359966 1.326633 1.483884 1.733884 1.926489 2.017767 1.914214 1.81066 1.707107 1.603553 1.353553 1.103553 0.8535534 0.6035534 0.3535534 0.25 0.3535534 0.6035534 0.8535534 1.103553
0.935457 0.7771236 0.710457 0.6437903 0.5771236 0.5495094 0.7067599 0.6791456 0.6135618 0.6791456 0.7026142 0.7681981 0.6072505 0.3572505 0.2 0.3572505 0.6072505 0.7681981 0.5181981 0.3609476 0.5181981 0.7681981 0.9739171 1.077471 1.181024 1.284577 1.534577 1.784577 1.828655 1.763072 1.790686 1.85627 2.10627 2.239603 1.989603 1.832353 1.859967 2.017217 2.178165 2.218605 2.115051 2.011498 1.944831 5.426633 1.3933 1.55055 1.80055 2.05055 2.267767 2.164213 2.06066 1.957107 1.707107 1.457107 1.207107 0.9571068 0.7071068 0.6035534 0.5 0.6035534 0.7071068 0.9571068 1.207107
1.001041 0.9343741 0.8297379 0.6714045 0.6437903 0.6161761 0.5885618 0.5218952 0.4552285 0.5181981 0.4526142 0.5181981 0.5405838 0.2905838 0.1333333 0.2905838 0.5405838 0.6072505 0.4515314 0.2942809 0.4515314 0.6583333 0.7239171 0.8274705 0.931024 1.181024 1.431024 1.681024 1.931024 2.013072 2.040686 2.10627 2.209823 2.30627 2.05627 1.899019 1.926634 1.954248 2.112581 2.362581 2.365051 2.261498 2.103164 5.4933 1.459967 1.617217 1.867217 2.117217 2.367217 2.414213 2.31066 2.06066 1.81066 1.56066 1.31066 1.06066 0.9571068 0.8535534 0.75 -9999 0.9571068 1.06066 1.31066
1.251041 1.145322 0.8953217 0.7380712 0.8771236 0.8495094 0.7458123 0.5859476 0.4276142 0.3609476 0.2942809 0.3572505 0.2905838 0.2239171 0.06666667 0.2239171 0.2905838 0.3572505 0.3848647 0.2276143 0.3848647 0.4083333 0.4739171 0.5774705 0.8274705 1.077471 1.327471 1.577471 1.827471 2.077471 2.290686 2.35627 2.459823 2.372937 2.122937 2.057353 1.9933 2.020915 2.178165 2.339113 2.405779 2.327082 2.169831 5.559967 1.526633 1.683884 1.933884 2.183884 2.433884 2.664213 2.414213 2.164213 1.914214 1.664214 1.414214 1.31066 -9999 -9999 -9999 -9999 -9999 -9999 -9999
1.372936 1.122936 0.9619883 0.8047379 1.038071 1.205432 0.9765314 0.6515314 0.5848647 0.425 0.2666667 0.2 0.1333333 0.06666667 0 0.06666667 0.1333333 0.2 0.2276143 0.1609476 0.2239171 0.1583333 0.2239171 0.4739171 0.7239171 0.9739171 1.223917 1.473917 1.723917 1.973917 2.223917 2.473917 2.709823 2.47649 2.372937 2.217218 2.059967 2.087581 2.115196 2.181862 2.340195 2.393748 2.236498 5.626634 1.5933 1.750551 2.000551 2.250551 2.500551 2.750551 2.517767 2.267767 2.017767 1.767767 1.664214 1.56066 -9999 -9999 -9999 -9999 -9999 -9999 -9999
1.307352 1.057352 0.8990188 0.8714045 1.104738 1.504738 1.111151 0.9015314 0.7405838 0.4905838 0.4239172 0.3572505 0.2905838 0.2239171 0.06666667 0.2239171 0.2905838 0.3572505 0.2 0.1333333 0.06666667 0 0.1583333 0.4083333 0.6583333 0.9083333 1.158333 1.408333 1.658333 1.908333 2.158333 2.408333 2.658333 2.72649 2.533884 2.283884 2.126634 2.154248 -9999 -9999 2.405779 2.460415 2.303164 5.6933 1.659967 1.817217 2.067217 2.317217 2.567217 2.817217 2.62132 2.37132 2.12132 2.017767 1.914214 -9999 -9999 -9999 -9999 -9999 -9999 -9999 -9999
1.372936 1.122936 0.9656854 1.029738 1.201388 1.526388 1.361151 1.169137 0.8441372 0.7405838 0.6739172 0.6035534 0.3535534 0.25 0.1333333 0.2905838 0.5405838 0.4239172 0.3572505 0.2526142 0.09428091 0.1583333 0.2239171 0.4739171 0.7239171 0.9739171 1.223917 1.473917 1.723917 1.973917 2.223917 2.548917 2.761887 2.850551 2.600551 2.350551 2.1933 -9999 -9999 2.759333 2.655779 2.527081 2.461498 5.759967 1.726634 1.883884 2.133884 2.383884 2.633884 2.883884 2.724874 2.474874 2.37132 2.267767 -9999 -9999 -9999 -9999 -9999 -9999 -9999 -9999 -9999
1.35055 1.189603 1.032352 1.189603 1.383291 1.633291 1.703757 1.303757 1.094137 0.8956686 0.6978343 0.4478343 0.25 0 0.1583333 0.3166667 0.5666667 0.6739172 0.5681981 0.3181981 0.1609476 0.1885618 0.3468952 0.5774705 0.8274705 1.077471 1.327471 1.577471 1.827471 2.077471 2.327471 2.57747 2.82747 2.917217 2.667217 2.417217 -9999 -9999 -9999 -9999 -9999 -9999 -9999 -9999 -9999 -9999 2.237437 2.487437 2.737437 2.987437 2.828427 2.724874 2.62132 2.517767 -9999 -9999 -9999 -9999 -9999 -9999 -9999 -9999 -9999
1.284966 1.126633 1.099019 1.256269 1.581269 1.812682 1.562682 1.162682 0.9530628 0.7921152 0.5421152 0.3822505 0.2239171 0.1583333 0.2239171 0.3822505 0.6322505 0.8822505 0.6348647 0.3848647 0.3192809 0.2552285 0.412479 0.6624789 0.9124789 1.162479 1.412479 1.662479 1.912479 2.162479 2.412479 2.55676 2.623427 2.72698 2.733884 2.575551 -9999 -9999 -9999 -9999 -9999 -9999 -9999 -9999 -9999 -9999 -9999 -9999 -9999 -9999 -9999 2.974874 2.87132 2.603014 -9999 -9999 -9999 -9999 -9999 -9999 -9999 -9999 -9999
1.35055 1.1933 1.257352 1.322936 1.647936 1.603063 1.353063 1.028063 0.7030628 0.6363961 0.4765314 0.3181981 0.2526142 0.3166667 0.2526142 0.4109476 0.6609476 0.9109476 0.7384181 0.6348647 0.4791456 0.3218952 0.4791456 0.7291456 0.9791456 1.229146 1.479146 1.729146 1.979146 2.173427 2.240093 2.30676 2.373427 2.47698 2.580533 -9999 -9999 -9999 -9999 -9999 -9999 -9999 -9999 -9999 -9999 -9999 -9999 -9999 -9999 -9999 -9999 -9999 -9999 -9999 -9999 -9999 -9999 -9999 -9999 -9999 -9999 -9999 -9999
1.417217 1.259966 1.417217 1.572936 1.496261 1.464357 1.30341 0.9034097 0.6374789 0.4791456 0.412479 0.3468951 0.4109476 0.4765314 0.3192809 0.4765314 0.7265314 0.9765314 0.9884181 0.7958123 0.5458123 0.3885618 0.5458123 0.7067599 0.9567599 1.20676 1.45676 1.70676 1.85676 1.923427 1.990093 2.05676 2.123427 2.22698 2.330534 2.305418 -9999 -9999 -9999 -9999 -9999 -9999 -9999 -9999 -9999 -9999 -9999 -9999 -9999 -9999 -9999 -9999 -9999 -9999 -9999 -9999 -9999 -9999 -9999 -9999 -9999 -9999 -9999
