LSCAM_InData/LSCAM_InData/accessibilitygeneralcambodia.asc
ncols         292
nrows         251
xllcorner     800180
yllcorner     -2175230
cellsize      2000
NODATA_value  -9999
[rows 87 to 115 of 251, columns 192 to 255 of 292]
0.9254485 0.9441372 0.8013877 0.6035534 0.3535534 4.125 0.3535534 0.5 0.25 0 0.25 0.5 0.75 0.641176 0.4828427 0.4552285 0.5942809 0.5848647 0.8348647 1.084865 1.334865 1.584865 1.654594 1.626041 1.560457 1.476531 1.410948 1.383333 1.320812 1.255229 1.320812 1.387479 1.454146 1.520812 1.587479 1.654146 1.720812 1.824366 1.81066 1.56066 1.31066 1.06066 0.9571068 0.8535534 0.75 0.8535534 0.9571068 1.06066 1.31066 1.56066 1.81066 2.06066 2.31066 2.178164 1.928164 1.678164 1.428164 1.178164 1.112581 1.178164 1.333884 1.437437 1.593156 1.696709
0.768198 0.7108039 0.6441372 0.5774705 0.6035534 4.728553 4.478553 0.6035534 0.3535534 0.25 0.3535534 0.6035534 0.8535534 0.7067599 0.5468951 0.3885618 0.3609476 0.5942809 0.9192809 1.091972 1.247691 1.351244 1.404594 1.301041 1.235457 1.226531 1.160948 1.133333 1.070812 1.005229 1.070812 1.137479 1.204146 1.270812 1.337479 1.404146 1.470812 1.574366 1.707107 1.457107 1.207107 0.9571068 0.7071068 0.6035534 0.5 0.6035534 0.7071068 0.9571068 1.207107 1.457107 1.707107 1.957107 2.207107 2.111498 1.861498 1.611498 1.361498 1.111498 0.9542472 1.0183 1.083884 1.239603 1.343156 1.593156
0.9254485 0.8680543 0.8013877 0.6441372 0.6717514 0.8300848 4.955085 4.728553 4.478553 0.5 0.6035534 0.7071068 0.9571068 0.862479 0.612479 0.4515314 0.2942809 0.5276142 0.7384181 0.8941372 0.9976906 1.247691 1.154594 1.051041 0.9854569 0.9765314 0.9109476 0.8833333 0.8208123 0.7552285 0.8208123 0.8874789 0.9541456 1.020812 1.087479 1.154146 1.220812 1.470812 1.603553 1.353553 1.103553 0.8535534 0.6035534 0.3535534 0.25 0.3535534 0.6035534 0.8535534 1.103553 1.353553 1.603553 1.853553 2.103553 2.045914 1.795914 1.545914 1.295914 1.045914 0.8875806 0.8599663 0.9240187 0.9896026 1.239603 1.432208
1.250448 1.118054 0.8680543 0.8024706 0.8300848 0.8956686 1.145669 5.270669 6.333631 4.625 0.8535534 0.9571068 1.06066 0.8848647 0.6348647 0.3848647 0.2276143 0.3848647 0.5405838 0.6441372 0.8941372 0.9976906 0.9567599 0.8010408 0.7354569 0.7265314 0.6609476 0.6333333 0.6609476 0.5968952 0.6635618 0.7302285 0.7968951 0.8635618 0.9302285 0.9968951 1.155228 1.315093 1.5 1.25 1 0.75 0.5 0.25 0 0.25 0.5 0.75 1 1.25 1.5 1.75 2 2.111498 1.861498 1.611498 1.361498 1.111498 0.951633 0.7932997 0.7656854 0.9229359 1.078655 1.182208
1.368054 1.221608 1.118054 1.052471 1.080085 1.145669 1.249222 5.374222 7.436406 6.687184 4.978553 5.082107 1.068198 0.8181981 0.5681981 0.3181981 0.1609476 0.225 0.2905838 0.5405838 0.6441372 0.862479 0.7067599 0.716176 0.5771236 0.5692809 0.5026143 0.475 0.5026143 0.5692809 0.7276143 0.8874789 0.9541456 1.020812 1.087479 1.024509 1.091176 1.249509 1.368054 1.301388 1.103553 0.8535534 0.6035534 0.3535534 0.25 0.3535534 0.6035534 0.8535534 1.103553 1.353553 1.603553 1.853553 2.103553 2.215051 1.965051 1.715051 1.465051 1.267217 1.017217 0.8562692 0.6990188 0.7630712 0.828655 0.9843741
1.471608 1.471608 1.368054 1.302471 1.330085 1.395669 1.499222 1.602775 5.727776 6.331329 5.377614 1.252614 1.002614 0.7526143 0.5026143 0.2526142 0.09428091 0.06666667 0.2239171 0.2905838 0.5405838 0.612479 0.6218951 0.4828427 0.5495094 0.7071068 0.5666667 0.4083333 0.5666667 0.7071068 0.793198 1.043198 1.204146 1.178063 1.11879 1.091176 1.11879 1.185457 1.210804 1.144137 1.077471 0.9571068 0.7071068 0.6035534 0.5 0.6035534 0.7071068 0.9571068 1.207107 1.457107 1.707107 1.957107 2.207107 2.271464 2.040685 1.790685 1.540685 1.290685 1.040685 0.7906854 0.6323521 0.6047379 0.6687903 0.7343741
1.603553 1.5 1.603553 1.552471 1.580085 1.645669 1.749222 1.852775 1.956329 2.206329 5.443198 1.318198 1.068198 0.8181981 0.5681981 0.3181981 0.1583333 0 0.06666667 0.225 0.3848647 0.5276142 0.3885618 0.4552285 0.6135618 0.6035534 0.3535534 0.25 0.3535534 0.6035534 0.8535534 1.103553 1.216033 1.213071 1.277124 1.249509 1.277124 1.342708 1.330085 1.171751 1.144137 1.06066 0.9571068 0.8535534 0.75 0.8535534 0.9571068 1.06066 1.31066 1.56066 1.81066 2.06066 2.125017 2.021464 1.917911 1.704797 1.601244 1.356269 1.106269 0.8562692 0.6964046 0.5380712 0.510457 0.5745094
1.353553 1.25 1.353553 1.457107 1.56066 1.664214 1.767767 2.017767 2.206329 2.128858 5.546751 1.421751 1.171751 0.9217514 0.6717514 0.4739171 0.2239171 0.1583333 0.09428091 0.1609476 0.2276143 0.2942809 0.3609476 0.5192809 0.6791456 0.5 0.25 0 0.25 0.5 0.75 1 1.149366 1.306616 1.436988 1.499509 1.527124 1.556616 1.395669 1.238418 1.210804 1.31066 1.207107 1.103553 1 1.103553 1.207107 1.31066 1.414214 1.664214 1.914214 2.145525 2.021464 1.771464 1.667911 1.564357 1.351244 1.247691 1.091972 0.9884181 0.7619883 0.6021236 0.4437903 0.4161761
1.103553 1 1.103553 1.207107 1.31066 1.414214 1.664214 1.914214 2.164213 2.025305 1.775305 1.525305 1.275305 1.025305 0.8274705 0.5774705 0.4739171 0.3181981 0.1609476 0.1885618 0.3468952 0.4515314 0.5181981 0.5848647 0.8348647 0.6035534 0.3535534 0.25 0.3535534 0.6035534 0.8535534 1.103553 1.082699 1.241032 1.491032 1.680677 1.524958 1.459374 1.332699 1.305085 1.369137 1.434721 1.457107 1.353553 1.25 1.353553 1.457107 1.56066 1.664214 1.767767 1.999078 1.895525 1.791972 1.667911 1.417911 1.314357 1.210804 0.9976906 0.8941372 0.7384181 0.6348647 0.4791456 0.4135618 0.3495094
0.8535534 0.75 0.8535534 0.9571068 1.06066 1.31066 1.56066 1.81066 2.06066 2.128858 5.753858 1.628858 1.378858 1.181024 0.931024 0.8274705 0.6348647 0.3848647 0.3192809 0.2552285 0.412479 0.5734265 0.7681981 0.8348647 0.9384181 0.7071068 0.6035534 0.5 0.6035534 0.7071068 0.9571068 0.9884181 1.055085 1.213418 1.463418 1.430677 1.365093 1.301041 1.328655 1.463418 1.529002 1.684721 1.707107 1.603553 1.5 1.603553 1.707107 1.81066 1.914214 2.017767 1.895525 1.645525 1.541972 1.438418 1.314357 1.064357 0.9608039 0.8572505 0.6441372 0.5405838 0.3848647 0.3192809 0.2552285 0.2828427
0.6035534 0.5 0.6035534 0.7071068 0.9571068 1.207107 1.457107 1.707107 1.957107 2.207107 5.857411 1.732412 1.534577 5.306024 1.181024 0.9884181 0.7384181 0.6348647 0.4791456 0.3218952 0.3495094 0.5078427 0.7578427 1.007843 1.028655 0.9571068 0.8535534 0.75 0.8535534 0.8274705 0.8941372 0.9608039 1.119137 1.279002 1.336396 1.270812 1.20676 1.234374 1.392707 1.552572 1.779002 1.882555 1.957107 1.853553 1.75 1.853553 1.957107 2.06066 2.164213 2.041971 1.791972 1.541972 1.291972 1.188418 1.084865 0.9608039 0.7108039 0.6072505 0.5405838 0.2905838 0.225 0.1609476 0.1885618 0.2552285
0.3535534 0.25 0.3535534 0.6035534 0.8535534 1.103553 1.353553 1.603553 1.853553 2.103553 6.013131 1.888131 1.784577 1.534577 1.341972 1.091972 0.9884181 0.7958123 0.5458123 0.4802285 0.4161761 0.5734265 0.7343741 0.8010408 0.8677074 0.8047379 0.8714045 0.9083333 0.9217514 0.8941372 1.051388 1.118054 1.184721 1.434721 1.269729 1.112479 1.140093 1.298427 1.458291 1.708291 1.906126 2.014501 2.081168 2.103553 2 2.103553 2.207107 2.31066 2.188418 1.938418 1.688418 1.438418 1.188418 0.9384181 0.8348647 0.7681981 0.6072505 0.3572505 0.2905838 0.2239171 0.06666667 0.09428091 0.2526142 0.412479
0.25 0 0.25 0.5 0.75 1 1.25 1.5 1.75 2 2.241684 2.138131 1.888131 1.695525 1.445525 1.341972 1.149366 0.8993657 0.7958123 0.6400932 0.4828427 0.510457 0.5771236 0.6437903 0.710457 0.7771236 0.935457 1.066667 1.080085 1.052471 1.118054 1.368054 1.434721 1.453063 1.203063 1.045812 1.109865 1.175449 1.425449 1.63225 1.697834 1.764501 1.831168 1.897834 1.964501 2.068054 2.171608 2.275161 2.084865 1.834865 1.584865 1.334865 1.084865 0.8348647 0.5848647 0.5181981 0.4515314 0.2916667 0.1333333 0.06666667 0 0.1583333 0.3181981 0.5681981
0.4596194 0.25 0.3535534 0.6035534 0.8535534 1.103553 1.353553 1.603553 1.853553 2.103553 2.31066 2.207107 2.049078 1.799078 1.695525 1.502919 1.252919 1.149366 0.9567599 0.7067599 0.5495094 0.6687903 0.7343741 0.8010408 0.8677074 0.9343741 1.001041 1.251041 1.330085 1.302471 1.368054 1.471608 1.636396 1.386396 1.136396 0.9791456 0.9515314 1.108782 1.316667 1.38225 1.447834 1.514501 1.581168 1.647834 1.714501 1.818054 1.921608 2.061701 1.958148 1.769281 1.519281 1.269281 1.019281 0.7692809 0.5192809 0.3609476 0.2942809 0.2276143 0.1609476 0.2239171 0.1583333 0.2239171 0.4739171 0.6717514
0.6035534 0.5 0.6035534 0.7071068 0.9571068 1.207107 1.457107 1.707107 1.957107 6.082107 2.06066 1.957107 1.853553 1.75 1.853553 1.606472 1.502919 1.273427 1.023427 0.7734265 0.6161761 0.7734265 0.9843741 1.051041 1.117707 1.184374 1.251041 1.354594 1.580085 1.552471 1.618054 1.721608 1.501388 1.320812 1.070812 0.9124789 0.8848647 1.042115 1.066667 1.13225 1.197834 1.264501 1.331168 1.397834 1.464501 1.568054 1.818054 1.889603 1.708148 1.604594 1.501041 1.296895 1.046895 0.7968951 0.5468951 0.3885618 0.4515314 0.3848647 0.3192809 0.3848647 0.4083333 0.4739171 0.5774705 0.8274705
0.8535534 0.75 0.8535534 0.9571068 1.06066 1.31066 1.56066 1.81066 2.017767 5.93566 1.81066 1.707107 1.603553 1.5 1.603553 1.707107 1.590093 1.340093 1.090093 0.8400932 0.6828427 0.8400932 1.090093 1.301041 1.367707 1.434374 1.501041 1.604594 1.708148 1.802471 1.845669 1.595669 1.397834 1.147834 1.081168 0.9765314 0.818198 0.8822504 0.8166666 0.8822504 0.9478343 1.014501 1.081168 1.147834 1.214501 1.464501 1.574019 1.639603 1.604594 1.354594 1.251041 1.184374 1.023427 0.7734265 0.612479 0.4552285 0.612479 0.6348647 0.5692809 0.6348647 0.6583333 0.7239171 0.8274705 0.931024
1.103553 1 1.103553 1.207107 1.31066 1.414214 1.664214 1.914214 1.767767 5.539214 1.56066 1.457107 1.353553 1.25 1.353553 1.457107 1.547344 1.297344 1.047344 0.7973437 0.6400932 0.7973437 0.9530628 1.056616 1.226531 1.292115 1.358782 1.425449 1.492115 1.558782 1.662335 1.492115 1.242115 1.08225 0.9239171 0.8572505 0.7905838 0.7239171 0.6583333 0.7239171 0.7905838 0.8572505 0.9239171 0.9905838 1.148917 1.308782 1.324019 1.389603 1.411988 1.251041 1.001041 0.9343741 0.8677074 0.7078427 0.5495094 0.5218952 0.6791456 0.8848647 0.8192809 0.8848647 0.9083333 0.9739171 1.077471 1.181024
1.230677 1.25 1.265584 1.331168 1.434721 1.608782 1.712335 1.815889 1.664214 1.414214 1.31066 1.207107 1.103553 1 1.103553 1.207107 1.31066 1.230677 0.980677 0.730677 0.5734265 0.6374789 0.7030628 0.9489172 0.9765314 1.042115 1.108782 1.175449 1.242115 1.308782 1.412335 1.408291 1.176531 1.018198 0.9515314 0.9571068 0.7071068 0.6035534 0.5 0.6035534 0.7071068 0.9571068 1.081168 1.018198 1.084865 1.151531 1.165686 1.228655 1.161988 1.095322 0.935457 0.7771236 0.710457 0.6437903 0.6161761 0.6802285 0.7458123 0.9958123 1.069281 1.134865 1.158333 1.223917 1.327471 1.431024
1.070812 1.043198 1.015584 1.081168 1.292115 1.358782 1.462335 1.712335 1.56066 1.31066 1.06066 0.9571068 0.8535534 0.75 0.8535534 0.9571068 1.06066 1.165093 0.9150932 0.6650932 0.5067599 0.4791456 0.6363961 0.6989172 0.7265314 0.7921152 0.8587819 0.9254485 0.9921152 1.058782 1.162335 1.158291 1.092707 1.028655 1.103553 0.8535534 0.6035534 0.3535534 0.25 0.3535534 0.6035534 0.8535534 1.103553 1.176531 1.242115 1.296405 1.138071 1.071405 1.004738 0.9380712 0.8714045 0.8047379 0.8677074 0.8021237 0.7745094 0.8400932 0.9958123 1.099366 1.319281 1.384865 1.408333 1.353553 1.25 1.353553
0.9124789 0.8848647 0.8572505 0.9765314 1.042115 1.108782 1.358782 1.501388 1.603553 5.082107 0.9571068 0.7071068 0.6035534 0.5 0.6035534 0.7071068 0.9571068 1.207107 0.980677 0.730677 0.5708123 0.412479 0.4765314 0.4489172 0.4765314 0.5421152 0.6087819 0.6754485 0.7421152 0.8087819 1.058782 0.9984266 0.9343741 1.001041 1 0.75 0.5 0.25 0 0.25 0.5 0.75 1 1.25 1.492115 1.361988 1.295322 1.304738 1.161988 1.095322 1.028655 0.9630712 1.028655 1.052124 1.024509 1.090093 1.193647 1.349366 1.414214 1.31066 1.207107 1.103553 1 1.103553
0.8848647 0.818198 0.7905838 0.818198 0.8848647 1.043198 1.147834 1.397834 1.353553 4.978553 0.8535534 0.6035534 0.3535534 0.25 0.3535534 0.6035534 0.8535534 1.103553 1.043198 0.793198 0.543198 0.3848647 0.3181981 0.2905838 0.3181981 0.3848647 0.4515314 0.5181981 0.5848647 0.743198 0.9030628 0.8400932 0.9067599 1.065093 1.103553 0.8535534 0.6035534 0.3535534 0.25 0.3535534 0.6035534 0.8535534 1.103553 1.353553 1.603553 1.611988 1.545322 1.515542 1.411988 1.345322 1.278655 1.213071 1.278655 1.302124 1.349509 1.340093 1.443647 1.5472 1.31066 1.06066 0.9571068 0.8535534 0.75 0.9285534
0.8535534 0.75 0.7239171 0.7905838 0.8572505 0.9239171 1.08225 1.242115 5.125 1 0.75 0.5 0.25 0 0.25 0.5 0.75 1 1.015584 0.7655838 0.5155838 0.3572505 0.2905838 0.2239171 0.25 0.3535534 0.6035534 0.6754485 0.612479 0.6791456 0.7458123 0.812479 1.045812 1.236743 1.207107 0.9571068 0.7071068 0.6785533 0.5 0.6035534 0.7071068 0.9571068 1.207107 1.457107 1.707107 1.861988 1.795322 1.765542 1.661988 1.595322 1.528655 1.463071 1.528655 1.552124 1.655677 1.590093 1.693647 1.457107 1.207107 0.9571068 0.7071068 0.6035534 0.5 0.6035534
0.6035534 0.5 0.6035534 0.7071068 0.9571068 0.9515314 1.018198 1.084865 5.118198 1.103553 0.8535534 0.6035534 0.3535534 0.25 0.3535534 0.6035534 0.8535534 1.103553 1.043198 0.793198 0.543198 0.3848647 0.4478343 0.25 0 0.25 0.5 0.75 0.7708123 0.9124789 0.9030628 0.9697294 1.036396 1.286396 1.31066 1.06066 0.9571068 0.8535534 0.75 0.8535534 0.9571068 1.06066 1.31066 1.56066 1.81066 2.06066 2.045322 2.015542 1.911988 1.845322 1.778655 1.713071 1.778655 1.802124 1.905677 1.840093 1.603553 1.353553 1.103553 0.8535534 0.6035534 0.3535534 0.25 0.3535534
0.3535534 0.25 0.3535534 0.6035534 0.8535534 1.103553 1.045812 5.079145 1.308782 1.207107 0.9571068 0.7071068 0.6035534 0.5 0.6035534 0.7071068 0.9571068 1.207107 1.019729 0.7697294 0.6087819 0.4515314 0.6035534 0.3535534 0.25 0.3535534 0.6035534 0.8535534 1.020812 1.124366 1.153063 1.294729 1.286396 1.38995 1.414214 1.31066 1.207107 1.103553 1 1.103553 1.207107 1.31066 1.414214 1.664214 1.914214 2.164213 2.295322 2.265542 2.161988 2.095322 2.028655 1.963071 2.028655 2.052124 2 1.75 1.5 1.25 1 0.75 0.5 0.25 0 0.325
0.25 0 0.25 0.5 0.75 1 1.204146 5.329145 1.414214 1.31066 1.06066 0.9571068 0.8535534 0.75 0.8535534 0.9571068 1.06066 0.9910324 0.8874789 0.7041457 0.5458123 0.5181981 0.5458123 0.6035534 0.5 0.6035534 0.7071068 0.9571068 1.081168 1.147834 1.397834 1.506616 1.536396 1.63995 1.664214 1.56066 1.457107 1.353553 1.25 1.353553 1.457107 1.56066 1.664214 1.767767 2.017767 2.267767 2.517767 2.515542 2.411988 2.345322 2.278655 2.213071 2.278655 2.302124 2.103553 1.853553 1.603553 1.353553 1.103553 0.8535534 0.6035534 0.3535534 0.325 0.4596194
0.3535534 0.25 0.3535534 0.6035534 0.8535534 1.103553 1.353553 1.557699 5.18566 1.06066 0.9571068 0.8535534 0.75 0.8535534 0.9571068 1.06066 1 0.8874789 0.6374789 0.5718951 0.5078427 0.6650932 0.612479 0.6400932 0.6583333 0.7239171 0.7905838 0.8572505 0.9239171 1.08225 1.242115 1.308782 1.558782 1.808782 1.914214 1.81066 1.707107 1.603553 1.5 1.603553 1.707107 1.81066 1.914214 2.017767 2.12132 2.353553 2.457107 2.56066 2.661988 2.595322 2.528655 2.463071 2.528655 2.457107 2.207107 1.957107 1.707107 1.457107 1.207107 0.9571068 0.7071068 0.6035534 0.65 0.7846193
0.6035534 0.5 0.6035534 0.7071068 0.9571068 1.207107 1.457107 1.506269 5.082107 0.9571068 0.7071068 0.6035534 0.5 0.6035534 0.7071068 0.8535534 0.75 0.7265314 0.5708123 0.4135618 0.441176 0.5995094 0.7708123 0.7984265 0.8166666 0.8822504 0.9478343 1.014501 0.9515314 1.018198 1.084865 1.243198 1.493198 1.743198 1.850897 2.06066 1.957107 1.853553 1.75 1.853553 1.957107 2.06066 2.164213 2.103553 2 2.103553 2.207107 2.31066 2.414213 2.517767 2.62132 2.713071 2.778655 2.56066 2.31066 2.06066 1.81066 1.56066 1.31066 1.06066 0.9571068 0.8535534 0.9 1.003553
0.8535534 0.75 0.8535534 0.9571068 1 1.103553 1.207107 1.256269 5.065685 4.728553 0.6035534 0.3535534 0.25 0.3535534 0.6035534 0.6035534 0.5 0.4765314 0.4109476 0.3468951 0.5052285 0.6650932 0.9150932 1.048427 1.066667 1.13225 1.197834 1.175449 1.109865 1.175449 1.112479 1.270812 1.430677 1.497344 1.747344 1.908291 2.011845 2.103553 2 2.103553 2.164213 2.06066 1.957107 1.853553 1.75 1.853553 1.957107 2.06066 2.164213 2.267767 2.37132 2.474874 2.724874 2.664213 2.414213 2.164213 1.914214 1.664214 1.414214 1.31066 1.207107 1.103553 1.15 1.253553
1.103553 1 0.9571068 0.8535534 0.75 0.8535534 0.9571068 1.06066 1.032352 4.625 0.5 0.25 0 0.25 0.5 0.3535534 0.25 0.3166667 0.2526142 0.3192809 0.4776142 0.6035534 0.7071068 0.9571068 1.103553 1.207107 1.31066 1.414214 1.359865 1.336396 1.179146 1.20676 1.273427 1.43176 1.591625 1.658291 1.908291 2.069239 2.12132 2.017767 1.989213 1.81066 1.707107 1.603553 1.5 1.603553 1.707107 1.81066 1.914214 2.017767 2.12132 2.37132 2.62132 2.767767 2.517767 2.267767 2.017767 1.767767 1.664214 1.56066 1.457107 1.353553 1.4 1.503553
