LSCAM_InData/LSCAM_InData/annualprecipitation_aggr_cambodia.asc
ncols         292
nrows         251
xllcorner     800180
yllcorner     -2175230
cellsize      2000
NODATA_value  -9999
[rows 160 to 191 of 251, columns 71 to 141 of 292]
1916.25 1902 1881.25 1865.75 1848 1830.5 1817.5 1802.25 1783.5 1761.25 1752.25 1742.75 1716.5 1706.5 1681.5 1667 1681.5 1651.25 1623.75 1613.5 1588 1570 1556.25 1544.75 1587 1667.25 1715 1637.75 1673 1522.5 1479.5 1469 1466.75 1504.5 1564 1568.75 1585.75 1652.25 1687 1669.5 1690.25 1666.75 1514 1456 1467.25 1448 1457.5 1453.75 1533.5 1470 1455.25 1458.25 1460.25 1463.25 1466.75 1469.75 1471.25 1474 1477.25 1479.25 1479.75 1480 1478.75 1476 1473 1468 1463.75 1459.75 1455 1448.5 1443.5
1941.5 1923.75 1907.25 1889.25 1873.75 1865.5 1848.5 1824.75 1804 1781 1780 1759.75 1733.75 1733 1717.5 1687.25 1682.25 1695 1677 1658.5 1612.5 1586.25 1571.5 1562.25 1574 1619.75 1633 1700.5 1707.75 1513.25 1495.25 1485.25 1493 1618.25 1614.25 1610.5 1661.5 1631 1655.5 1687.5 1772.25 1765.25 1652 1465.25 1442 1440.25 1442 1445.75 1444 1447.25 1447.25 1449.5 1451 1453.25 1455 1456.5 1459.25 1459.75 1460 1461 1460.75 1458.5 1458 1454.25 1451.25 1446.75 1442 1437.75 1433 1427 1422.75
1961.5 1947.5 1938 1923.25 1905 1888.25 1860.75 1839.75 1820.25 1805.25 1796 1772 1757.25 1768 1741.25 1702.25 1680.5 1687.75 1714 1694 1655 1628.75 1593 1574 1585.75 1660.5 1629.25 1721.75 1658 1570.25 1562.25 1540.25 1527.25 1664.25 1655.75 1718.5 1777.5 1709.25 1723.5 1695.75 1642.25 1633.75 1630.5 1451.5 1441.5 1438.25 1436 1438.25 1440.5 1440 1440.75 1440.25 1440.25 1441.25 1442.25 1443.75 1444.25 1444.25 1444 1442.5 1443 1440.5 1437.5 1434.5 1430.5 1426.5 1421 1416 1411.25 1407 1403.5
1977.75 1969.25 1960 1942 1921 1902.75 1883.25 1863.75 1844.75 1833.5 1830.5 1788 1782 1781.75 1744.25 1723 1707.75 1691.5 1690.25 1690.5 1655 1659 1641.75 1587.75 1576.25 1590.5 1625.5 1603 1659.25 1656.25 1684.25 1632.25 1574 1678.75 1762.75 1870.5 1878 1820.75 1767.5 1768.75 1653 1499 1449.75 1440.25 1438.5 1438.75 1439.25 1434 1434 1433 1431.75 1432.75 1431.75 1432 1431.75 1431.5 1432 1431.5 1429.25 1429 1426 1422.75 1420.25 1416.75 1411 1407.25 1401.5 1395.25 1392.75 1388.25 1385
1993 1984.5 1974.75 1962.5 1945.5 1926.25 1908.25 1886.25 1866 1859.75 1853 1808.5 1800.75 1809.25 1763 1757.5 1721 1722 1691.5 1675.25 1665.25 1648.5 1626.75 1602.75 1588.25 1577.75 1570.25 1606.25 1660 1693.25 1659.75 1702.75 1629.25 1766 1798 1924 1973 1904 1837.25 1853.75 1737 1587.75 1534.5 1514.5 1471.75 1441 1435.5 1433 1430 1426.5 1426.25 1425.75 1423.5 1422.75 1421.5 1421.5 1419.5 1418.25 1416.25 1415 1411.25 1407 1403.5 1397.5 1392.75 1386.75 1381.75 1377.25 1374 1370.75 1367.75
2006.75 2000.25 1993 1983.5 1969.75 1950 1930.5 1909.25 1889.25 1886.25 1871.5 1832 1811 1819 1783.75 1767.25 1734.5 1749.75 1744.25 1699 1699 1685.5 1656.25 1622.5 1604.5 1589.5 1593.25 1618.5 1673.75 1698.25 1666.5 1695 1669.75 1713.25 1768.25 1890.5 1987 1982.25 1924 1926.75 1827.25 1729.25 1705.25 1630.5 1547 1480.75 1435.5 1429.5 1425.75 1423 1421.5 1420.25 1418.25 1415.25 1413.75 1411.75 1408.5 1406.25 1402.75 1400.25 1397.25 1392.5 1387.25 1380.25 1374.25 1369 1363.75 1359.5 1356.25 1354.5 1351.5
2022.25 2015 2008.75 2001.5 1990.25 1973 1953.25 1934.75 1913 1906 1898.5 1856.75 1834 1832.75 1824 1800.5 1758 1748.25 1768.75 1734.5 1702.5 1704.75 1694 1645.5 1621.25 1602.75 1598.75 1611.25 1656 1679.5 1665 1648.5 1648.75 1596.5 1726.75 1748.25 1870.5 1912.25 1928.5 1900 1847.75 1851.75 1756.25 1549.75 1443.25 1445 1434.5 1427.75 1423.25 1420 1416.75 1415 1412.75 1409 1405.75 1402.5 1398.75 1395.5 1391 1387 1383 1377.5 1371.25 1365.25 1360.25 1352.75 1346.75 1341.75 1339 1338.5 1336.5
2039 2030.75 2022.25 2016.75 2009.5 1995.75 1979.5 1969.5 1947.25 1932.75 1917.75 1880 1863.75 1838 1854 1846.75 1796.25 1756 1751 1744.25 1728.5 1765.5 1749 1708 1654.5 1623.25 1605.5 1601.75 1601.75 1619 1614 1620 1623.5 1542.75 1557.75 1586 1725.75 1843.5 1905.75 1806.25 1727 1771.75 1667 1496.5 1448.75 1435.75 1430.75 1426.75 1422 1417.75 1412.5 1410.25 1406.75 1403 1396.75 1393.75 1389.75 1384.75 1380.75 1374.75 1369.25 1364.25 1358.75 1351 1344.5 1337.75 1331.25 1327 1323 1322.5 1322.5
2050.5 2042.5 2036 2030.25 2023.5 2017.5 2006.5 1996 1979.25 1955.5 1946.5 1906.75 1895.25 1861 1873 1885 1831.5 1780 1762.25 1782.5 1786.5 1783 1766.75 1732.25 1670.25 1650.75 1621.5 1606.75 1598.5 1614 1621 1606.25 1593 1546.75 1534.5 1547.5 1683 1813.5 1860.25 1759.25 1573.75 1544.5 1593.75 1510.5 1460.25 1435 1431.25 1426.5 1421 1415.75 1409.5 1405.5 1401.5 1396 1391.5 1388 1382.25 1377.25 1371.75 1367.75 1359.75 1353.75 1346.5 1340.5 1332.75 1324.75 1317 1310.75 1307.25 1308.75 1311.75
2065.25 2057.25 2048 2042.5 2036 2030 2024.25 2015.5 1998.25 1987.75 1977 1933.25 1935.5 1886 1878 1915.5 1869.25 1804.5 1778.75 1781.5 1814 1809.75 1772.5 1752.25 1692.5 1692.25 1663.75 1618.5 1610 1675 1712.25 1600 1568.75 1549.5 1542.5 1573 1716 1722 1760 1723.75 1574.25 1475.25 1509.5 1555.25 1458.5 1438.75 1431.25 1425.25 1419 1411.75 1406.75 1404.75 1399.5 1392 1388.5 1381.75 1376 1369.75 1363.5 1357.75 1351.25 1346.25 1337 1330 1322.75 1315 1307.25 1300.75 1297 1298.75 1303
2083.75 2072.25 2059.75 2057 2049.75 2041.25 2036 2030.75 2021 2013.75 2002.5 1984.25 1973.75 1925 1901.5 1935 1911.25 1839.5 1813 1790.25 1768.5 1801.25 1803.75 1733.25 1732 1737 1726.75 1638.75 1620.5 1637 1745.75 1636.75 1585.5 1562.5 1548 1564.5 1612.75 1664.75 1669.5 1528 1518 1490 1468.5 1467 1458.75 1444.25 1431.75 1425.25 1417.5 1411 1408.25 1405 1403.5 1395.75 1388.25 1380 1372 1364.5 1357.75 1349.75 1343 1336.75 1328.25 1321.25 1314.75 1308.75 1301.5 1295.75 1293 1295 1298
2092.75 2086.5 2076.5 2072.25 2061 2055.25 2049.5 2041 2035 2030.75 2028.25 2010.75 1997.5 1964.75 1956.75 1950.75 1964 1888 1823 1814.5 1834.25 1802.75 1863.5 1781.5 1753 1791.5 1760.25 1657.75 1632.25 1626.75 1715.25 1734 1685.5 1625.5 1549.75 1543.75 1536.75 1537.25 1552.75 1517.5 1504.75 1481.25 1471.75 1460.5 1452.5 1444.75 1432.75 1426 1417 1412 1414 1408.5 1404.25 1396.75 1386 1377 1368.5 1359.25 1352 1344.75 1337.25 1331.25 1324.75 1317.5 1311 1305 1299.25 1295.5 1294 1294.25 1296.75
2120.5 2112 2097.25 2085.5 2076.25 2068.25 2061.25 2054.75 2049 2043.75 2039.25 2033.75 2021.5 2006.75 1993.5 2001.75 1987.5 1912.25 1855.5 1866.75 1908.5 1853.75 1860.5 1841 1747.75 1741.25 1754 1700.75 1647 1632.25 1709 1808.25 1699.25 1650.25 1556 1547 1540.75 1532 1521.5 1516 1534 1488 1474.25 1461.5 1452 1443 1433.5 1427 1419.25 1418 1423 1452.25 1424.5 1393.75 1382.5 1372.75 1363.25 1353.75 1346.75 1339.75 1331.75 1326.25 1320.25 1313.5 1308.25 1302.75 1298 1295.25 1293.75 1293.25 1295.5
2129 2127.25 2118.25 2097.25 2086.75 2079.25 2078 2068.5 2059.25 2053.75 2044.75 2040.75 2038.5 2012.25 2010.5 2016 2020.5 1975.5 1900.75 1867.25 1917.75 1889.75 1844 1857.25 1791.25 1724.75 1723.75 1731.5 1666 1641.5 1726.75 1799.5 1649.75 1614.25 1568.25 1552.5 1543 1532.5 1526.5 1518.25 1502 1487.75 1475.5 1463 1451.5 1442 1432.5 1426.5 1421.75 1423.5 1420.5 1504.75 1424 1394.5 1377.75 1366 1358 1352.25 1343 1336.5 1329.75 1323.5 1317.5 1311.5 1306.25 1302.25 1298.5 1295.25 1294.75 1296 1297.25
2147.75 2130.25 2131.75 2118.75 2100.75 2094.75 2095 2080.5 2070.75 2065.5 2048.75 2044.25 2037 2016.75 2010.5 2010.75 2023.25 2003.25 1975 1896.75 1943 1956.5 1866.75 1843.25 1776 1739.75 1704.25 1693.5 1666.5 1650.5 1663.5 1743 1633 1602 1573.75 1557 1546.5 1537 1527.75 1515.5 1504 1488.25 1478.25 1466.5 1450.75 1441 1431.5 1423.5 1418 1417.75 1411 1406.5 1401 1390 1376 1360.75 1353.25 1346.25 1338.5 1332.25 1326.25 1319.25 1312.75 1307.75 1304.25 1300 1298.25 1296 1296.25 1297.5 1298.75
2161.5 2160 2146 2162.75 2122.25 2120.5 2112.25 2095 2083.25 2077.5 2067.25 2046.5 2032.75 2040.25 2032.5 2014.25 2017.5 2020 2011.5 1968.5 1953.75 1980.5 1894 1813.75 1774.5 1751.75 1716.25 1691.75 1673 1657 1653 1665.25 1618.75 1599.75 1581.25 1562.75 1550.5 1537.75 1532.75 1519 1503 1489.5 1475.25 1465.25 1452.75 1441 1432.75 1422.5 1412.25 1406 1401 1394.75 1386.25 1378 1364 1353.5 1347.25 1340.25 1335.5 1327.25 1321.25 1317 1311.25 1307.5 1302.5 1300.25 1299 1297.75 1297.75 1299 1300.5
2226.75 2182.75 2154 2182.75 2163.25 2149.75 2117.5 2114.75 2104 2087.75 2080.5 2065.75 2045 2050 2053.5 2041.5 2030 2035 2031.25 2036.5 2001.5 1958 1874.25 1814.5 1786.25 1770 1734.5 1703.75 1683.5 1665 1651.75 1640 1620.75 1601.75 1586.75 1569.5 1555.25 1542 1527.75 1516.5 1505.25 1492 1477 1465.75 1452.75 1441 1431 1421.5 1411.5 1402.5 1395.25 1386.75 1378.5 1370.25 1361.25 1351 1343.25 1337.25 1330.25 1323.75 1317.75 1314.5 1311 1307.5 1303.75 1302 1300 1298.75 1299.75 1300.75 1300.25
2202.75 2190.5 2200.25 2211.25 2198.75 2151.75 2127.25 2131 2137.5 2111 2096.75 2080.25 2060.25 2052.5 2056 2054.75 2042 2044.25 2041.25 2044.75 2011 1984.75 1921.5 1823.25 1791.5 1764.5 1741.75 1717 1697.5 1677.5 1657.5 1642 1626.25 1608.75 1592.75 1576.25 1560.25 1546.5 1531.5 1519.25 1507 1493.5 1479.75 1467 1455 1442.75 1432.25 1420.5 1409.75 1399.5 1390.75 1381.5 1373.5 1365.5 1358.5 1349.25 1340.25 1334 1327.75 1323 1316 1313.75 1309.5 1307 1304 1300.75 1300 1299.75 1300.5 1301 1302.75
2211.5 2244.25 2267.25 2221 2197 2176.5 2152.75 2145 2162.25 2145 2121.75 2098.75 2081 2074.75 2073 2069.75 2040.25 2030.75 2019.75 2014.75 2008.75 1945.25 1901 1829.75 1807.25 1782.5 1750.75 1728.25 1708.75 1688.25 1669 1650 1632.5 1616.5 1600 1582.5 1566.25 1551.25 1538 1526 1511.5 1497.25 1483.25 1470 1461.25 1447.25 1434 1421.5 1408.5 1398.25 1388 1378.5 1370.25 1361.25 1353.5 1347.25 1339 1331.25 1326.5 1320.75 1317 1313.25 1309.25 1306.25 1303.5 1300.5 1300.25 1300.5 1300.75 1303.25 1304.25
2281 2309.25 2314.5 2230.25 2211.25 2225.5 2192.25 2185.75 2186 2171.75 2140.75 2115.75 2096 2082 2075 2060.75 2053.25 2038.5 2043.75 2024.5 1987.5 1922.75 1876.5 1851.75 1832.25 1809.5 1763.5 1740.5 1720 1699.75 1679.5 1660.5 1641.25 1623.5 1609 1591 1573.75 1561.25 1552.5 1536 1518 1506.25 1524.75 1479.25 1472 1452.5 1437 1424 1410.75 1401 1389.5 1378.25 1369.5 1360.25 1351.75 1342.75 1337.25 1329.25 1323 1318.75 1314.75 1311.25 1308 1305.75 1303.75 1302.25 1301.25 1302.75 1303.5 1304.75 1306.5
2373.25 2359.25 2283 2254.25 2268.5 2271.5 2252 2238 2223.5 2194 2167.5 2137.25 2112 2094 2077.75 2070.25 2066.25 2024.5 2013.75 2003.25 1949.5 1906.25 1875.5 1854.75 1839.5 1796.5 1774.25 1751.5 1731 1711.25 1691 1669.75 1650.5 1631.75 1615.75 1598 1585.25 1575.5 1570.75 1545.25 1525.25 1558.25 1593.5 1538 1466.25 1458.75 1443.75 1430.25 1413.5 1401.25 1390.25 1379 1370.25 1360.25 1351.5 1342.5 1336.25 1328.75 1322.25 1317.75 1313.5 1309.25 1305.75 1305 1303.5 1302.75 1302 1303 1304.25 1306.25 1309.25
2411.25 2308.25 2289.25 2319.5 2294.5 2291.75 2300 2275.75 2248.25 2219.5 2186.5 2151.75 2126.25 2112.25 2100 2090.5 2067.5 2015 1983 1965.25 1933.75 1906.25 1881.75 1862.25 1868.5 1830 1786.5 1763.75 1741.5 1722.5 1702 1681.25 1660.5 1641 1621.75 1605.25 1587.75 1575.5 1560.25 1548.5 1528 1550.75 1514 1499.5 1475.25 1456.25 1442.25 1429.5 1413.5 1399.75 1387.75 1377.25 1368 1359 1349.5 1341.5 1334.5 1328 1321.25 1315.5 1311.25 1309 1305.5 1303.5 1303.5 1304 1302.5 1303.25 1305.25 1308.75 1313.25
2402 2346.25 2382.5 2351.25 2290.75 2316.25 2325.25 2300.25 2269 2236.75 2192.25 2156 2135.25 2125.25 2114.5 2104.25 2085 2029.5 1994.75 1968.25 1945.25 1920 1894.25 1871 1849 1833.75 1809 1777 1753 1733.25 1711.75 1691 1669.75 1649.5 1630.25 1612 1594.25 1577.25 1562.75 1545.75 1529.5 1514.5 1500.25 1486.75 1473.25 1456.5 1439.25 1425.5 1412.25 1398.75 1386.75 1375.25 1364.75 1356.25 1347.75 1339.5 1332 1326.5 1319.5 1314.5 1310.25 1307.5 1306 1303.5 1302.5 1302.75 1304.25 1305.75 1307.5 1310.25 1317.75
2433.25 2413.75 2411.25 2330.25 2273.5 2336.25 2347 2320.5 2289.75 2251.5 2197 2164.5 2148.25 2138.25 2126.5 2115.5 2093.75 2042.5 2011.25 1984.75 1958.25 1933.5 1907 1882.25 1860 1841 1817.25 1789.25 1767.25 1745.5 1722 1699.75 1677.75 1657.75 1637.5 1618.5 1600.75 1583.25 1565 1548.5 1532.25 1518.5 1506.25 1492.5 1477.5 1461 1459.75 1442.75 1414.75 1399.25 1386 1374.25 1364.5 1354 1344.75 1336.5 1329.75 1323.75 1317.25 1312.75 1307.5 1306 1305 1302.75 1302.25 1303.25 1303.25 1304.5 1307.75 1311.5 1315.25
2486 2444 2401.5 2344.5 2297.75 2356 2371 2342 2311.25 2270.25 2216.75 2173.5 2163.25 2150.75 2138.25 2128.5 2111.25 2069 2029.25 2001.75 1977.5 1949 1922 1895.75 1872.5 1846.5 1823.5 1799.75 1780 1756.25 1732.5 1712 1688.25 1667.25 1646.5 1626.5 1607 1588.25 1570 1551.75 1534.75 1520.75 1508.25 1499.75 1505.5 1466.25 1447.5 1429.5 1414 1399 1384.25 1372.25 1362 1352.25 1342.5 1333.75 1326.25 1320 1314 1309.75 1305 1302.5 1302.25 1301.25 1302.5 1303.25 1305 1306.25 1309 1312.75 1316
2472.75 2390.75 2370.5 2379.25 2344.75 2380.25 2392.5 2363 2331.25 2298.75 2249 2194.75 2186.5 2170 2151.5 2138.75 2125.75 2099.25 2054.5 2019.5 2004.75 1964.25 1937.75 1911.25 1886.25 1861 1836 1812.25 1792 1774 1759 1731.5 1704.75 1678 1655.75 1634.25 1613.25 1593.5 1575.25 1557 1541 1525 1511.5 1502.5 1510.75 1476.75 1446.25 1429.5 1413.25 1400 1386.5 1372.25 1360.25 1349 1339.5 1331 1322 1317 1311.5 1307.5 1303 1299.75 1300.75 1304.5 1300.75 1303 1304.25 1307.5 1310.25 1313.25 1317
2486.25 2450.25 2417.5 2368.25 2374.25 2420.75 2415.75 2383 2351.5 2319.75 2281.75 2235.5 2211.75 2182.5 2165.5 2150.75 2136 2121.5 2083.25 2037 2007.75 1979.5 1953.25 1928.25 1903.25 1876.25 1850.5 1825.5 1807 1820.25 1785 1755 1718.75 1689.75 1665.5 1643.75 1621.25 1599 1581.25 1563 1546 1529.25 1513.25 1497.25 1518.75 1475 1448.5 1431 1414.5 1399.75 1385.25 1373 1359 1348.25 1338 1328.25 1320 1312.5 1308.5 1304.5 1301.5 1298.5 1296.75 1298 1300 1301.5 1305.25 1308.25 1311.25 1315.75 1320
2488.75 2463 2456.5 2430 2477.25 2465.5 2438.75 2404.5 2371.75 2339 2298.75 2258 2218.25 2197 2181 2164.5 2147.75 2132 2090.5 2051 2022.25 1995.25 1969.75 1945.75 1919 1894.25 1866 1848.25 1827.75 1840.75 1823.5 1817.25 1729.5 1702.75 1675.75 1653 1629.75 1608.5 1587.25 1568.5 1551 1532.75 1515 1498 1482.5 1467.75 1449.5 1433 1415.5 1400.5 1387 1373.75 1359.75 1349 1336 1325.75 1316.25 1309 1303.5 1300.25 1297.75 1295.25 1294.75 1295.75 1298.5 1300 1304.75 1308 1311.25 1316 1320.25
2564.5 2548 2520.5 2544.5 2523 2491.5 2454 2410.75 2371.25 2341.5 2305.5 2272.75 2248.5 2226.25 2201.75 2179.25 2161.25 2144 2106 2068.25 2039.25 2011.5 1985.75 1964.5 1933.5 1905.25 1881 1857.75 1839 1825 1803 1806 1764 1711.5 1686 1663.75 1640 1618.5 1595.5 1575.5 1557.75 1535.25 1517.5 1499.25 1481.75 1465 1448.25 1433.5 1417 1401.5 1385.75 1370 1356.75 1344.75 1332.25 1323 1313.5 1304.75 1299.5 1296.25 1294 1292.75 1292 1293.5 1295.5 1299.25 1303.5 1309 1312.5 1316 1321.25
2640.25 2611 2588.75 2577 2542.75 2495 2442.5 2417.25 2396.25 2371 2326.75 2287 2261 2231.25 2207.75 2191.25 2175 2157 2118.25 2089 2070 2029.25 2000.75 1976 1947.75 1921.5 1900.75 1872.25 1854.25 1825 1798 1772 1749.25 1730.25 1702.5 1679 1653.25 1630 1606 1581.5 1560.75 1541 1522.25 1503.5 1485.5 1466.25 1449.5 1434.75 1418.75 1399.75 1383.75 1366.75 1353.5 1343.25 1329.75 1318.5 1310.25 1302 1294.5 1290.75 1288.75 1287.5 1289.25 1290 1293.5 1297.25 1301.75 1308 1312.5 1317.25 1321.5
2694.25 2629.75 2631 2593.25 2553.5 2515.5 2482 2436.25 2394 2348.25 2317 2281 2262.75 2238 2227 2210.25 2187.75 2164.25 2128 2104.25 2096.25 2049.5 2015.25 1987.25 1962 1937.5 1912.5 1896.5 1864 1837.25 1820 1796 1827.25 1786 1723.25 1695.25 1666.75 1639.25 1615.75 1590.75 1567.5 1546 1525 1507.5 1487.75 1468.75 1451.5 1435 1418.5 1400 1382.25 1366 1349.75 1338.5 1326.5 1315 1305.75 1298.5 1291 1285.25 1283.25 1283.5 1285.5 1286.25 1290 1296.5 1301.75 1307.75 1313.25 1318.25 1322.75
2730.25 2688.25 2650.25 2603.75 2565 2535.25 2500.5 2448.75 2394.25 2346.5 2350.5 2317 2281.75 2261.75 2257.75 2229 2203.75 2174.5 2143.25 2117.25 2088.75 2063.5 2030.5 2005.25 1987 1960.75 1934.5 1910 1878 1855.25 1830.5 1836.25 1871 1780.5 1748.25 1710.5 1678.25 1648.5 1623.5 1600.75 1575.5 1551 1530.25 1511.5 1491.25 1470.75 1451.75 1436.75 1416.75 1399.25 1381.5 1365 1348.75 1335 1322.5 1310 1299.25 1291.75 1286.5 1281.5 1277.75 1277.5 1280.25 1283 1287.5 1293 1298.75 1305.5 1312.75 1319.75 1321.75
