LSCAM_InData/LSCAM_InData/annualprecipitation_aggr_cambodia.asc
ncols         292
nrows         251
xllcorner     800180
yllcorner     -2175230
cellsize      2000
NODATA_value  -9999
[rows 64 to 95 of 251, columns 213 to 283 of 292]
1961 1969.25 1980.75 1988.25 1998 2005.25 2013.5 2016.5 2029 2043.25 2057.75 2066 2073 2079.5 2088.25 2102.5 2117.5 2121.75 2128.75 2136.75 2146 2153.75 2166 2179.75 2193.25 2196.25 2194.25 2208.5 2212.5 2214.75 2222.75 2250.5 2265.75 2256.5 2260 2228.25 2224.75 2226.75 2239.75 2250 2251 2289.75 2298.25 2272.5 2239 2277.25 2260 2245.25 2240.75 2223.5 2221.5 2215.75 2212 2211.75 2204.5 2190 2183.75 2201.75 2205.25 2203 2195 2168.5 2145.75 2126.5 2115 2120.25 2124.25 2114.5 2099.25 2096.25 2078.5
1956.5 1961.5 1970.75 1981.75 1988.5 1993.75 1999.25 2009 2030.75 2042.25 2056.5 2063.75 2070.75 2077.75 2086.25 2095 2108.25 2118.75 2126 2141.75 2141 2146.75 2157.75 2167.75 2180 2189.75 2185.25 2195 2200.25 2214.25 2241 2277.75 2255.5 2216.75 2213 2214.75 2214.25 2218.5 2222.75 2220.25 2231 2250.25 2257 2245 2222.5 2251 2244.75 2231.75 2245 2209.75 2203.75 2200.5 2194.25 2246 2198 2196 2178.25 2170.75 2176 2173.5 2172.75 2154.75 2135.25 2120.75 2111 2139.75 2124.5 2098.5 2087.75 2078.25 2061
1950 1955 1961.5 1971.75 1979.75 1983.75 1993.75 2013.5 2031.25 2041.75 2052.5 2056.75 2063.25 2070.75 2083.5 2090.5 2099 2117.25 2122 2135.75 2138.5 2140.75 2149.75 2159.75 2170.25 2180.5 2184 2188.25 2188.5 2211.25 2245.25 2256.5 2217 2205.5 2199.75 2199.25 2203.5 2210.75 2205.25 2203.25 2211 2219.5 2226.25 2212.75 2203.25 2234.5 2232 2216.5 2216.5 2198.25 2190.25 2186.75 2220 2265.25 2233.75 2178.5 2165.25 2156.5 2156.5 2161 2155.25 2135.75 2117 2110 2116.25 2112.5 2090.75 2080 2071.5 2062.5 2057.25
1937.75 1941.25 1950.25 1963.25 1968.25 1978.25 1993.75 2009 2020.75 2037.5 2041.25 2043.75 2053 2059.25 2072 2088 2087 2104.75 2119 2129.25 2134 2138 2141.25 2155.5 2163.75 2184 2192 2178.25 2184.75 2189.75 2199.5 2203.25 2195 2190.75 2188.25 2188 2190.25 2194.5 2191.75 2193 2195 2200.75 2199.75 2193.5 2200.25 2215.5 2200 2206.25 2199.5 2188.75 2184.25 2186.5 2224.75 2210.5 2190 2169.75 2156 2145.25 2147.25 2150 2139.5 2123.25 2109 2103 2099.25 2089.25 2078.25 2074.5 2067.25 2062 2055.5
1929.75 1935 1953.25 1965.25 1972.25 1983 1996 2009 2024.5 2034 2029.5 2034.5 2042.5 2049 2057.5 2069.5 2076 2088 2100.75 2108.75 2119 2133 2146.25 2151.5 2150.5 2164.25 2173 2167.5 2174.25 2176.75 2177.25 2182.25 2182.5 2178.25 2176.75 2177.5 2180.5 2181.25 2178.5 2178.75 2184 2181.25 2182 2181.75 2184.75 2192.5 2190.25 2186.75 2189 2180.5 2176.75 2176.25 2187.5 2181.75 2168.75 2157.75 2148.25 2136.25 2139 2129.75 2123.25 2109.25 2100.25 2093.25 2086.25 2077.5 2075 2071.25 2060.75 2057 2054.5
1929.5 1931.25 1948.75 1959.5 1973.75 1981.75 1992.5 2006.25 2015.5 2015.75 2021.25 2028.75 2037.5 2045.25 2050.5 2061.25 2068.25 2078 2088.5 2095.75 2106.5 2116 2128.5 2138.25 2143.5 2145 2153 2149.5 2154.5 2161 2164.75 2173.75 2171.25 2167 2164.75 2166.5 2169.5 2169.25 2169 2168.25 2171.25 2170 2172 2179.25 2190.25 2196.5 2185.75 2171.75 2170.75 2168 2167.5 2165.25 2164.75 2160.5 2153.5 2149.5 2146 2134.25 2123 2116.5 2107.25 2100.25 2094 2084.75 2076.5 2071.5 2062 2057.5 2052.5 2050.25 2038.25
1917 1924.75 1937.25 1952.25 1964.75 1974.5 1987.75 1995.5 1997 2009.25 2017.25 2020.5 2029.75 2043 2050.5 2058.5 2063 2069 2076.75 2087 2098 2106.5 2115.25 2124.75 2133.75 2136.75 2139 2140 2143.5 2149 2156.5 2162 2161.25 2154.75 2158.75 2162 2162 2162 2167.75 2164 2161.5 2162.75 2176 2184 2198 2199.25 2172.75 2166.25 2169.25 2162.75 2161.75 2160 2169 2148 2138.75 2148.75 2146 2131.5 2119.5 2109.25 2097 2096.75 2087.25 2076 2070.5 2060.25 2052 2051.25 2040.5 2037.75 2027
1914.25 1926.5 1930.75 1947.5 1957.75 1966.75 1981 1986.25 1990 2007.75 2013.25 2016 2022 2033 2041.5 2053.5 2058.5 2064.25 2073.25 2083.75 2091.5 2097.25 2103.75 2110.75 2116.75 2123.75 2123.25 2130.5 2131.75 2137.5 2141.25 2147.5 2151 2147.75 2149.75 2154 2153.5 2156 2161 2163.75 2156.25 2154 2160 2160.25 2171.75 2175.25 2157.75 2155.5 2156 2155 2151.25 2153.5 2185 2177 2142.5 2149.75 2138.5 2124.75 2116.5 2101.25 2090.5 2084.5 2080 2068.5 2061.25 2050 2049.5 2045.25 2039.25 2030.5 2016.25
1918 1925.75 1932 1938.75 1945.75 1955.25 1969.75 1978.5 1988 2002.75 2007.5 2013 2017 2024.5 2033.5 2047.25 2056.5 2059 2067 2077 2082.5 2085.25 2092.5 2098 2104.75 2108.75 2113 2119.5 2122.5 2129.25 2130 2136.5 2142.25 2141.25 2143.25 2150.75 2154.75 2155.5 2153.25 2159.25 2155.25 2146.75 2145 2151.75 2166.75 2159.5 2146.25 2146 2142 2143 2145.5 2151.5 2141.75 2132.25 2129.75 2153.75 2126.5 2112 2105.25 2096.5 2084.75 2075 2067.75 2060.75 2052.25 2048 2043.5 2037 2029.75 2016.25 2006
1918.75 1925.75 1936.25 1942.75 1944.75 1952.5 1959.75 1970 1984.75 1993 1998.75 2004.75 2011.25 2019.75 2030.75 2041.5 2052.5 2053.75 2058.25 2067 2073.75 2078.5 2086.25 2091.5 2096.5 2102 2107.75 2115.5 2117 2119.5 2124.25 2128 2129 2133.5 2134.75 2140 2149.5 2149.75 2150 2152.5 2153.25 2142.5 2140.75 2143 2144 2139.5 2137.75 2137.5 2134.5 2134.25 2135.25 2134.25 2123.75 2118.75 2110.75 2106.25 2105.5 2098 2092.25 2087.25 2079 2068.5 2061.5 2057 2053.75 2050.5 2037 2026 2018.75 2008.25 2001.5
1922.25 1927.75 1943.25 1941.5 1944 1952.25 1965 1964.75 1972.25 1981 1988.25 1998.5 2007 2016.25 2025.75 2036.5 2046.25 2049.5 2052.25 2059.75 2066.5 2073.5 2083.25 2089 2092.25 2101 2103.25 2113 2114 2114.5 2120.75 2121.5 2121.5 2124 2128.75 2134.25 2143.25 2145 2157.75 2149 2145.25 2134.25 2133.25 2131.5 2132 2132.25 2133 2129.75 2133.5 2129.75 2125.25 2120.75 2111 2107 2102.5 2096.5 2089 2083.75 2080.5 2079.25 2070.25 2059.75 2055.75 2055.5 2052 2044.25 2026.5 2016.75 2010.5 2004 1999
1919.75 1924.75 1934.25 1935.5 1947.5 1953.5 1966.75 1964.25 1968.5 1978.5 1982.25 1992.75 2000.75 2014 2022.5 2029 2037.25 2042.25 2046.5 2054.5 2060.5 2072.5 2087.25 2086 2094.5 2101 2104.5 2110.5 2104.5 2107.75 2116.25 2116.5 2114.25 2117.75 2120.25 2125 2133.75 2140 2144.25 2145 2135.5 2132.5 2138.5 2128 2125 2126.5 2122.75 2122.5 2122.25 2115.25 2113.75 2109.5 2105.75 2098.5 2095 2089.25 2081.75 2075.25 2071.5 2069.75 2063.5 2054.75 2058.25 2051.5 2042.5 2028 2017 2009.75 2002.5 1994.75 1989.75
1924 1926.25 1929.75 1934.5 1946.5 1952 1958.75 1960.5 1967.5 1973.5 1980.75 1989.5 1996.5 2005.75 2013.25 2021.5 2031.5 2041.25 2045.5 2050.5 2056.25 2072.5 2083 2085 2095.25 2101.75 2103.25 2099 2098.25 2103 2110 2107.5 2106.5 2111.25 2116.5 2116.5 2122.75 2131 2139.75 2134.5 2128 2125.75 2125.5 2124 2118.75 2115.25 2112.5 2114.75 2109.5 2104 2103.25 2103 2099 2092.75 2085.75 2082 2075 2070.5 2067.5 2061.5 2054.75 2051.75 2047.75 2038 2027.5 2021.25 2011.5 2008 2001.25 1988.5 1982.25
1928.25 1925.25 1931.25 1938.5 1943.5 1951.75 1955.75 1958 1965.75 1971.25 1978.75 1985.5 1992 1999.25 2007.5 2017.25 2026 2036 2041 2045.5 2052.75 2067 2075 2082 2090.25 2099.5 2095 2094 2095.25 2099.25 2101.25 2100 2102 2106.5 2111 2110.75 2116 2123.5 2130.75 2126.25 2129.75 2125.25 2120.75 2117.5 2117.75 2109 2107 2105.75 2101 2098.75 2095.25 2093.25 2089 2086.75 2080.75 2077.25 2070.5 2065 2060 2057.25 2050.5 2043 2037.5 2027.5 2021.25 2016 2010 2005.25 2000 1987.5 1982.25
1942 1949 1942 1950.25 1946.25 1953.75 1955.25 1961.5 1968.75 1970 1974.5 1984 1990.25 1995.75 2003.5 2014.75 2024.75 2031 2036.25 2041.5 2050.25 2058 2065 2078 2085.75 2095.5 2091 2089 2090.75 2094.25 2095 2098.5 2098.75 2102.5 2105 2108 2110 2117.5 2126.25 2123.75 2130.25 2128.25 2122.5 2115.25 2109.5 2100.25 2099.5 2096.5 2094.75 2092.25 2089.5 2086.75 2083.75 2081.5 2076.75 2071.25 2068 2063.25 2058.75 2055.75 2048.75 2038.75 2030.25 2021.5 2015 2006.75 2004.25 2002 1990.75 1985.5 1981.25
1964 1966.25 1954.25 1950 1949.5 1960.75 1969.5 1968.75 1973.5 1969.75 1972.75 1984.25 1992 1993.5 2002 2012.25 2026.25 2032.25 2033 2036.5 2048 2059.75 2064.75 2072.25 2080.25 2089 2087.5 2084 2087 2088.75 2091 2093.25 2097.25 2098 2103 2107.25 2106.75 2113.25 2122.75 2123.25 2122.75 2123.25 2115 2108.75 2099 2096 2095 2091.5 2091.75 2088 2083.25 2081.25 2078.75 2076.25 2073.25 2066 2064.5 2063.25 2058 2057.25 2051.75 2035 2023.75 2018 2016.75 2007 1995.25 1991 1987.25 1980.75 1971
1948.5 1959.25 1960.5 1956.75 1954 1973.25 1986 1999.5 1967 1968.5 1971.5 1981.25 1989.25 1996 2002.75 2009.25 2017.25 2029.75 2031 2036.75 2047.5 2059.25 2056 2067 2084.25 2086.25 2084.25 2080 2084.25 2087.5 2087.5 2089.75 2091.75 2093.75 2097.25 2101.75 2103.75 2114.5 2121.5 2119.25 2117.25 2109.5 2103 2096.25 2094.25 2089.5 2087.75 2086.25 2087.5 2085.5 2081 2078 2071.25 2070 2070.5 2066 2062.25 2066 2059 2059.75 2042.75 2026.5 2019.25 2010.75 2006.25 2003.75 1994 1987.75 1977 1968.75 1957.5
1947.75 1954.75 1952.75 1957.75 1965.25 1977 1994.5 1978.5 1976.5 1970.25 1972 1981.5 1987.75 1997 2006.25 2013.5 2016.75 2027.25 2028.75 2038 2047 2055 2052.5 2074.5 2087.5 2087.25 2076 2076 2082.25 2083.25 2084.5 2088 2087.25 2089 2091 2096.75 2101.75 2108.25 2114.75 2112 2108 2102 2094.25 2092.25 2089.25 2088.75 2083.5 2080.25 2078.75 2081.5 2081.5 2074.25 2068.5 2065.25 2068 2068 2066 2063.75 2061.5 2052.75 2036.5 2021.25 2016.5 2007.5 1999.25 1994.5 1986.75 1978.5 1969 1959.5 1950.75
1934.25 1930 1937.5 1954 1966.5 1994.25 1997.25 1999.5 1980 1976 1979 1991.25 1994.5 1995.25 2006.25 2017.25 2021.25 2032.75 2031.5 2040.25 2046.75 2055.25 2061.5 2076.5 2084.25 2080.5 2069.25 2072.5 2077.25 2081.75 2084.25 2081.5 2084.5 2083.5 2094.25 2095.75 2099.25 2101.25 2102 2099.25 2096.25 2093.75 2090.5 2091.25 2084.25 2085.75 2078.75 2076.25 2074.75 2077.5 2079.25 2076.75 2066.5 2058.75 2057.75 2059.75 2062.75 2061.75 2063.75 2045.25 2029.25 2017.75 2010.5 2002.75 1996 1988 1979.75 1978.25 1973.5 1958.5 1952
1917 1915 1926.75 1937.25 1952.75 1966.75 1975.5 1988 1984.75 1990.5 1999.25 2016.25 2000.5 2003.75 2016.5 2026 2032.25 2037 2033.25 2041.25 2043 2052.5 2063.75 2068.25 2077 2068.25 2066.25 2070.5 2076.5 2080 2083.25 2079.75 2080.5 2083.5 2091.75 2096.75 2096.75 2097 2097 2094 2091 2087.75 2089.5 2086.75 2084 2079 2073.5 2070 2070 2072.5 2074.5 2069 2065.75 2056.75 2051.25 2050 2055 2047 2045.75 2038.75 2024.5 2013.25 2011.25 1998.5 1996 1987.5 1975.25 1970.5 1969.5 1959 1947.25
1914 1908.75 1917.25 1930 1946.75 1954.5 1971.75 1969 1975.5 1980.25 1994.5 2003.25 2006.75 2013.25 2016.75 2020.75 2037.25 2046 2048.5 2039 2040.5 2052 2058.75 2064.75 2069.75 2064.25 2066.5 2070.75 2076.25 2079.5 2078.5 2075.25 2076.25 2084.25 2093.75 2096.25 2093.25 2093 2094.25 2090.75 2087.75 2086 2087.75 2086.25 2083.25 2077 2071.25 2067.5 2066.5 2068.75 2070.25 2067.25 2064.75 2056 2048.25 2042.75 2042.75 2039.75 2041.5 2029.75 2018 2009.75 2005.25 1995 1993.25 1986 1977.5 1971.75 1965.25 1956.75 1942.5
1899.75 1900.75 1911.25 1928.5 1938.25 1950.5 1950.5 1952.5 1960.75 1965 1977.5 1991.5 1996 2003.5 2002.5 2014 2023.75 2033.25 2050.75 2054 2047 2052.75 2056 2062.75 2067.25 2073.5 2077.75 2072.75 2076 2080.75 2076.25 2075.25 2077 2084.75 2095.25 2095.25 2091 2091 2096 2096 2089 2082.75 2078.75 2076.5 2074.5 2070.75 2065 2063.25 2062.25 2063.5 2065 2065.25 2058.5 2055.25 2045.75 2039 2035.25 2034.25 2033.75 2028.5 2015.25 2006.5 2000.25 1991.25 1986.25 1978.5 1975.25 1972 1966.25 1958 1945
1887 1900.5 1916 1918.75 1925.5 1932 1934.75 1935.75 1940.5 1946.25 1958.25 1981.25 1982 1987 2001.5 2017.5 2025 2036.75 2048 2052.25 2046.75 2043.75 2044.75 2050 2056.25 2064.5 2078.5 2077.5 2084.5 2091.5 2082.5 2077.75 2079.25 2088 2094.25 2097.25 2090.75 2086.25 2087.5 2087 2081.25 2076.5 2072 2070 2066.5 2063.75 2061.75 2059.5 2057.25 2058 2064 2064.5 2058.25 2052.25 2040 2036.5 2038 2032.25 2030 2019.25 2010.25 2005 1997 1989.25 1984.75 1976.5 1972.25 1963.75 1961.25 1956.25 1947.5
1876.25 1888.5 1911.75 1914.5 1910.75 1918 1921.5 1927.5 1932.25 1946.5 1955.25 1965.25 1968.5 1979.75 1997 2008.25 2021.25 2036.25 2039 2032.25 2027.5 2031.25 2039.25 2049.25 2066.75 2079 2093 2087.75 2098.25 2105.5 2087 2080.75 2084.5 2098.5 2095 2093 2084.25 2080.75 2082.25 2085.75 2076.5 2071.25 2071.5 2069 2063 2060 2058.5 2059.25 2055.25 2055.5 2060.75 2060.5 2050 2041.5 2035.5 2035.25 2033.25 2029.5 2028.5 2014 2008 2005.75 1995 1984.25 1982.75 1975.5 1966.25 1963.25 1959.5 1961 1965.75
1870.75 1879 1892.5 1908.25 1908.75 1911.25 1915 1920 1927 1938.25 1946.5 1957.75 1961 1967.5 1979.25 1990.25 2003.5 2022.75 2021.75 2015.5 2019.25 2028 2038.25 2051 2070.25 2080.75 2088.5 2094.25 2100.5 2100.75 2092.75 2091.25 2097.25 2101.5 2090.5 2085.5 2079.75 2077.25 2079.25 2077.25 2072 2068.75 2063.75 2060.25 2057.25 2055.5 2054 2051.25 2051 2050.75 2052 2052.75 2045.25 2040.75 2032.75 2030.25 2032 2031.25 2023 2013.75 2003.75 2004.5 1990.75 1980.5 1978.75 1973 1964.75 1960 1967.25 1999.5 1967.25
1866 1875.5 1879.25 1896.75 1904.5 1902.25 1908.5 1916.25 1923.25 1931 1939 1945.75 1955.5 1959.75 1969.5 1979.75 1988.75 2001 1998.75 2006 2016.25 2024.5 2029.25 2041.75 2053.75 2060 2082 2083 2088.75 2086.25 2084.75 2088 2092.25 2092 2082.75 2079.75 2084.75 2077.5 2072 2067.25 2063.5 2061.25 2059 2057.25 2056 2053.25 2049.25 2047.5 2044.5 2044.5 2049 2047.25 2042.75 2033.25 2027 2024.5 2025.25 2026.75 2021 2008.75 2003 1999 1985.25 1976.75 1975 1968 1961.5 1966 1991.75 1979.5 1968.667
1867.5 1873 1880 1889.5 1893.5 1898.25 1907.5 1913.75 1920.75 1925.5 1933.5 1941 1948.75 1956.25 1964.25 1972 1979.25 1986.75 1996.25 2003.75 2017 2023.5 2028.25 2034.75 2035 2051.25 2060.25 2058.25 2070 2070 2073.5 2079.5 2087 2083.75 2075.5 2077.5 2081.75 2076 2068.25 2062.75 2060.5 2057 2056.25 2054 2058.5 2050.75 2045.75 2046.5 2049.5 2047.5 2049.25 2043 2035 2033 2027 2024.5 2021 2021.25 2018 2004.25 2001.25 1994.75 1985.25 1975.75 1972.75 1965 1958.25 1952 1941.5 1938.5 1940
1862.75 1872.75 1885.75 1896 1893.75 1899.25 1908.75 1915.25 1922.5 1927.25 1930.5 1940.75 1949.5 1956 1960.5 1968.5 1980.25 1982.25 1990.5 1996.75 2004.75 2009.75 2015.75 2024.5 2029.5 2039.5 2044.75 2051 2056.5 2066.5 2072.75 2080.5 2096.75 2082.5 2075 2076.5 2071.5 2072.5 2066.75 2061.25 2057 2054 2051.75 2055.25 2059 2048.75 2042.75 2047 2049 2053.25 2046.5 2038.75 2035.25 2030.25 2028.75 2025.75 2025.5 2022.5 2011.25 2002.75 2002.25 1994.75 1981.25 1973.25 1972 1984 1990 1965 1943 1931.5 1926.5
1868.5 1889 1898.25 1890.5 1893.75 1899 1904.75 1917.25 1923.25 1928.75 1930 1936.25 1950.25 1958.5 1960 1967.5 1981 1985.75 1983.75 1990 1995.75 2002.25 2010.75 2014.5 2021.25 2030.5 2038.25 2055.25 2058 2063.25 2065.25 2075 2082.5 2084.75 2081 2074 2065.5 2062 2063.5 2060.75 2057.25 2053.75 2053.25 2049.25 2045.75 2042.75 2041 2043.25 2053.5 2050.75 2044.5 2038.5 2036.5 2029.75 2026 2029.25 2039.75 2019.75 2006.75 2002.5 1997.25 1986.5 1978.5 1974.75 1975.75 2002.75 2031 1995 1941.5 1931.75 1921.75
1884 1895.75 1880 1883 1886.75 1889.75 1906 1911.25 1913.5 1921 1929.5 1935.5 1944.75 1952.75 1961.25 1969.5 1978.25 1985 1984.75 1988.25 1994.5 2001.75 2006.25 2010.75 2019.5 2029.25 2036.75 2045.25 2056.25 2072.75 2071.75 2074.75 2076.5 2077.5 2079.5 2072.75 2062 2062.25 2063.5 2065.5 2057.5 2052.5 2049 2044.25 2039.5 2040 2042 2044 2050.25 2048 2042.75 2036.5 2034.5 2028.75 2025.25 2025 2032.25 2012 2005.75 2000.25 1991.25 1989.5 1995.5 1990.25 1976.25 1979.75 1986 1951.25 1942 1934.25 1920.75
1869.25 1867 1871.25 1873.75 1879.25 1888.5 1902.25 1906.5 1906.5 1912.5 1920 1927.5 1934.75 1942.25 1954 1962.25 1971.25 1972.5 1982.5 1991 1996.75 2001 2008 2014 2019.5 2031 2040 2046 2044.5 2049.75 2074.5 2089 2084.75 2077.25 2067.25 2071.75 2069 2075.75 2066 2064 2057 2050.25 2043.25 2040.5 2039 2037.5 2037.75 2038.25 2044.5 2049 2041 2032.5 2030.25 2027.75 2026 2020 2018.75 2007.75 2007.5 1998.75 2015.75 2021 1989.75 1986 2012.25 2000.5 1979 1947.5 1941.5 1931 1915.5
1855.25 1858.25 1865.5 1869.25 1875.75 1883.75 1892.25 1900 1902 1907.5 1916.75 1923.25 1927.25 1936.5 1944.75 1952.75 1962 1961.25 1970.5 1979.25 1988.25 1993.5 2006 2016.5 2022.5 2030.75 2025.25 2033.25 2030.75 2036.75 2058.5 2067.5 2067.75 2066.25 2061.75 2061.75 2065.5 2070.5 2068 2062.5 2058.25 2050.75 2047.5 2045.75 2038.75 2036 2036.25 2036 2041.25 2046.25 2042.5 2036.5 2030.5 2026 2026 2020.75 2017 2006.75 2005.25 2008.5 2027.75 1998.5 1987.75 1994.5 2038 1996.25 1963 1952.5 1938.25 1923.25 1911.667
