LSCAM_InData/LSCAM_InData/annualmeantemp_aggr_cambodia.asc
ncols         292
nrows         251
xllcorner     800180
yllcorner     -2175230
cellsize      2000
NODATA_value  -9999
[rows 108 to 143 of 251, columns 164 to 245 of 292]
271.5 271.5 271.25 271 270.75 270.5 270 270 270.25 271.25 271 272 271.25 270 270.75 271.5 271.5 271.25 270.25 260 255.75 266.75 269 269.75 270.25 271 271 271 271.25 272 272 272 272 272 272.5 273 272.75 272.75 273 272.5 272 271.75 271.5 271.25 271 270 269.25 270 270 270 269.75 269.25 269 268.5 267.75 267.25 267 265.75 264.75 265 264.75 265 265 265.25 265.5 262.5 263.75 264 263.25 263 263.75 263.75 261.75 262 262.5 262 263 262.5 261.75 260.75 260.25 258.5
272 271.75 271.5 271.25 271 269.5 269.75 269.25 269.75 271 270.75 271.5 272 270.75 271 271 272 271.5 270.75 268.5 261.75 268 269.5 270 270 270.5 271.25 271.5 272 272 272 272.25 272.75 272 272.75 273 273 272.75 273 272.5 271.75 271.5 271.5 271 271 270.75 271 270.5 270 270 270 269.75 269 268.75 268 267 267 266 267 266.75 265.25 265.25 266 265.75 265.75 264.75 263.5 264 264.25 264 264 264 263.75 263 262.25 262 263 262.25 261.5 260.75 259.25 259.5
271.75 272 272 271 271 269.75 269.5 268.75 269.5 270 270.5 271 272.5 271.75 271.25 272.25 272 271.5 271 269.75 265.75 268 269.5 270 270.75 271 270.75 271.75 272 272 272.5 272.5 273 272.75 272.75 273 273 273 273 273 272 271.5 271 271 270.75 271 271 271 270.5 270 270 269.5 269 269 268.25 267.25 267.25 267.75 267 266 265.25 266.5 267 266 266.25 265.5 265 264.5 265.25 264.25 264.25 264 264 263.25 262.5 262 261.75 261.25 260.75 260 260 260
272 272 272 271.5 270.75 270.75 270.5 269.75 270.25 270 270.25 271 271.25 272.5 272.5 272.75 272 271.5 271.25 270.5 268.5 269.75 269.25 269.25 270.75 271 271.5 271.75 272 272 272.25 272.5 272.5 273 273 273 273 273 273 273 272.25 271.75 271.25 271 270.25 271 270.75 270 270 270 269.75 269.75 269 269 268.5 267 267.25 268 268 267.25 266.75 267.25 267.25 266.75 267 266.25 266 265.75 264.5 264.5 264 263.75 263.75 263 262.25 262 261.25 261.25 260.75 260.5 260 260.25
272.5 272.5 272 271.25 270.75 270.5 271 270 270.5 271 270.25 270.75 271.5 272.25 273 271.75 271.25 270.75 270.25 269.5 270.25 269 268.5 269.25 270 270.75 272 272 272 272 272 272.5 272.5 272.5 272.25 273.25 273.75 273 273.25 273 272.5 272 272 271.75 270.75 271 270.5 270.25 270 270 269.75 269.5 269.25 268.5 268 267.5 268 268 268 268 267.75 268 268 268 267 267 266.5 265.25 264.75 264.25 263.5 263 263 262.75 262 262.25 262.5 262 261.25 260.75 260 261
272.75 272.25 272.5 271.25 271 270.75 271 270.5 271.75 270.5 270.75 270.75 272 272.75 273 272.25 271.25 269.5 268.5 269.25 270.75 269.75 269.75 270.25 270.75 271.25 271.75 272 271.75 272 272 272 272.5 272.5 272.75 273 274 273.75 273.25 273.25 272.5 272.25 272 272 272 271.25 270.75 270.5 270.25 270.25 270 269.75 269 268.75 268.25 268 268 268.5 268.75 268 268 268 268 267.25 267 266.5 266.25 265.75 264.75 264 264.25 263.5 263.25 263.25 262.75 263 263 262 261.25 261 261 261
272 272 272 272 271.75 271 272 271.25 270.5 270 271 271 271.5 272.25 273 272.25 271.75 270.5 271.25 271.5 271.5 270.5 270.25 271 270.75 270.5 271.5 272.5 272 272 272.75 273 273 273 273 273.25 274 273.75 273.75 273.5 273 273 272 272 272 271.25 271 271 271 270.5 270 269.75 270 269.75 269.25 268.5 269 269 269 269 268.25 268 267.75 267.25 266.5 266 265.75 266 265 264.25 265.25 263.5 263 263.75 263.75 263 262.75 261.5 261 262 261.25 261.5
272.25 272 272 272 272.25 271.75 272 271.5 271.25 270.25 270.75 271.25 272 272.5 273.25 272.75 272.5 272.5 271.5 270.75 271 270.75 270.25 270.5 270.5 270.25 271.25 271.75 272.5 272.75 273 273 273 273 273.5 274 274 274 273.5 273 273 273 272.5 272.25 272 272 271.75 271.25 271 270.5 270.5 270 269.75 270 269.25 269.5 269 269.5 269 269 268.25 268 267.25 266.75 266.75 266.5 266.75 266 264.75 264.25 265.5 265 263.5 263.75 263.75 263.75 263 262 262.5 262 261.75 262
272.75 272.5 272 272.5 272.5 272.5 272.25 271.5 271 271.25 271 271.5 272.5 272.25 273.25 273.25 272.25 272.25 271.75 270.75 270.75 270.75 270.25 271 271.5 271.5 271.5 271.75 272.5 273 273 273 273 273 273 273.5 273.25 274 274.75 273.5 273.25 273 273 273 272.5 272 271.75 271.25 271.25 271 271 271 270.25 269.75 269.75 269.25 269 269.75 269.75 269 268.25 268 268 267 267 267 266.75 266.5 265.75 265.75 265.25 266 264.5 264 264 263 262 262 263 262.5 262 262
272.25 273 273 273 272.75 272.5 272.25 271.5 271.25 270.5 271 271.5 272 272.25 273.25 273.25 272.5 271.25 270.75 271 271.75 271 270.75 271 271.25 271.75 272.25 272.25 273 273 273 273 272.75 272 273 273 273 273.5 274.25 274 274 273 273 272.75 272.75 272.75 272.25 271 271 271 271 271 270.25 270 269.5 270 270 270 269.5 269 268.25 267.5 268 267 267.25 267.5 267 267 266.25 266.25 266 265.75 265.75 264 264 263.25 263 262 263 262.75 261.5 261
273 273.75 273.25 273.25 273 272.25 271.25 271.25 271 271 270.75 271 272 272.25 272.5 273.25 273 272 271.75 272.5 271.5 271 269.75 270.25 271 271.5 271.75 272 272.5 272.5 273 272.5 272 272.5 273 273 273.5 273 273.25 274 274 273.5 273.25 273 273 272.75 272.25 271 271 271.75 271 271 270.5 270.5 270 270 270 270 269.75 269 269 268.75 267.75 267.5 267.75 267.75 267 267 266.75 266.25 266 266 266 266 265 264 263 262.75 263 262 260.75 260.25
274 272.5 272.5 272.75 272.75 272 272 271.75 272 272 271.25 271.25 272.5 272.75 272.75 273 273.5 272.5 273.25 272.5 271.5 271 270 269.5 270.25 271.25 271.5 272 272.25 272.75 273 272.25 272.25 272.5 273 273 273 273.5 273.5 274 274 274 273.5 273.25 272.75 272.75 272.25 272.25 272 272 271.5 271 271 271 270 270.25 270 270 269.5 269 268.5 268 267.5 267.75 268 267.25 267.25 267.25 267 266.75 266.25 266.5 266 266 264.25 264 264 264 263 260.5 258 259.5
274 272.5 272.25 271.75 273 272.5 272.25 272.25 272 272.25 272.5 271.75 271.5 272.75 272.75 273 274 273.25 272.75 272.75 271.75 271.5 270.5 271 271.25 271 272 271.5 272 272.25 271.5 272.5 272.5 273 273 273 273.75 274 273.75 273.75 274 274 273.75 273.25 272.75 272.75 272.5 272.5 272.25 272 271.75 271.25 271 271 271 270.75 270 269.5 269 269 268 268 268 268 268 268 268 267.5 267 267 267 266.5 266 265.5 264.5 264.5 264 264 264 259.5 258.25 259.75
274.75 274 273.5 273 273.75 273.25 273 273 272.75 272.75 272.25 272 271.5 272.5 273.25 273.25 273.5 273 272.25 272.25 272.5 271.25 271.25 271.5 270.75 270.75 271 271.25 271.75 271.75 272 272.5 272.5 272.5 272.75 273 273.5 274 274 274 274.5 274.5 274 273.5 273 273.75 273 273 272.5 272 272 271.5 271 271.25 271 270 270 270 269.5 269 268.75 269 268.25 268 268 267.5 268 267.75 267 266.75 267 266 266 265.75 265 264.5 264.5 264 264 259.25 260.75 261
274.5 274.75 274.25 273.75 273.25 272.75 272.75 273 272.75 273 272.5 272 272 272 272.75 273 273.5 273.25 272.5 272.5 271.25 271.5 271.5 271.25 271 270.75 271.25 272.25 272.5 273 273 273 273 273 273 273 273.75 274 274 274 275 274.75 274 274 273.75 273.5 273 272.25 272 272 272 272 271.75 271 270.75 270.25 270 269.5 269 269 269 269 269 268.5 268.25 268 268 267.5 267 266.75 266 266 266 265.5 265 265 264.5 264 263 259.75 261.5 261.25
275 274.5 274.25 274 273.75 273.25 273.5 272.75 273 273.25 272.75 272.5 272 270 271.5 272.75 273.5 273.75 273.25 272.25 271.5 272 272.25 271 270.75 270.75 272.5 273 273 273.5 273.25 273.5 273.75 274 273.75 273.25 274 274 274 274.5 274.5 275 274.5 273.75 274 274 273 272.25 272 271.75 271.75 272 271.5 271 271 271 270 269.5 269 269.5 269 269 269 268.5 268 268 268 267.25 266.5 265.25 265.25 265.75 266 265.75 265 265 264.5 264 263.75 263 263 262.75
275 275 274.25 274 274.25 274.25 273.5 273 273 273 273.25 272.5 272.25 271.5 272 272.5 273.25 274.25 273 272.75 272 272.75 272 271.25 271 270.75 272 273 273.75 273.75 273.5 274 274 274 274 274 274 274 274 274 274.5 274.75 274.5 273.75 273.25 273.5 273.5 272.75 272 271.75 271 271 271.25 271 271 270.25 270 269.5 269.25 269 269 269 269 268.75 268.25 268 267.25 266.75 265.75 262.5 262.25 265 266 265.25 265 264.75 264 264.25 264 263.5 263 263
275.25 275 274.5 274.5 274.5 273.5 273 273.25 273.5 273 273 273.25 272.5 272 272.5 273 273.75 274.75 272.75 273 272.5 273 271.5 272 271.25 271.25 271.5 273 273.5 273.75 274 274 273.75 274 274 274 274.5 275 275 274.25 274.75 275 274.75 274 273.25 273 273 272.75 272.25 271.5 271 271 271 271 271 270 269.75 269.5 269 269 269 269 269 268.25 268 267.5 267 265.75 264.5 262.5 262.75 264.75 265.25 265.25 265 264.5 264 263.75 263.5 263.5 262.75 262.25
275.25 275.25 275 274.75 274 274 274 273.25 273 273.5 273.25 273.75 273.25 273.5 273 273 273.75 275 273.25 273 273 273.25 272.5 272 271.25 271.5 271 272 272.5 273.25 274 273.75 272.75 273 274 274 274.75 275 275 274.25 275 274.75 274.5 274.5 274 273.75 273 272.5 272 272 271.75 271.25 271 271 271 271 270 270 269 269 269 269 269 268.25 267.75 267.5 267 266.25 264 263.5 261.75 264 265 265 264.5 263.75 263.25 263 262.75 263 262.75 261.25
275.75 275.75 275 273.25 273 273.5 274 273.5 273 273 273 272.5 273.75 273.75 273.5 273 273.25 274.75 273.75 273.75 273.5 273.25 272.75 272.5 272.25 271.75 271.5 272 272.25 272.5 273.75 274 273.5 273.75 274 274 274.5 275 275.5 275.25 275.25 275.5 275 275 274 273.5 273 273 272.5 272.25 272 271.5 271.25 271.5 271.75 271 271 269.75 269 269 269 269 269 268.75 268 267.75 266.75 266.5 266 266 265 265.75 265 265.25 264.25 264 263.5 263 263 262.75 261.5 261.75
276 275.5 275 273.25 272.75 272.75 273 273.5 273 273 273 272.75 273 273 273.5 273.75 273.75 274.75 274.5 273.5 273.25 273.25 273.5 273 272.75 272 272 272.5 273 273.25 273 274 274 274 274.5 274.75 275 275.25 275 275.25 275.75 276 275 274.75 274 274 273 273 273 273 272 272 272 272 272 271.5 270.75 269.75 269 268.5 269 269.5 269 268.5 267.75 267.25 267 267 266.5 266.5 266 266 266 265 264.25 264 263.5 263.75 263.5 262.5 262 261.75
276 275.75 275 274.75 274.25 273.5 273 273.25 273 273 273 273 273.5 273.5 273.5 274 274 275.25 273.75 272.5 272.25 272.75 272.5 272.5 272.25 272 271.75 272.75 272.5 272.5 273 273 273.5 273.25 273.5 274 274.5 275.5 275.75 275.25 275.5 276 275.5 275 274.25 274.25 273.5 273.5 273 273 272.75 272.25 272 272 271.5 271 270.5 268.25 267.25 269 269 269.5 269 268.5 268.25 268 268 267.75 267.25 266.5 266.5 266 265.25 264.5 264.25 264 263.75 263.75 263.25 262.25 262 261.75
276 276 275.5 275 275 273.75 274 273.25 274 273 273 273.5 273.5 273 273.5 274.75 275 275 273.5 273.25 272.75 271.75 271.75 271.5 271.25 271.25 271.75 272 271.75 272 272 272.25 273 272.5 272.75 274 274.5 275 275.75 275.5 275.5 275.5 275.75 275 275 275 274.5 274 273.5 273.5 273.5 273 272.25 272 271.25 271 270 268 268.75 269.75 270 269.75 269 269 268.25 267.75 267.75 268 267 265.5 266.25 266 265.5 265 264.5 264.75 264 263.75 263 262.75 263 262.75
276 276 276 275.5 275.5 276 275.25 274 274.5 273.25 273.25 273 273.25 273 273.25 274.5 274.75 274.75 273.75 273.25 272.25 272 271 270.75 270.25 271.5 271.75 271 271.5 272 272.25 272.75 272.75 273.25 273.5 274 274 274.75 275.5 274.25 275 275.5 275.25 275.5 275 274.75 274.5 274 274 274 273.5 272.75 272 272 271.5 271.25 270.75 269.75 269.75 270.25 270 269.25 269 268.5 267 266.5 267 267.25 267.25 266.5 266 265.75 265 265 264.75 264.5 264 263 263 263 263 262.75
276 276 276 276 276 275.75 276 274.75 274.75 274.25 274 274 274 273.75 273.5 274.75 275.25 274.25 273.5 273 272.25 272.25 271.5 271.5 272 273.75 273 272 272 272.25 272.75 273 273.25 273.5 273.25 273.25 273.5 274 273.75 274 274.75 275 275 275 275 275 274.5 274 274 274 273.75 273 272.25 272 272 271.75 271 271 270.5 270 270 269.25 268.75 267.75 267.75 267.25 266.75 267 267 266.25 265.5 265.25 265.5 265 265 264.5 263.75 263.75 263.75 263.5 263 262.75
276 276 276 276 275.75 275.25 275.25 274.75 275 275.5 275.5 275.25 274 274 274 274.5 275.25 274 273.25 273 273.25 272.25 271.5 271.5 271.75 274.25 274.25 273 272 272.25 272.75 272.5 272.25 272.5 272.5 272.75 274 273.25 271.75 273 273.75 274.25 275 276 275 275 274.25 273.75 273.75 273.75 273.25 272.75 273 272 272 271.75 271.25 271 270.5 270.25 269.5 269 268.75 268.25 267.75 267 266.5 266.75 267 266.25 265.5 265.25 265.25 265.25 265 264.25 264 264 264 263.5 262 260.75
276 276 276 275.25 275.25 273.75 274.5 275 275.75 275.25 275 275.5 275.5 275 274.5 275.5 274.25 274 273.75 274.25 273.5 273 272 271.75 272.75 274 275 273.75 271.75 272 272 272 272.75 272.75 272 271.25 272.5 271.75 271.25 272.75 273.25 274.25 275 275.5 275.25 275 273.75 272 271.75 272.5 272.25 272 272 272 272 272 271.25 271 270.75 270 270 269.75 269.25 268.25 267.75 267 267 266 266.25 266 266 265.5 265.5 265 265 264.5 264.75 264 263 262.25 261.75 260.5
276 276 275 274.5 274 273.5 274 274.5 275.25 275 274.75 275 275 275 275.25 275.5 274.75 274.75 274.5 273.75 273.75 273 273.25 273.75 275.25 275.5 274 273.25 272.5 272.75 273.25 272.75 273.5 273.75 273 272.75 271.75 272 272 271.5 272.75 273.5 274.5 275.25 275.25 275 275 273 271.25 271.25 272 272 271.5 271.75 271.5 271 271 270.5 270 270 270 269.5 269 269 268 268 267 266.75 267 266.25 266 266 265.75 266 265 265 264.5 263.75 262.75 262.25 261.75 261
276 276 275.75 274.5 273.25 273.5 274.25 275 275.5 275 274.75 275 275.25 274.5 274.5 273.75 274.25 273 273.5 273.5 273 273 274 276 275.25 274.25 273 273 274.75 273.25 272.5 273.75 273.25 274 274 273.5 272.25 272 272 272 272.5 274 274.75 275 275.25 275 274.75 272.5 270.75 270.5 270.75 270.75 271 271 271.25 270.75 270.75 269.5 269.75 269.25 269.25 269.25 269 268.25 268 267 266.75 267 267 266 266 266 266 266 265.25 264.25 264.5 263.75 263.5 262 261 260.75
276 275.75 275 275 274.25 274 274.75 275.5 275.25 274.25 274 274.25 275 275 275 273 274.25 273 272.25 272 273 273 274.75 276 275 275.75 274.5 274.75 275.25 273 273.25 274 274.25 274.25 274.5 273.25 272.5 273 272.75 272.25 273 273 274.25 275 275 275 274 270.75 269 269 268 267.5 269.75 268 269.75 270 270.25 268.25 269 269 269 269 268.5 268 267.5 266.25 267 267 267 266.5 266 266 266 265.5 265 265 264 263.25 262.25 261.5 261 260.75
275.5 275.25 274.75 274.5 274.5 273.75 274.5 275.75 275 274.5 273.25 274 274.75 274.5 274.5 273.5 272.75 271.75 271.25 271.25 272.5 274.25 276 276.5 276 275.5 274.75 274.5 275.75 274 273 274.75 275 275.25 275 274 272.75 274 274.5 272.5 272.25 273.75 274.75 275 274.5 274.5 274 271.5 269 268.75 268 267 267.75 266.75 267.75 270 268.75 268 268 269 269 268.75 268 268 267.25 267.5 267.25 267 267 267 266.25 266 266 265.5 265.25 264.75 262.75 262 262 261.5 261 261
275.25 275 274 274.5 275 274.75 275 275.5 275 273.5 272.5 272.75 272.25 272.25 272.75 272.75 272 270.5 270.25 271 271.75 273.25 276 276.5 276.75 275.75 274.25 275.25 276 275.25 274.5 274.5 275.75 275.75 276 275.75 274.25 274.5 275 273 272.25 273.5 275 274.75 274.25 274.25 274 272.5 269.5 269.5 269 268.75 268.75 268.25 267.25 268.5 267 268 268.5 269 269.25 269 268.75 268.25 267.25 267.25 267.5 267 267 267 266.75 266 265.75 265 265 264 263 262 262 261.5 261.25 261.5
275.5 275 275 275.25 275.25 275 275 275.75 275 274 272.5 271.5 271 271.25 271.75 272 272 270.5 270 270 271.5 272.25 275.75 276.25 276 276 275.75 275.75 276.5 276.25 276 275.75 275.5 276 276 276 275.5 275.75 275.5 274.75 274.25 274.25 274.75 274.75 274.5 274.5 274 272 270 269.75 270 269.75 268.75 267.75 267.25 267 267 268 268.75 269 269 269 269 268 267.75 267.75 267.75 267.25 267 267 266.25 266 266 264.25 264 263.25 262.75 262.25 262 262 261.5 261.25
274 274 274.75 275.75 276 275.75 275.5 275.25 275 273.5 272.75 271.75 271.25 272.25 274.25 274.5 274.5 271.5 271.5 271 272 275.25 276.5 276.75 276 276 276 275.75 276 276 276 276.25 275.5 275.5 276 275.75 275.5 275 275 275.25 275 275 275 274.75 275 274.75 273.75 272.5 270.5 270.25 270.5 269.5 267.5 268 267 267.5 269 269 269 269.5 269 269 268.5 267.75 267.75 267.75 267 267 267 266.25 266 266.5 265.75 264 263.25 263 263 262.5 262 261.75 261.5 261.5
272.75 273 274.75 276 276 275.75 275.5 275.75 275 274.25 273.25 272 272.25 273.75 275.75 276 274 273 273.5 272.75 276.75 276.75 277 277 276 276 276 276 276 276 276 276 276.25 274.75 275 275.75 275 275 275.25 275.5 275.75 275.25 275 275 274.75 274 272.75 271.5 271 271 270.75 270.5 269.5 268.75 268 268.25 269 269 269.25 269.75 269 269 268 267 267 266.75 266.75 267 266.75 266.25 266.25 266 265.5 264.25 263.25 263.25 262.5 262.25 262.25 262.5 261.5 261.5
272.75 273.75 274.75 276 276 275.5 276 275.5 275.5 274.75 274 273.75 273.25 275.25 276 276 274.5 275.25 275.75 277.25 277.25 277 276.25 277 277 276.25 276.5 276.75 276.25 276 276.25 276.25 276.5 276 276 276 275.5 275 275.25 275 275 274.75 274.25 273.5 272.5 271.75 271.25 271 271.75 271.75 270.25 268.5 268.25 268.25 268.5 267.5 269 269.25 270 269.75 268.75 269 267.75 267 265.75 265.5 265 266 267 267 265.25 265.25 265.75 264.75 264.25 264.25 263 262.5 262.75 262.25 262 261.5
