LSCAM_InData/LSCAM_InData/annualmeantemp_aggr_cambodia.asc
ncols         292
nrows         251
xllcorner     800180
yllcorner     -2175230
cellsize      2000
NODATA_value  -9999
[rows 180 to 215 of 251, columns 82 to 163 of 292]
254.5 247.75 243.75 241.75 232 225.25 242 239.5 238 250.5 258.5 261.75 262 260.25 267.5 268.25 268.75 269 269 269 270 270 270.5 270.5 270 269.25 267.5 265.5 267.75 268.75 261.5 255.25 261.75 269.75 269 269.5 270 271.5 271.5 272.25 272.75 272.5 272.75 273.75 273.25 274 274.75 274.25 274 274.75 275 275 275 275 275.75 276 276.75 276.5 276.5 277 277 277 278 278 278 278 278 278 278 278 278 278 278 278 278 278 278 278 278 278 278 278
249 235.25 224.75 225.5 223.5 233.25 255.75 261 258.75 262.5 264.75 265.5 264.5 256.25 261 268 268.25 269.25 268.75 269.75 269.75 270 270.5 270.5 270.5 270.5 269.5 268.75 268 269 263.5 266.5 266.75 268.5 269.5 270.25 270.5 271 271.75 272 272.5 272.5 273 273.5 273.5 273.25 274 274 274 274.75 275 275 275 275 275 275.75 276 276.5 276 276.25 277 277 277 277.25 277.25 278 278 278 278 278 278 278 278 278 278 278 278 278 278 278 278 278
231.75 220.25 221.75 220.75 222 228.75 257.5 264.25 265 265.5 266.5 266.75 267 266.25 264.75 265.25 268 269.25 269.5 270 270 270.5 270.25 270.75 270.75 271 270.75 270 269.75 270.5 270 270 269 269.25 269.75 271 271.25 271.5 272 272 273 273 273 273.5 273.25 273 274 274 274.25 274.75 275 275 275 275 275.5 276 276 276.25 276.5 275.5 277 277 277.75 277.5 277 277.5 278 278 278 278 278 278 278 278 278 278 278 278 278 278 278 278
227 222 227 225 222.5 233.25 260 265.25 266 267 267.25 267.75 268 267.5 266.25 266.25 268.25 268.5 269.25 270 270.5 270.5 271 272 271.25 271.25 271 271 270.5 271 270 269 268.75 269 270 267.75 268.5 271 272 272.25 272.5 272.75 272.75 273 273.25 273.5 273.5 274 274.25 274.75 275 275 275 275.5 276 276 276 276 276.25 276.5 277 277.25 278 278 277 277.25 278 278 278 278.25 278.25 278 278 278 278 278 278 278 278 278 278 278
223.75 226.25 230 225 220.25 228.25 251.75 264.25 266.25 265.25 266.75 268 268.25 268.5 268.75 268.5 269 268.75 269.5 270 269.5 270 270.5 270.75 271.75 271.75 271.75 272 271.25 271 270.25 269.75 268 265 269.5 270 270.75 271.5 272 272.25 272.5 272.5 273 273 273.75 274 274 274 274.5 275 275 275 275 275 275.5 276 276 276 276.25 277 277 277 277.5 277 277 277 277.5 278 278 278 278 278 278 278 278 278 278 278 278 278 278 278
229.25 237 237 229 226.5 226 237.5 257.25 264.75 259 267.5 268 268 268.25 269 269 269 268.5 266.75 265.5 267 268.5 269.75 271 271.5 271.75 271.75 271.75 271.75 271.25 270.75 269.5 268 264.75 267.5 270.25 271 271.25 271.5 272.25 272.5 272.75 273.25 273.75 274 274 274 274 274.25 275 275 274.5 274 275 275.25 275.75 276 276 276.25 277 277 277 277 277 277 277 278 277.75 278 277.25 278 278 278 278 278 278 278 278 278 278 278 278
246.75 245.75 233.5 233 233.75 232 231.75 248 264.25 267 267.5 268 267 267.25 268 268.75 269 268 258.75 261.75 263.5 266.75 269.5 270.5 271 271.75 271.75 271.75 271.5 271.5 271 270.75 270.5 264.75 268 270 271 271.5 272 272 272.25 273 272.75 273.25 274 274 274 274 274.5 275 275 275 275 275 275.75 275.75 276 276 276 276 276.75 277 277 277 277 277 277.25 278 278 277 278.25 278 277.75 278 278 278 278 278 278 278 278 278
249.5 237.75 234 235.25 240.75 236 232.75 254.75 266 266.75 267.25 266.75 265.75 266.5 266 268.25 265.75 264.75 256.75 255.75 253.25 266.5 268 270 271 271 271.75 272 271.75 271.5 271.25 271 271 270.5 270.75 271 270.75 271.5 272 271.5 272 272.25 272.25 273 273.5 274 274 274 274.25 275 275 275 275 276 276 275.75 275.75 276 276 276 276 277 277 276.75 277 277 277 277.5 278 277.5 277.75 278 277.75 277.75 277.5 278 278 278 278 278 278 278
248.25 248.75 249.25 247 242 236 234 254.5 265.25 267 266.5 265.75 264 266.25 267.5 267 267.25 265.25 262.5 262.75 258.25 262 269 270 270 270.5 271.25 272 272 271.75 271.75 272 271.75 272 272 271.75 271 271 271.75 272 272 272.75 273 273 273.5 274 274 274 274 274.25 275 275 275 276 276 276 276 276 276 276 276.25 276.75 277 277 277 277 277 277.25 277.75 277.5 277 278 277.25 277.5 278 277.75 278 277.25 278 277.75 277.75 278
247.75 245.5 240 233.5 232.75 233 236 258.25 261.25 256.5 264.5 265.5 265 266.5 266.5 264.75 266.25 264.25 266 267 268 267.5 267 267.75 268.5 268.75 269.5 270.75 271.75 272 272 272 272 272 272.25 271.75 272 271.5 272.25 272.25 272.75 273 272.75 273.25 273.25 273.5 274 274 274.75 274.25 274.5 275 275 275 275.75 276 276 276 276 276 276 276.25 277 277 277 277 277 277 277.5 278 277.5 277 277 277 278 278 278 278 278 278 278 277.75
237 237.5 232 240.5 245.5 238.5 249.5 267 262.25 250.25 261.25 266.25 267.75 267 266 265.75 262.75 265 265.75 264 264 254.5 258.25 265.25 266.25 268 269.25 270 271.25 272 272.5 273 272.5 272.25 272.25 272 272 272 272.5 273 273 273 273 273 273.25 273.25 273.75 274 274 275 275 275 275 275 275.75 275.25 276 276 276 276 276 276 276 277 277 277 277 277 277 277.25 277.25 277.25 277 277.5 277.75 278 278 278 278 278 278 278
245.75 238.75 240.25 256.25 256 262 265.25 271.25 265.75 266.75 263 267 266.5 262.5 262.5 263.25 262.5 264.75 264.25 264 258.25 248.25 260.5 262 264.75 267.25 269.25 270 270.75 271.25 272.25 273 273 273 273 273 272.25 272.75 272.75 273 273 273.25 273.5 273 273.25 274 274 274 274 274.75 275 275 275 275 275 275.25 276 276 276 276 276 276 276 276.5 277 277 277 277 277 277 277 277.25 277.5 277.5 277.5 278 278 278 278 278 278 277.5
249.75 250 262.25 264 263.75 270.25 272 272 271 265.75 260.75 267.25 255 245.75 249.75 258.5 264.25 261.5 259.25 256.25 251 253.25 255.75 264.25 265.5 267 268.5 268.25 269.5 271.25 272 272.25 272.75 273 273 273 273 273 273 273 273.25 273.5 274 273.75 273.75 274 274 274 274.5 274.75 275 275 275 275 275 275 275.5 276 276 276 276 276 276 276.5 276.75 276.75 277 277 277 277 277 277 277.75 278 278 278 278 278 278 278 278 278
257 266.5 269.5 259.25 258.5 270.5 273 272.5 271.75 269.25 266.25 266.5 251.25 238.25 238.75 251 256.5 250.5 254.25 242.5 248 254 258.5 262.75 266.75 267.5 269 269 270 271 271.75 271.75 272 272.75 273 273 273 273 273 273.25 274 273.75 274 274 274 274 274 274.25 274.75 275 275 275 275 275 275 275 275 275.5 276 276 276 276 276.25 277 277 277 277 277 277 277 277 277 277.75 278 278 277.75 277.75 277.75 278 278 278 277.75
259.25 269.75 272.25 269 268.5 272.5 272.75 272.5 271.25 272.25 271.5 268.25 253.5 240.5 242.25 246.5 254.75 251.75 255.75 245.5 241.5 246.75 249.75 260.5 266 267.25 268.75 270 270.75 271.25 270.75 271.25 271.75 272 273 273 273.75 274 273.75 274 274 274 274 274 274 274.5 274.75 275 275 274.75 275 275 275 275 275 275 275 275 275.75 276 276 276 276.25 276.5 276 277 277 277 277 277 277 277 277 277 277 277 277 277.75 278 277.75 278 278
269.5 271.75 273 273 273 273 273.25 273 272 272.25 269 265.75 254.25 246.25 243.5 246 257 256.5 257 252.25 244.5 244 244.5 253.75 257.75 266.5 269.25 270.25 270.75 271.25 271.5 271 271.75 272 273 273 273 273 273.5 274 274 274 274 274 274 274 274 274.75 275 274 274.5 274.5 274.5 275 275 275 275 275 275.5 275.75 276 276 276 276 276 276.5 277 277 277 277 277 277 277 277 277 277 277 277.25 277.5 277.75 278 278
270.75 272.5 273 273 273 273 273 272.25 272 270.75 269.5 264 257.25 252.5 248 245.5 258 258.25 257.25 251.75 251.75 250.75 241.25 244.25 253 263 269 270.5 271.25 271.75 272 272 272.25 272.25 273 273 273 273 273 273.75 273.25 273.5 273.75 274 274 274 273.75 274 274 274 274 274 274 274.25 275 275 275 275 275 275.75 276 276 276 276 276 276 276.25 277 277 277 277 277 277 277 277 277 277 277 277 277.75 278 278
270.75 272.25 273 273.25 273 273.25 273 271 270.75 269.25 267 267.25 264.75 255.75 247 245.25 255.75 259.75 257.75 252.25 256.25 255.25 247.75 244.5 255.75 263.5 269.5 271.5 272 272 272 272 272 272.5 273 272.75 273 273 272.75 273 272.25 273 273.5 274 273.5 274 273.25 274 274 273.25 273.25 273.5 274 274 274.75 275 275 275 275 275 275.5 276 276 276 276 276 276.25 276.5 277 277 277 277 277 277 277 277 277 277 277 278 278 278
269.25 272 273 273.25 273 273.25 272.5 269.75 270 269 268.75 269.5 267.25 258 246.5 243.75 255 259.75 260 259 258.75 259.75 260.25 259 264 266 269.75 271.25 272 272 272 272 272 272 272 272.5 272.75 272.5 271 272 272.75 273 273 273 273 273.5 272.5 272.25 273.25 270 268 270.5 273 273.75 274 274.5 274.75 275 275 275 275.5 276 276 276 276 276 276.5 277 277 277 277 277 277 277 277 277 277 277 277 277 277.5 278
263.25 272 273 273 273 273.25 271.75 263.25 263 265.5 267.75 268 267 261.75 252.75 248 253.75 259.25 260.25 260.5 258 260 264.75 268.5 269.75 270.5 271 271.75 272 272 271.75 272 271.75 271.75 271.75 272.5 272.5 272 271 271.5 272.25 272 272 272.5 272.75 273 273 272.5 273 272 268.75 264.5 271.5 273 274 274 274 275 275 275 275 275.75 275.75 275.25 275.5 275.75 276.75 277 277 277 277 277 277 277 277 277 277 277 277 277 277.25 277.75
262.75 271.75 273 273 273.25 273.25 260.25 253.25 256.5 259.75 262.75 266.75 264.5 259 255 247.5 253.75 259.5 260 255.25 246.75 244 250.5 258.5 265.75 269.25 270.25 270.75 271 271.25 271.5 271.75 271.5 271.75 272 272 272 272 271.75 270.75 270.75 272 267.25 268.25 270 266.25 270.75 271.5 272 272.5 271.5 271.75 273 273 273.75 274 274 274.25 275 275 275 275.25 274.75 274 274.25 275.5 276.5 276.75 277 277 277 277 277 277 277 277 277 277 277 277 277 277.25
259 271.75 273 273.5 273 272.5 261.5 250.5 252.75 255.25 256.5 261.75 265.5 264.75 259.5 251.25 253.5 254.75 257 249.75 234 235.5 238.75 241 246.25 263 270 269.75 271 270 270.5 271 271 271.25 272 272 272 272 271.25 271 269.75 269.75 269.75 270.5 271 262.5 265.5 265.5 267 269.75 271.5 272 272.5 272.75 273.75 274 274 274.25 275 275 275 275 273.75 273.25 274 275.5 276.25 276.5 276.75 277 277 277 277 277 277 277 277 277 277 277 277 277
266.25 272.75 273.75 274 273.5 273 268.25 248.5 248.75 250.75 252.25 256.5 256.75 256.25 252 250.25 244.75 239 244.5 242.25 237 239.5 239.25 239.25 244 254.75 268.75 269.75 270 269.5 270 270.75 271 271.5 272 272 272 271.25 271 269.5 263 258.75 265.75 270.25 270.5 268.25 260 262 255.75 257.75 269.25 269.25 270.5 272 273.25 274 274 274 274.5 275 275 275 275 275 275.25 276 276 276.25 276.75 277 277 277 277 277 277 277 277 277 277 277 277 277
263.75 264.5 270.5 274 274 273.75 272 251.25 248 251.75 247 249.5 249 247.75 245.5 243.25 239.5 233.75 236.75 237 237.75 239.75 238.5 237.75 241 253 265 269.25 270 269.25 269.5 270 270.75 271 271.25 272 271.75 271 271 271 267.5 262.75 268 270.75 271 271 267.5 262 258.25 264.25 261.25 261.5 256.75 265.75 273 273.5 274 274 274.5 274.75 275 275 275 275.5 276 276 276 276 276.25 276.5 276.5 277 277 277 277 277 277 277 277 277 277 277
261 253.75 263.25 273 274 273.5 272 253 251.75 253.25 247.5 245.25 244.25 241.75 239.75 238 237.5 236.5 237.25 234.25 235.25 241.25 240.5 240.25 244.5 256 265.25 269.25 269.5 269 270 270 271 271 271.25 271.25 272 271.25 271 271 270.5 270.25 270.5 271 271.5 268.75 267.75 271.25 271.25 271.25 268.25 265 259.5 266 273 274 274 274 274.75 275 275 275 275.75 276 276 276 276 276 276 276 276 276 276.5 277 277 277 277 277 277 277 277 277
262.75 257.5 265 272.5 274 274 273.5 255.75 254.25 253 251.5 248 242.75 238 239.25 234.5 234.5 235 237.25 232.5 230.75 239.25 244 242 252 259.25 267 268.5 268.5 268.75 268.75 269.25 270.75 271 271 271.5 272 271 270.75 270.75 270.5 271 271 271.25 272 271.25 271.25 271.75 272 272 272.25 272 268.75 272 273 273.25 274 274 274.75 275 275 275 275.75 276 276 276 276 276 276 276 276 276 276.5 277 277 277 277 277 276.75 277 277 277
265 268 268.25 273 274 274 273.75 258.25 256.75 256 255.25 252 246 244.25 245.25 238.5 231 233.5 238.5 235 235 241.5 248.5 250.5 251.75 259.5 267.25 268 269 269.25 269.75 270 270 270 270.75 271.25 271 270.75 270 270.25 270.25 271 271.25 271 272 271.5 271.75 271.75 271 272.5 273 273 273 273 273.25 273.5 274 274 274 275 275 275 275.25 276 276 276 276 276 276 276 276 276 276 276 276 276.25 276.75 276.5 276.75 276.5 276.75 277
272.25 268.75 263.5 272.5 274 274 273.5 260.5 257.5 257 254.75 251.75 248.25 250 245.75 239.75 238.25 238.25 239 239.75 241.5 243.75 248 245.5 252 259.25 267.25 268.25 269 268.5 268.75 270 270.5 270 271 270.5 270.5 270 270 270.75 271 271.25 271.25 271 271.5 272 272.5 272 271.25 272.25 273 273 273 273 273.75 273.75 274 274.5 274.25 275 275 275 275 275.75 276 275.25 276 276 276 276 276 276 276 276 276 276 276 276 276.25 276.25 276.75 277
263.75 258.75 268.75 273.25 273.75 274 274 264.25 255.5 257.5 254 251 253.25 253.25 245.5 241 245.75 241 241.5 239 242 247.75 248.5 242.5 248.5 256.5 266.75 268 268.5 268 269.25 270 270 270.25 270 270 269.75 269.25 270 270.5 271 271.5 271 270 270.5 272 272.25 272.75 273 272.75 272.75 273 273 273.75 274 274 274.5 275 275 275 275 275 275 275 276 276 276 275.75 276 276 276 276 276 276 276 276 276.25 276 276 276 276 276.25
265.5 265.25 270 272.75 273.75 274 274 273.5 256.5 257.75 257.75 258.25 256 252.25 246.75 248.25 250.25 248 248.25 249 250.75 252.75 251.75 251.25 253.75 263 267.25 268.25 268.75 269.25 270 270 270 270 270 269.5 269 269 269.5 270 271 271.5 271.5 270.5 270.25 271.5 272.5 273 273 273 273 273 273.25 274 274 274 274.25 274.75 275 275 275 275 275 275.5 275.75 276 276 276 275.75 276 276 276 276 276 276 276 276 276 276 276 276 276
270.5 270.75 269.75 269.25 272.75 274 274 274 272.5 271.75 267.75 264.25 263.75 252 255.25 250.5 262.5 258 253.75 254 254.75 258.25 261 265.5 269 263.5 264.5 267.25 268 269.25 269.75 270 270 270 269.25 269 269 270 269.25 269.75 270.75 272 271.75 272 272 272 272.75 273 273 273 273 273.75 274 274 274 274 274 274.75 274.75 275 275 275 275 275 275 275.5 275.5 275.75 276 276 276 276 276 276 276 276 276.25 276 276 276 276 276
273.75 273 272 270 271.5 273.75 274.25 274 274 274 273.5 269 266 261.75 259.25 249.25 265.75 263.25 263.5 268.75 270.5 271.75 272 266.75 256.75 252 263.25 267.5 268 268.5 269 269.75 270 269.25 268.75 267.5 265.5 270.25 270.25 270.25 271 271.5 272 272 272 272 273 273 273 273.25 273 274 274 274 274 274 274.5 274.5 274.75 275 275 275 275 275 275 275 275 276 276 275.75 275.5 276 276 276 276 276 276 276 277 276.25 276.25 276.25
273.5 273.5 273 269.75 265.5 273.5 274.75 274.75 274.5 274 274 273.75 268.75 268.25 264 261.75 272 272.25 272.75 273 273 273 267 252.75 254.25 256 259.75 268 268 268.75 269 269 269.5 269 268.5 266.75 263.25 270.25 270.5 271 271 272 271.75 272 272.5 272.5 273 273 273.25 273 273.25 273.75 274 274 274 274 274 274.75 275 275 275 275 275 275 275 275 275.5 276 276 275.5 275 275.75 276 276 276 276 276 276 276 276 276.25 276.5
274.25 274.25 273.5 274 271 269.75 272 275 275 274 274 274 271.5 273 273.5 273.5 274 274 273.75 274 274 273 272.25 267.25 256.25 261.5 263 266.25 267.75 268 269 269 270 269 266.75 261.75 258.5 269.5 270.5 270.75 271 270.5 269.75 271.5 272 272.25 273 273 273 273 273.5 273.5 274 274 274 274 274.5 274.75 274.75 275 275 275 275 275 275 275 275 276 276 275.75 275 275.25 275.75 275.25 276 276 276 276 276 276 276 276
274.5 275 275 275 274.75 274.25 272.5 273.25 274.5 274.25 274 274 272.75 273.75 273 272.75 274 274 274 273.5 265.75 272.5 272.5 267.75 259.25 259.25 257.25 263.25 267.5 268.5 269 269.5 270 269.5 265.5 259.5 260 269.75 269.5 269.75 270.5 271 271 271.5 272 272 272.75 273 273 273 273 273 273.5 274 274 274 274 274 274.5 275 275 275 275 275 275 275.25 275 275.25 276 275.75 275.25 275 276 276 276 276 276 276 276 276 276 276
274.5 274.75 274.75 275 275 275 275 273.5 274 274 274 274 272.25 273.25 268.5 273 273.75 274 273.75 273 269 266.75 271 261.25 259 257.5 257.75 259.5 266.75 267.75 270 270.25 269.75 270 267 261.75 262.5 266.75 267.75 267.5 270 270 270.75 271 271.75 272 272 272.75 273 273 273 273 273 274 274 273.5 274 274 274 274.5 274.75 275 275 275 275 275.5 276 275.75 275 275.75 275.25 275 276 276 275.75 276 276 276 276 276 276 276
