LSCAM_InData/LSCAM_InData/annualprecipitation_aggr_cambodia.asc
ncols         292
nrows         251
xllcorner     800180
yllcorner     -2175230
cellsize      2000
NODATA_value  -9999
[rows 64 to 95 of 251, columns 71 to 141 of 292]
1371.75 1375.75 1379.25 1382.75 1386 1388 1390.75 1394.25 1397 1399.75 1403.75 1406.5 1409.25 1411.5 1414 1417.25 1420.5 1424.25 1427.5 1431.5 1435.25 1437.25 1439.5 1443.25 1446.5 1449.5 1454.25 1457.25 1461.75 1468.5 1472.75 1476.5 1479.75 1483.5 1487.5 1491.5 1496.25 1500.5 1504.25 1508.5 1513 1518.5 1524 1530 1536.25 1539.25 1543.5 1549 1553.25 1560.25 1565.5 1571.5 1577.25 1582.75 1586.75 1591.25 1597 1604.5 1611.25 1616.75 1621.5 1628 1632.25 1637.5 1642.25 1649.5 1653.25 1656.75 1659.25 1665.25 1667.5
1364.5 1369 1372 1375.5 1378.25 1382.25 1385.25 1388.75 1391 1394 1398 1401.75 1405.25 1407 1409.25 1413.25 1416.75 1419.5 1423 1426.75 1428.75 1432 1435.75 1439.25 1442.5 1446.25 1450.25 1453.25 1457.25 1462.25 1467.25 1471 1474.5 1479.25 1484 1488.5 1493 1497.25 1501.25 1504.5 1509.25 1514.5 1519 1522.75 1528.25 1533.75 1538.5 1544 1549.25 1555.5 1562.25 1568.75 1571.5 1575.75 1580.75 1588 1592.25 1597.5 1607.25 1613.75 1616.25 1621.5 1626 1631.5 1637.25 1643.5 1646.25 1649.5 1655.75 1658.25 1662.25
1357.25 1361.5 1365.75 1368.75 1372.25 1375.25 1380 1383.75 1386.5 1389.5 1393 1396.5 1399.25 1402.25 1405 1408.75 1411.75 1416 1419 1421.5 1424.25 1427.75 1431.25 1435.25 1438.25 1441 1444.5 1447.25 1452.5 1457 1462 1465.25 1470.25 1475.75 1479 1483.25 1489.25 1495.25 1499.5 1502 1505.5 1508.75 1513.75 1518 1522 1526.5 1532.25 1537.25 1543.75 1549.5 1556.75 1561.75 1565.75 1571 1575.5 1582.5 1587 1589.75 1644 1684.25 1637 1626.5 1625 1627.5 1648 1659 1685.25 1687.5 1648.25 1654.5 1660
1350.5 1354.75 1358.75 1362.5 1365.5 1369.75 1375 1377.5 1380 1384.25 1388 1391 1394 1396.5 1400 1403.75 1406.25 1410.5 1413.25 1417 1420.75 1423 1426.75 1430.25 1434 1436.5 1439.25 1443.75 1447 1451.75 1458 1463 1467.5 1471 1475.5 1480.25 1484.25 1491 1494.5 1497 1501.25 1503.75 1507.75 1512.5 1517.25 1523.25 1529 1532.75 1539.5 1544.5 1549.25 1554.5 1559.75 1564.5 1569.75 1576.75 1580 1585.5 1597 1649.75 1685.25 1657.75 1647.25 1663.5 1685 1732.25 1761.75 1768 1720.75 1647.5 1659.25
1342.25 1348.5 1352.25 1356.25 1360 1365 1368.5 1372 1375.5 1379.5 1384 1386.5 1390.25 1392 1396.25 1399.5 1403 1405.75 1408.5 1412.75 1416 1419.25 1422.75 1426.25 1429.25 1432 1434.75 1439.25 1443 1448 1453.25 1458.25 1462.5 1466.5 1471 1475.75 1479 1483 1485.25 1489 1494 1498.5 1502.5 1507.25 1512.5 1517.75 1522.75 1528.25 1535.5 1541.5 1545.5 1549.5 1553.75 1559.5 1564.25 1570.75 1577.5 1581.25 1584.5 1589 1594.25 1602 1610 1630.25 1702.75 1720 1741.25 1756.5 1773 1679.75 1658.75
1335.75 1341.25 1346 1349.75 1354.5 1359.25 1363 1366 1371 1374.75 1378.75 1382 1384.75 1388.25 1391.75 1396 1399.75 1401.75 1404.5 1408.25 1412 1415.25 1419 1422 1425 1427.5 1431.75 1435.75 1439.25 1443 1449.5 1455 1458.5 1462 1465.25 1469 1473.75 1478.5 1480.25 1485 1489.5 1492.25 1497.25 1503 1507 1513 1518.5 1523.75 1530 1535.5 1539.5 1543.5 1548.25 1556 1560.75 1565.75 1578 1576 1578.5 1583.25 1589.25 1596.5 1611.75 1684.5 1697.25 1737.75 1742.25 1751.75 1766 1722.25 1661.5
1330.5 1334 1339 1344 1349 1353.75 1357 1360.75 1366 1371.25 1373.5 1376.5 1380.25 1384.25 1388.25 1392.25 1395.25 1398.5 1401.5 1404.75 1407.75 1410.75 1414.75 1418.25 1421 1422.75 1427 1432.25 1435.75 1439.75 1444 1449.75 1453.5 1457 1461.75 1464.5 1468 1472.25 1476.25 1481 1483.75 1488.75 1494 1499.75 1503.5 1507 1513.75 1520.25 1526 1529.5 1537.75 1537.5 1541.75 1550 1555 1560.75 1564.5 1567.25 1574.25 1579.75 1584.5 1594.75 1646.75 1657.75 1720.25 1726.25 1744.75 1752.25 1767.5 1746.5 1690
1323.5 1327.5 1332.5 1337.75 1343 1347 1351.75 1355.5 1360.5 1365 1368 1372.25 1376.5 1381 1388.5 1391.5 1391.25 1394 1396.5 1400.5 1403 1407.5 1410.75 1413.75 1416.75 1418.5 1423 1426.75 1430.25 1433.25 1438.5 1443.75 1449.5 1453 1456.75 1460 1463 1467.75 1472.5 1475.25 1480.25 1483.75 1489 1495 1497.75 1502.75 1509.5 1514.75 1525.25 1529.75 1533.5 1533.75 1536.5 1542.5 1548.25 1555.5 1560 1563 1568.75 1575 1581 1585.5 1602 1619 1641.75 1673.25 1713.75 1747.25 1769 1767.75 1734
1316.25 1320.75 1326.5 1332.5 1336.5 1342.25 1346.5 1350.25 1355.5 1360 1363.5 1367.25 1372.25 1376.5 1383.25 1390.5 1387.75 1390.25 1393.75 1397.25 1400 1403.75 1406.75 1409.75 1412.25 1414.5 1419 1421.75 1425.25 1428.5 1433 1437 1442.75 1447.25 1449.5 1455 1458.5 1463.25 1465.75 1471.25 1475 1479.5 1485 1490.5 1492.75 1498 1504.25 1512.75 1523.25 1524.75 1525.75 1530 1533 1537.25 1542.75 1550 1555.25 1558.5 1563.75 1569.75 1577.5 1584 1587.25 1591.25 1595.5 1620 1695.5 1735 1724.5 1765.5 1784.5
1310.25 1315 1321.5 1326.5 1332 1336.5 1341.5 1344.75 1351.25 1354.75 1359 1362.75 1368.5 1372.5 1376.75 1382.5 1391.25 1388 1389.75 1392.75 1396.5 1399.25 1403 1405.75 1408 1411.25 1414.75 1417.5 1420.75 1423.25 1428.25 1431.75 1436 1441.75 1443.25 1450.5 1456 1459 1461.75 1465.75 1469.75 1473.5 1478.75 1483.25 1488.25 1494.25 1504.5 1509.75 1522.75 1522.25 1523.75 1525.5 1528.75 1532.25 1537.25 1545.5 1550.5 1553.25 1561 1569.5 1580.75 1590.75 1593.5 1596.25 1596.5 1598.5 1604.25 1632.5 1619.5 1697.25 1776.75
1304 1308.75 1315 1320.75 1326.75 1331 1337 1341.5 1345.5 1350.25 1354.75 1358.5 1363.5 1369 1373.5 1377.75 1389.25 1395.5 1390.75 1390 1391.75 1395 1398.25 1400.75 1404.5 1407.25 1410.25 1413 1416.25 1418.25 1422.5 1429 1430.75 1435.25 1438 1443.5 1446 1450.25 1455.25 1459.5 1462.75 1466.25 1471.5 1479 1485.25 1490.25 1502.25 1509 1516 1517.25 1518 1522 1525.25 1527.5 1530.5 1538.75 1544 1549 1557.75 1568.75 1579.75 1590.25 1598.5 1598.25 1593 1591.75 1596 1600.5 1608.75 1632.5 1760.25
1298.5 1303.5 1309.75 1315.5 1321.25 1327.5 1332.25 1336.75 1340.5 1345.25 1350.5 1356 1360.5 1365 1367.75 1371 1382.25 1390 1390 1391.25 1388 1390 1391.25 1396.5 1399.75 1403 1406.25 1409.25 1411.75 1414.25 1417.25 1421.75 1424.5 1427 1432 1437.5 1439.5 1442.75 1447.5 1454.25 1456.75 1459.5 1464.25 1471.25 1481.75 1488.5 1497.5 1507 1504.5 1505.25 1511 1516.25 1519 1522.5 1525.25 1528.75 1535 1543.5 1552.25 1561.75 1571.75 1582.25 1588.5 1588.75 1584.5 1584.25 1589 1593.75 1600.5 1628.5 1726.5
1292.5 1298.5 1304.75 1310.5 1317 1322.25 1326.75 1332.75 1336.75 1341.5 1346.5 1352.25 1356.25 1358.5 1363.25 1366.25 1375.25 1379.25 1380.25 1385.25 1383.5 1396.25 1410 1399 1396.25 1398.5 1401.25 1404.25 1406.25 1409 1411.75 1414.75 1417.75 1423.5 1427.25 1428.5 1431.75 1434.75 1440.75 1449.5 1451 1455 1456.5 1463.5 1469.75 1479.75 1488 1495.75 1498 1497.75 1503.5 1509.5 1512.25 1516 1519 1524.25 1528.75 1534.75 1543.75 1554.5 1562.75 1566.5 1574.5 1580.75 1580 1577.5 1581.75 1587 1593.5 1601.5 1687.25
1287.5 1293.5 1299.75 1307 1312.75 1317.25 1323.25 1330 1334 1338.5 1342.5 1347.75 1351 1355.5 1360 1363.5 1366.75 1370 1373.75 1374.5 1378 1392.75 1412.75 1413.5 1407.75 1405.25 1396.25 1398.75 1402.25 1403.75 1407 1409.5 1412.25 1417.75 1420.75 1423 1425.5 1429.25 1433.25 1436.75 1441.5 1445.75 1448.25 1454.25 1458.25 1468.25 1480.25 1484.25 1487.5 1493 1498.5 1504.5 1505 1509.5 1512 1517.5 1522.5 1530.75 1539.25 1544.5 1550.25 1554.25 1566 1569.25 1571.25 1571 1575 1582 1587.5 1595.5 1620
1282.5 1288.25 1295.5 1303 1307.75 1314.5 1320 1326 1330 1335 1338.75 1342.75 1346.75 1352 1356.25 1359.25 1363.75 1366.5 1367.75 1370 1374.75 1383.25 1402.25 1401.25 1410.75 1419.25 1414 1394.5 1396 1399 1401.5 1404.75 1406.75 1408.75 1413.25 1417.75 1419.25 1423 1426.75 1431.25 1435.5 1438.5 1442 1446 1451.75 1458.25 1469.75 1473.5 1478 1485 1490 1496 1500.25 1502 1507.25 1510.75 1516.75 1528.75 1537.75 1537.75 1538.5 1545.25 1554 1558.75 1564.75 1565 1569 1575 1581.5 1589.5 1629.75
1278.25 1284.5 1292 1297.25 1304 1310.5 1316.5 1321.75 1326.25 1330.75 1335.5 1339.75 1344.25 1348.25 1352 1355.25 1359 1361.25 1364 1366.5 1369.25 1374 1383.25 1393.25 1398.75 1410.25 1419.75 1414 1406.25 1399.75 1396 1398 1401 1402.5 1405.75 1410.75 1414 1418.75 1422.5 1426.25 1428.25 1432.25 1436 1439.5 1444.5 1449.75 1456.25 1465 1470.25 1477.5 1486.25 1493 1502.5 1516.75 1505 1502.5 1506.25 1514.75 1524.25 1530.25 1530.5 1538 1545.75 1551.75 1558.5 1560 1563.75 1570.5 1579 1588 1608.5
1274.25 1280.75 1287.25 1293.5 1300.5 1307.25 1313 1318 1323.25 1327.75 1332 1336.75 1341.25 1345 1348.75 1352.5 1355 1357.25 1359.5 1362.25 1366.5 1370.75 1379 1385.75 1395 1404.75 1408.75 1417.5 1424.5 1422.5 1421.75 1426.5 1400.25 1397.5 1400.25 1402.75 1406 1412 1415.5 1417.75 1421 1425.25 1429.25 1433 1437.5 1443.75 1464 1462.5 1464 1471 1491.25 1509.75 1499.25 1511 1502 1496.5 1500.5 1504 1511 1519 1525 1528.25 1535.5 1542.25 1547.25 1553.25 1558.25 1565.75 1575 1582 1584.75
1271 1277.5 1284.25 1290.25 1298 1304.5 1310.25 1314.75 1319.5 1324 1330 1334.25 1338.5 1342.5 1346 1348.5 1351.25 1353.25 1355.5 1357.5 1361.5 1364.5 1373.25 1385 1391.25 1393.75 1407.25 1414.25 1416.5 1423.5 1431.25 1440.25 1396 1393 1396 1398.5 1400.75 1405.25 1409 1411 1414 1418.5 1422.25 1425.75 1431 1439 1453 1473 1464.5 1469 1499.75 1494.25 1480.25 1486.25 1485.5 1489.5 1494 1507.75 1503.5 1510 1515.75 1519.25 1527.25 1533.5 1539.75 1547.5 1555.25 1563.5 1571 1575.25 1577.25
1266.75 1274 1281.75 1288.25 1294.75 1301 1306 1312 1316.75 1322.75 1327.5 1332 1336.25 1340 1342.25 1345.5 1349 1350 1352.25 1354.75 1356.5 1359.5 1362 1367.75 1389.25 1393 1398.25 1403.25 1409.5 1419.25 1426 1424.75 1388.5 1388.25 1391.5 1393.75 1395 1397.5 1400.5 1405 1406.5 1411.75 1415.75 1419 1425.25 1437.5 1445.25 1471.75 1469 1486.5 1481 1481.75 1474 1474.25 1477.75 1483.5 1490.5 1525.75 1515.75 1504 1507 1513.75 1519.75 1526 1534 1541 1550.5 1558.75 1564.25 1566.75 1571.25
1263 1271.25 1277.75 1285.75 1292.25 1298.5 1305 1309 1315 1320.5 1325.5 1330 1333.5 1336.75 1340.5 1343 1344.75 1346.5 1349.5 1350.5 1353 1355 1357.75 1360.25 1370.25 1387.25 1401.75 1404 1404.5 1414.75 1425.5 1402.5 1381.25 1383.75 1385 1387.75 1390.5 1393 1395 1397.75 1401.5 1404.75 1409.5 1414.75 1421 1429.5 1430.25 1445.25 1468.25 1457.5 1456.75 1463.5 1471 1470 1475.5 1480.25 1484 1504.5 1501.25 1498.5 1501.75 1506.75 1514.5 1520.5 1527.25 1535.75 1543 1548.75 1555 1559.25 1567.75
1259.75 1268.25 1275.5 1281.75 1289.25 1296.5 1303 1308 1313.75 1318.25 1323.25 1327 1331 1335 1338 1338.75 1341.5 1343.5 1345.5 1348 1348.5 1350.25 1352.5 1355.75 1356.25 1371.5 1396.25 1405.25 1400.5 1401.25 1392.75 1376 1374.5 1377.25 1378.75 1381 1383.5 1386.75 1389 1391.75 1395 1399 1405.25 1408.75 1418.25 1426.5 1422.25 1457.75 1482.25 1453.5 1454.75 1463 1478.75 1474 1480.5 1480.25 1479.75 1484.25 1487 1490.75 1494.75 1500.75 1508.25 1513.25 1523.5 1535 1535.75 1541.5 1547.75 1555 1567.25
1256.25 1265.75 1272.5 1279.25 1286.5 1294.75 1300.75 1307 1313 1316.75 1321.5 1325.75 1329.75 1333.75 1335.75 1337.5 1339.5 1341.5 1342.75 1344.5 1345.75 1347 1348.25 1349.75 1352.25 1354 1386.25 1404 1397.5 1368.25 1370 1370.75 1369 1371.25 1373.25 1374 1376.75 1380.5 1383.25 1384.75 1389.25 1392.5 1396.5 1403 1410.5 1419.5 1414.75 1428.5 1438.5 1446.75 1448.25 1452.5 1459 1470 1485 1471.75 1472.75 1479.25 1482 1485.5 1490.75 1495.25 1500.5 1506.75 1516 1523 1530.75 1534.5 1541.75 1550 1558
1253.75 1263 1270.25 1277.25 1284.25 1292.5 1299.75 1305.25 1310 1315.5 1320.5 1325 1328.75 1330.75 1334 1335.5 1336.75 1338.5 1339 1340.75 1341.5 1342.25 1343 1345.5 1347.75 1348.75 1353 1367.75 1370 1358 1358.75 1362 1364 1365 1367 1369.25 1371 1374.25 1376.75 1379 1382.5 1386.25 1389.25 1395.5 1404.25 1407.25 1407.5 1414.75 1419.75 1423.75 1430.5 1441.5 1451.25 1452.25 1457.75 1460.25 1464.5 1472.25 1477 1481.5 1485 1489.75 1494.5 1500 1508.5 1514 1521.75 1528 1538 1543.75 1553
1252 1259.75 1267.25 1275.25 1283 1290 1297 1303.75 1309.5 1315 1320.25 1323.75 1327 1330.25 1331 1332.5 1334 1335.5 1336 1337.25 1337.75 1337.75 1338.75 1339.75 1342 1344 1345.75 1346.75 1349.25 1350.25 1352 1354 1358 1359.5 1361 1363 1365.5 1368.75 1370 1374 1375 1379 1382.75 1388.25 1394.75 1400.5 1400.75 1405.75 1410 1416 1423.75 1435 1440.5 1444.75 1449.25 1453.25 1458 1463.75 1469.25 1474 1479.25 1485 1490.5 1495.75 1500.5 1508.75 1519.5 1526.5 1532.25 1539.5 1551.5
1249.75 1256.25 1265.5 1273.25 1281.5 1289.25 1295.25 1302.25 1309 1314.5 1319.25 1324.25 1327 1328.5 1329.25 1330 1331 1331.75 1331.75 1332.5 1333.75 1333.25 1334.5 1334.75 1337.75 1339.25 1340.75 1341.25 1342.25 1344 1346.5 1347.25 1351.25 1353 1356 1357.5 1364.25 1367.5 1367.25 1372 1371 1372 1376 1380.75 1385.25 1389.5 1393.5 1398.25 1403.5 1409.25 1417.75 1423.5 1430.25 1437.5 1441.75 1446.5 1451.5 1456.5 1461.5 1466.75 1472.75 1478.75 1483.75 1493 1496 1503 1512 1518 1524.75 1533.75 1545.75
1247 1254.75 1263 1271.5 1279 1286.25 1293.75 1301.5 1308.5 1315.75 1320.75 1324.5 1324.75 1326.75 1327.75 1328.5 1328.75 1328.75 1328.75 1329 1329.25 1328.5 1329.5 1331.25 1332.5 1332.25 1335.75 1337 1336.75 1338 1340.5 1342 1344.5 1346.5 1350 1349.75 1354.75 1357 1359.25 1361.5 1363.5 1366.75 1368.5 1375 1379 1382.75 1386.75 1395.75 1399 1403.5 1413 1420.5 1426.75 1429.5 1434.75 1439.5 1444.25 1449.5 1455.75 1460.75 1466 1472 1477.75 1486 1491 1499.25 1505.5 1511.5 1519.5 1528.25 1537
1244.25 1253 1260.5 1268.5 1278 1284.5 1292.25 1300.25 1306.75 1315 1320.25 1324.5 1324.5 1325.25 1326 1326.75 1325.25 1325.5 1324.75 1325 1325.5 1324.25 1325 1325.75 1325.25 1326 1330.25 1331.5 1331.5 1331.25 1333 1334.75 1339.25 1340 1342.25 1342.75 1348.25 1350 1351 1353.75 1356.75 1359.75 1362.5 1368 1371.5 1375.25 1379.75 1386 1392 1397.75 1405 1412.25 1423.25 1425.75 1429.5 1433 1437 1442.75 1449.25 1456 1460.75 1466.25 1473.5 1479 1487 1494 1500.5 1509 1516.75 1525.5 1533.75
1242.75 1250.75 1259 1266.5 1274.25 1282 1290 1298.75 1306.25 1314.5 1320.25 1323.75 1325.25 1324.75 1323.75 1323.75 1323.75 1321.75 1320 1320.75 1319.75 1320 1318 1320.5 1320 1322.75 1324.75 1325 1324.5 1325.75 1326.25 1329.5 1332.25 1333.75 1335 1336.75 1342 1344.5 1345.25 1346.75 1350.5 1352.5 1356.75 1361.75 1365.75 1368.25 1375.5 1380.5 1384.75 1390.75 1398.75 1407 1415.5 1418.75 1423.5 1428 1432.75 1439.25 1445.25 1450.75 1457.25 1461.75 1466.5 1475 1480.25 1488.75 1501 1511.75 1517 1527.5 1538.5
1241 1248.75 1256.5 1263.25 1271.25 1280 1288.25 1295.75 1305 1311.75 1320 1323.75 1324.25 1322.75 1321.25 1320.25 1319.25 1317.75 1316.75 1316.75 1316.25 1315 1313.75 1314.5 1314.5 1315.75 1317 1318.5 1318 1319.25 1320.5 1323.75 1325.25 1326.75 1327.5 1330.5 1336 1336.5 1338 1340.75 1343.75 1347.5 1350.75 1354.75 1358 1362.75 1369.75 1378.25 1382.75 1385.75 1394.75 1402 1407.25 1412.5 1420.25 1429.5 1430.75 1433.75 1439 1444.75 1450.25 1457 1461.75 1469.5 1477.75 1486.75 1505.5 1519.5 1521.25 1535 1546.5
1239.25 1246.25 1254.25 1261.5 1267.75 1276.25 1285.5 1292.75 1301 1309.25 1316.25 1320.5 1322 1320.5 1318.5 1315.75 1314 1313.75 1313.25 1311.5 1309.75 1309.75 1309 1309 1309 1308.5 1310.25 1311.25 1311.5 1313.5 1313.75 1317.5 1318.5 1320 1321.5 1324.5 1329 1330.5 1333.5 1335.25 1338.25 1341 1345.5 1348.25 1353.25 1358.75 1364.5 1377.5 1382.75 1388.5 1392.5 1395 1402 1408 1417 1429.75 1434 1435.5 1435.25 1440 1446.25 1451 1457 1466.5 1474.5 1488 1507.25 1511 1519.25 1530.75 1540.5
1236.5 1244.25 1251.75 1257.25 1265.75 1272 1280.25 1288.5 1296.5 1304.75 1311 1316.25 1318 1316.75 1314.75 1312 1310.5 1310 1308.75 1307 1304 1303.5 1303 1302 1303 1303.5 1303.75 1304.75 1305.5 1307.75 1308.5 1310.75 1312.5 1313.5 1317.75 1318 1322.5 1324.75 1330.25 1331.5 1332.25 1334.75 1339 1343.5 1348.75 1352.25 1359.25 1371.25 1374.75 1382.5 1384.25 1388.75 1398.25 1403.75 1413 1421.5 1428.75 1435 1440 1439.5 1444 1447 1451.75 1460 1471.5 1483.25 1495.25 1505.5 1521.75 1526.75 1536
1234 1241 1248.75 1255 1261.25 1268.5 1276.25 1284 1291.5 1297.75 1304 1307.5 1310.75 1310.75 1310 1307.5 1305.75 1304 1302.25 1301 1299.5 1298.5 1296.75 1297 1297.25 1297.75 1299.5 1299.5 1300 1301 1302.25 1304.25 1305.5 1309.25 1310.75 1312.75 1315.25 1319.25 1322.75 1325 1327 1328.5 1332.5 1337.25 1342.75 1347.25 1354 1366 1368.5 1375.25 1378.5 1384 1393.75 1397.25 1408 1415.75 1422 1428.5 1438.25 1441.5 1441 1443.25 1447.5 1457.25 1467 1478 1494.25 1507.25 1515.5 1520.25 1533
