LSCAM_InData/LSCAM_InData/annualprecipitation_aggr_cambodia.asc
ncols         292
nrows         251
xllcorner     800180
yllcorner     -2175230
cellsize      2000
NODATA_value  -9999
[rows 96 to 127 of 251, columns 213 to 283 of 292]
1850.25 1854.5 1861 1867.75 1873.5 1879.5 1886.25 1893.75 1898.25 1904.5 1914.25 1918.5 1924.25 1933.25 1936.25 1947.25 1953 1954.25 1962.75 1968.5 1981 1990.25 2003 2013 2018.25 2016 2013.25 2021.25 2025 2035 2047 2049.25 2052 2054 2057 2055.5 2059.75 2059.25 2057.75 2058.5 2052.25 2047.5 2041.75 2039.5 2035.75 2031.75 2032 2034.5 2034.75 2032.5 2038.75 2034.5 2032.75 2028 2028 2022 2019.25 2004.5 2000.25 2002.25 2016.75 2007.25 1993.5 1998.75 2003.25 1974.25 1974.5 1948 1933.5 1920.75 1909.75
1846.5 1849.25 1857 1863.25 1872.75 1876.5 1884.75 1891.25 1893.75 1901.5 1909.75 1915.25 1920.75 1923.5 1933.5 1941.5 1947.5 1948.75 1963 1970.5 1976.25 1986.5 1995.5 2003.75 2003.75 2004.75 2006 2012.5 2023 2031.75 2036.25 2040.75 2042.75 2041.25 2042 2051.25 2052.5 2050.5 2054.75 2057.75 2053.5 2047.5 2043.5 2036 2035.25 2031.25 2030.25 2034 2035.25 2031.25 2035.5 2032.75 2034 2029.5 2025.25 2023.25 2015.5 2004 1997.75 1995.75 2013.75 2025.75 2013.75 2000.25 1986 1978 1972.5 1942.75 1932.75 1919.25 1909
1842.75 1848.75 1854.75 1861.75 1866 1871.5 1883.5 1887 1890.75 1898.75 1905.25 1911.25 1916.25 1920.5 1928 1936.5 1938.5 1944 1957.5 1965.5 1976.75 1985.25 1998.5 1996.25 1996.75 1994 2001 2009.75 2023.25 2025 2027.25 2031 2034.75 2032.5 2041.75 2047.75 2043.75 2048.75 2052 2050.75 2047.75 2046.25 2039.75 2036.25 2037.25 2034.5 2032 2034.25 2035.5 2041.75 2068.75 2035.25 2033 2030.25 2029.5 2023.25 2010.5 2006.25 1997 1992 1986.5 1997.25 1993.25 1986.5 1986.75 1985.5 1983.5 1949.25 1935 1921 1910.25
1839.25 1844.75 1851.75 1856.5 1862.25 1868.75 1879.25 1882.25 1887.5 1894.25 1900.5 1904.25 1913 1921 1927.25 1930.5 1934.25 1942.5 1952.75 1970.5 1972.5 1981.25 1987 1990.25 1988.5 1988.25 1996.75 2009.75 2014.5 2015 2019 2021.75 2025.5 2029.25 2034.75 2034.75 2039.25 2042.75 2050.5 2049.25 2042 2038.75 2036.5 2035 2035.75 2041.5 2041 2040 2038.5 2036 2049.75 2045 2036.5 2033.25 2038 2026.5 2010.5 2006.25 2002.25 1991.25 1987.75 1981.75 1978.75 1978 1989.5 1993.75 1993 1964.75 1951.5 1926.25 1915
1839.75 1844.5 1848 1855.5 1861.25 1866.75 1874.5 1877.25 1884.75 1890.25 1894.75 1903.25 1912.5 1917.5 1921.5 1924.75 1931.75 1940.5 1955.25 1962.25 1970.25 1979.75 1983 1981.75 1980.75 1986.75 1999.25 2006.75 2005.25 2006.5 2007.5 2014.25 2019 2025 2028 2034.25 2039.5 2040.5 2045.75 2046.5 2043 2039.75 2038.75 2035.75 2031.5 2031.5 2035.5 2045.25 2042.25 2037 2042.75 2048.5 2040.5 2044.25 2043.5 2035.25 2028.75 2008.75 2000.75 1993.5 1989.75 1983.25 1979 1979.75 1991 1995.75 1998.25 1978.75 1953.5 1928.75 1916.75
1838.25 1847.5 1846.75 1851 1856.25 1863 1871 1873.75 1880.25 1885.5 1891.25 1899.5 1908.75 1913 1914.5 1920 1930.25 1940.75 1947.75 1956.75 1967.5 1975.5 1977 1973.5 1979.25 1988.5 1998.5 1999.5 1997.5 2000.25 2007.25 2011.75 2019.25 2025 2030.5 2034.25 2039 2043 2050.25 2049.25 2042.25 2039.75 2039.5 2039.5 2033.75 2029.75 2038 2048.5 2045.5 2040.75 2047.5 2057 2052 2040.75 2043 2041.25 2040.25 2007.75 2001 1994.25 1991 1983.5 1977 1976.25 1998.5 2007.5 1993.5 1973.25 1949.5 1929.5 1919.75
1840 1844.25 1845 1849.25 1855.5 1861.75 1868 1874.25 1879.75 1884 1891 1897.25 1904.25 1909.5 1912.5 1918.75 1926.25 1932 1938.25 1949 1958.25 1964.25 1967.75 1970.25 1978.25 1985.75 1988.75 1988.5 1991.75 2001.25 2008.25 2016.75 2019.25 2020 2027.5 2035.5 2038 2045 2050.5 2045.25 2041.75 2044 2047.5 2046 2036.75 2030.5 2033 2045.75 2043.5 2040 2051.5 2064 2056.75 2061.5 2061.75 2035 2017.5 2009.25 2009.25 1997.25 1992.5 1986 1978.75 1974.5 2006.5 2016 1999.5 1969 1942.75 1936.25 1922
1841.25 1843.5 1845 1848.5 1857.5 1864.75 1870.5 1875.75 1883 1891.25 1895 1899.25 1903.75 1907.5 1913.25 1918.25 1924.25 1932 1935.25 1944 1958.25 1962.75 1964.25 1970 1977.75 1978.75 1983.75 1984.5 1992.75 2004 2010.5 2012.75 2019.25 2024.25 2024.5 2031.75 2043.75 2043.75 2048.5 2044.25 2045.25 2047.5 2048 2040.5 2034.5 2042 2031.5 2030.5 2043.25 2049.75 2055.75 2064.75 2062.5 2068.25 2071.25 2060.75 2031.25 2015.25 2016 1998.75 1994.25 1990.5 1988.25 1979 1998.25 2009.75 2003.5 1973 1955.25 1941 1925
1839 1841.5 1847.5 1851.75 1857.25 1863.25 1872.5 1876.5 1889 1890.75 1893.75 1903.5 1905.75 1908.5 1916 1922.75 1924.5 1932.75 1939.25 1942.5 1954.25 1965.75 1965.5 1974.75 1978 1982.5 1980 1987.5 1993.25 2000.25 2011 2015.5 2024.25 2029.75 2035 2041.75 2051.75 2048 2051 2046.5 2056.5 2053.25 2052 2046.25 2040.25 2038.5 2052.25 2035.5 2058.5 2059.5 2057 2060 2065.75 2071.5 2082.75 2067 2055.25 2028.25 2038.75 2007.5 1998.75 1998.75 2006.5 1989.25 2006 2008 1989.5 1965.25 1952.5 1967 1944.75
1841.5 1845 1850.5 1856.25 1860 1864.5 1872 1877 1885.5 1893 1895 1903.75 1908 1911.5 1918.75 1924.5 1924.75 1935 1952 1954.5 1957.75 1962 1965.75 1975.25 1981.25 1984.5 1982 1988.5 1994 2000.5 2008.25 2020.25 2024 2034 2040.5 2041 2051.25 2059 2061.25 2064.75 2074.75 2056.5 2058.5 2051.75 2042.25 2039.25 2052.75 2043.25 2054.5 2070.75 2065.25 2061.75 2068.75 2078.5 2082 2073 2065 2043.75 2063 2011.75 2008.5 2016.5 2029.25 2018.5 1999 2010 1981.25 1976 1966.25 1953.5 1983.75
1842 1846.25 1852.5 1857.25 1862 1864.5 1870.75 1879.75 1896.25 1896.75 1898.75 1906.5 1911.5 1915.5 1919 1927.5 1929.5 1936.5 1946.75 1955.25 1957.75 1964.25 1965 1976.75 1985.5 1983.5 1983.25 1987.5 1992.75 2001.5 2006.5 2019 2027 2033.25 2042.75 2042.75 2054.75 2061.75 2061.5 2067.5 2080.5 2078.5 2065.25 2068 2096 2054 2051 2049.75 2046.25 2054.25 2060.75 2074.5 2082.25 2094 2083.25 2072.5 2068.75 2062.25 2042 2015.5 2034.25 2035.75 2033.25 2029.75 2007.75 2004.5 1979 1972 1974.25 1958.5 1950.25
1838.25 1841.75 1847.75 1853.75 1864 1869.5 1872.5 1882.75 1898 1902.75 1905 1911 1916.75 1918.75 1924.25 1933 1935 1940 1947.75 1956.75 1960.5 1962.75 1965.25 1973.75 1979.75 1984.25 1992.5 1989.5 1991.25 2000.5 2011.5 2017.25 2031 2037 2048.25 2049.5 2056.75 2051.75 2053 2069.75 2075 2077.5 2074.75 2077 2086.25 2055.25 2054.75 2053.25 2053.25 2051.5 2059.25 2070 2074 2092.75 2089 2071.25 2065.5 2062.25 2054.5 2035 2036.25 2035.75 2025.75 2025.25 2013.5 1999.75 1981.75 1977.5 1980 1957.25 1946.75
1831.5 1839.75 1844.25 1850.75 1859 1867.75 1878 1883.5 1897 1909.75 1909 1915.75 1921.5 1920 1922.25 1926.5 1959.5 1948.75 1950 1957.75 1961 1961.75 1967.25 1979.5 1986.5 1983.75 1988.75 1987 1989.5 1999.75 2010.25 2017.5 2034.5 2041.25 2041.5 2040.25 2039.25 2039.75 2050.5 2062 2070.5 2080.25 2071.5 2078.75 2066.5 2065.75 2073.5 2058.5 2055.75 2056.5 2055.25 2052 2054 2089.75 2085.25 2073.75 2063 2064.5 2051.75 2044 2032.5 2036 2026.5 2027 2013.5 2010 1986.25 1979 1970.5 1954.25 1945.25
1828.75 1834.25 1840.5 1849 1856.5 1865 1876 1877.75 1893.25 1890.5 1894.75 1907.25 1911.25 1910 1916.75 1920 1933.25 1945 1945 1949 1953.75 1955.75 1960 1968 1973.75 1982.75 1987.25 1987.75 1992.5 2000 2010.75 2025.5 2026.5 2029 2031.25 2029.75 2031.5 2039.75 2048.5 2058.75 2067 2080 2073.25 2069.25 2072 2072.75 2071 2066.5 2064.75 2062 2061.75 2055.75 2055.5 2068.75 2088.75 2074.25 2065.25 2062 2056.25 2052.75 2039.25 2042.5 2030 2024 2013 2015.5 2000.75 1979.5 1965.75 1960 1944.25
1827.25 1832 1839.5 1847 1854.5 1862.5 1872.5 1875 1877.5 1885 1897.75 1909.25 1898.5 1902 1910.5 1914.75 1926.25 1935.75 1938.75 1942.5 1946.5 1953 1958.5 1965 1974 1982.75 1990.5 1992.25 1999.25 2005.75 2016.5 2021.25 2023.5 2019.5 2023.5 2027.5 2030 2035.25 2044.5 2058.75 2065.25 2070 2076.75 2075.25 2075.25 2075.75 2079.5 2074.25 2071.75 2063.5 2061.5 2063.5 2058.75 2054.5 2080.5 2075.75 2067 2059 2055.25 2060.25 2039.5 2035.5 2035 2025.5 2014.75 2010.25 1997.5 1979.5 1967.75 1964.25 1943.25
1828 1833.5 1838.25 1843.75 1851.25 1859.25 1868.5 1872.75 1872.25 1876 1885 1891 1891.75 1899 1905.25 1908 1916.5 1925.25 1935 1943.75 1948.75 1954 1961.25 1968 1971.75 1983 1991.5 1996.75 1998.75 2005 2012 2019.5 2016.5 2016.25 2022 2025 2027 2032.5 2040 2050.25 2057.25 2065.75 2091.75 2071 2068.25 2068.5 2077.25 2081 2074.5 2068.75 2063.25 2065.25 2058.5 2056.25 2065.25 2077.5 2068.75 2061.5 2055.75 2059.25 2045 2033.25 2041.5 2035.75 2018.25 2026 1999 1978.5 1973.25 1960.5 1949.25
1826.25 1832.25 1836 1842.75 1850.75 1860.5 1865.5 1865.5 1869.5 1873.5 1879.75 1884.75 1888 1892.75 1898.25 1906.25 1912.5 1920.75 1933.75 1942.5 1948.5 1958 1965.75 1969.25 1973.5 1985.5 1990.25 1990.25 1990.75 1998.25 2007.75 2019.75 2014 2014.75 2018.5 2021 2027.75 2035 2039.25 2041 2043.75 2055.5 2061 2061.75 2062.75 2068 2068 2079 2079 2068.75 2067.75 2063.75 2063 2070 2057 2061.5 2075.25 2063.75 2063.25 2060.75 2051.75 2033 2025.75 2047.75 2038.75 2038.25 1997.75 1983.25 1977.75 1963.75 1953
1820.5 1826.75 1834 1841.5 1846.5 1853.75 1860.5 1866.25 1865.5 1868.75 1876.25 1879.75 1883.5 1891.5 1899.75 1907.5 1916.25 1920.5 1931 1941 1946.5 1949.25 1960.75 1966.25 1970.75 1973.5 1978 1980.75 1993.5 2005.5 2011 2011.25 2011 2010.25 2014.5 2021.25 2029.75 2031.5 2033 2037.25 2047.25 2053.25 2053.75 2056 2059.5 2061.25 2061.75 2065.25 2077 2078.75 2080.75 2079 2074.25 2073 2064.25 2056.75 2073 2065.5 2066.5 2066 2048.5 2038.25 2028 2030 2029 2038.75 2027.75 1991.25 1987 1973.5 1960
1816.25 1825 1832.25 1836.5 1840.25 1847.5 1853.5 1858.75 1863.75 1865.5 1874 1877.5 1885.75 1891.5 1898.5 1910.75 1919.75 1924.25 1928.25 1937 1946.75 1946 1956.75 1964.75 1966 1968.25 1975.75 1981.25 1996.5 2004.75 2001.25 2005.5 2006.25 2008.5 2013.75 2019.5 2030.25 2031.25 2031.75 2034.5 2046.5 2050.75 2053.25 2057.75 2053.5 2054 2057.5 2060.5 2068.5 2067.5 2079.75 2088.75 2093.75 2102.5 2075.75 2056.75 2064 2072 2065.75 2063.75 2052.25 2040.75 2035 2028.5 2021.25 2032.75 2024 2006 1997 1987.25 1982.25
1815.25 1817.5 1825.25 1829.25 1835.25 1843.75 1847.5 1855.25 1856.25 1863.5 1869 1879 1886.75 1894.5 1902.75 1909.5 1915.5 1920.25 1925.25 1940.75 1943.75 1943.25 1948.5 1959.75 1964 1970.5 1973.75 1981.75 1992.25 1991.5 1996.25 2001 2003 2010 2020.5 2022 2033.25 2049.75 2051.5 2045.5 2044.5 2048.75 2053.5 2053.75 2053.25 2058.75 2058 2061.25 2066 2074 2068 2098.5 2129.25 2142.5 2093 2072.75 2067.75 2072 2069 2066 2055.5 2046 2044.25 2033 2037.75 2037.5 2020.75 2027.25 2026.5 2017 1994.25
1809.5 1812 1818.75 1825.25 1833.25 1841 1844.5 1850.25 1855 1860.5 1870.25 1879 1885.75 1892 1902.75 1905.75 1909.5 1916.5 1921.25 1930.25 1938.25 1942.25 1945.75 1954.75 1960.75 1970.25 1978.25 1990.25 1996 1991 1993.25 1997.5 2003.5 2011.25 2024 2024.25 2028.25 2050 2053 2045.75 2048.5 2049.75 2059.25 2065.75 2058 2063 2067.25 2063.75 2067 2072.75 2072.5 2076.75 2103.5 2136.75 2088.75 2082 2072.25 2080.75 2082.5 2073.25 2064.75 2061.25 2048 2043.25 2051.5 2041.75 2034.75 2022 2031 2020 1999
1804 1808.25 1816.25 1824 1831 1839 1841.75 1846.75 1851.75 1861.75 1870 1879.5 1887.75 1893.25 1902.5 1904 1907.5 1913.5 1920.25 1927.25 1933.5 1938.75 1944 1949.5 1962.75 1969 1979.25 1983.25 1994 1988.25 1992 2006 2009.25 2010 2021.25 2026 2034 2043 2057 2052.25 2051.75 2050.5 2055 2054.5 2059 2064.75 2070.75 2070.25 2072.5 2074.75 2077.75 2092.75 2125.25 2140.75 2102 2108 2085.5 2099.25 2091.75 2099 2092 2081.25 2059.75 2057.25 2055.75 2048.25 2032.75 2029.5 2031 2022.25 2010.5
1798.5 1805.5 1815 1821 1827.75 1836.75 1839.25 1843.75 1851 1858.75 1867.25 1875 1883.75 1894.5 1901 1904.75 1908.25 1911.25 1917.75 1925.75 1931.5 1937.5 1943 1946.75 1951.5 1963 1969.75 1984 1990 1989 2000.5 2013 2020 2020.25 2031.25 2045.5 2060 2054.5 2059.5 2065.5 2066.25 2054.5 2052.25 2054 2060.5 2064.5 2065.25 2069.75 2082.75 2093.25 2088 2139 2165.75 2153 2122 2133.5 2097 2100 2107.5 2095 2110.75 2102.5 2082.25 2077.25 2061.5 2051 2037.5 2031.25 2042.25 2027.25 2009.5
1794.5 1802.5 1810.75 1817.25 1824.75 1831.25 1836 1842 1850.75 1858.25 1866 1878.25 1885.5 1892.25 1896.5 1901 1905 1910.5 1915.75 1924.5 1930 1936.5 1940.75 1944.5 1954.25 1966 1973.25 1977.5 1979.25 1985.5 2015.75 2041 2029.75 2052 2039.25 2035.25 2045 2061.5 2061.25 2060.75 2069.5 2063 2057.25 2060.5 2071.5 2086.25 2086.75 2072 2086 2097.25 2107.25 2110.75 2123.75 2174.75 2165.5 2136 2133.5 2120.25 2137 2115.25 2113 2117.75 2106 2085 2081.25 2066.5 2049.75 2039 2030.75 2041.75 2016.25
1793 1799.25 1806.5 1813.25 1820 1826 1832.5 1841 1852 1860.25 1869.25 1877.25 1884 1888.5 1894.5 1900.25 1904.25 1907.25 1915.75 1921.75 1928.25 1934.75 1942.5 1949.25 1957.75 1966.5 1969.75 1974.5 1979.5 1985 2027 2037.75 2026.75 2038 2028 2026.25 2033.75 2051.25 2057 2058.25 2066 2075.25 2075 2075.75 2071.5 2076.25 2080.75 2093 2105.75 2102.25 2096 2115 2129.25 2150.5 2189 2174 2152.5 2150.5 2149.25 2137.25 2136.75 2152.25 2118.5 2117.5 2118.25 2086.5 2067.5 2058.5 2035.75 2040 2018.75
1789.5 1796.25 1805.25 1810.25 1816.25 1824.75 1835.75 1842.75 1849.25 1858.25 1866.75 1875.5 1880.5 1886.5 1892.75 1898.5 1905.75 1909.25 1915.5 1921.75 1929.25 1936.75 1943.75 1951.75 1959.5 1966.5 1970.5 1975.25 1980.5 1988.5 2029.75 2020.5 2017 2025.25 2021.5 2024.75 2025 2031.25 2045.5 2057 2068.25 2083.25 2085.75 2088.5 2087 2085 2084.75 2094.75 2111.25 2114 2121.5 2132 2143.25 2152.25 2196 2210.75 2188.5 2185 2185.75 2182.25 2160.5 2161.75 2135.5 2152.5 2132.5 2113.5 2097.75 2073.25 2054.5 2045.5 2025.25
1791.5 1793.5 1801.25 1807.75 1815.25 1826.75 1835.25 1842.5 1850 1859 1866.25 1874.25 1878 1884.5 1891.25 1895.5 1902.75 1909.75 1918.25 1924.75 1934.5 1941 1945.75 1952 1961 1965.25 1971.75 1976.5 1985 1994.75 2023.5 2015.5 2016.25 2023.25 2021 2021 2024.75 2027.25 2035 2048.5 2069 2070.75 2076.25 2093.5 2098 2104 2105.25 2111.5 2121.25 2122 2133.25 2141 2154 2165 2191.25 2222.5 2231.75 2233.25 2216 2192.75 2196 2174.5 2164 2159.75 2150.5 2135.5 2109.5 2096.75 2074.5 2059.75 2032.75
1792.75 1793.75 1799.75 1807.25 1815.5 1822.75 1831 1838.75 1850.5 1859.5 1864 1872.25 1878.5 1883.25 1890.75 1896.5 1903 1910.5 1919.25 1932.25 1943.5 1950.25 1949.75 1954 1961.75 1966.5 1972.25 1978.5 1987.25 1992.25 2001.5 2006 2010.25 2017.5 2020 2023.25 2028.5 2032.25 2035 2043.25 2065.75 2077.5 2077 2090.75 2121.25 2114.75 2107 2123 2147 2142.5 2151.75 2153.75 2171.5 2170 2176.25 2206 2214 2216 2196.5 2203.5 2212.5 2195.25 2192.75 2180.75 2168 2153.75 2122.75 2132.25 2092 2063.75 2051.5
1788.75 1798.25 1802.5 1807 1816.75 1825.5 1832.5 1841.25 1850.75 1858.25 1866.75 1870.75 1876.5 1882.75 1888.75 1896.5 1905 1913 1925.25 1936 1968.25 1977.5 1955.5 1957.5 1963.5 1971 1976.25 1984.5 1988.75 1994.25 1999.75 2004.5 2012 2018 2021.5 2030.5 2038 2051 2045.75 2052 2062 2075.5 2083 2084.25 2093.25 2103.5 2122.5 2152.75 2147.25 2143 2156.5 2170 2197 2199.75 2218.5 2219.25 2208 2199 2201 2197 2201.75 2224.75 2211.5 2206.25 2193.75 2162.25 2145 2133.75 2124.25 2106.75 2082.5
1787.75 1797.5 1803.25 1809.75 1817.25 1824.25 1834.5 1841.5 1850.25 1856.25 1863.5 1871.25 1876.25 1883.5 1895 1900.25 1908.75 1920.75 1934.25 1948.5 1969.75 1973.25 1960.5 1962.25 1968.75 1973.5 1981 1989.25 1996.25 2000.5 2004 2011.25 2023 2027.75 2032.25 2032.75 2044.5 2054.75 2058.25 2066.5 2076 2091.75 2093.5 2099.25 2107.75 2118.25 2135 2174.5 2193.75 2173.25 2174.75 2167 2201 2216.75 2225.75 2210.25 2209 2213.5 2216.5 2206.75 2209.25 2223.25 2216 2227 2207.5 2178 2168.5 2158 2142 2129 2094.25
1781.5 1791.5 1800.25 1806.25 1816 1819 1829.5 1839.75 1849.25 1859.75 1866.25 1870.25 1877.5 1885.25 1895.25 1904.25 1911 1921.25 1933.5 1956.25 1961.25 1983 1969.5 1968 1974.5 1979 1987.75 1996.25 2004.75 2009 2011.5 2017 2030 2036.25 2050.25 2050.75 2051 2056.5 2064.5 2066.5 2071.75 2085.75 2101.25 2104.75 2121 2142.75 2154.75 2169 2192 2197.75 2207 2194.75 2176.25 2185 2187.5 2205.5 2225.25 2226 2216.75 2207.75 2207.5 2202 2207.5 2228 2221.5 2206.75 2192.25 2178.5 2158.25 2149 2117.5
1775.5 1787.25 1796.75 1803.75 1811.25 1817 1826.25 1837.75 1851 1861.5 1868.5 1873 1877 1887.5 1897 1903.5 1911.25 1923.25 1932.5 1940 1946.25 1961 1960.5 1968 1974 1984 1992.25 1997.25 2006 2011.5 2018 2027.75 2035.5 2039.25 2045.25 2049.75 2059.25 2061.75 2073 2075.25 2078 2085.25 2100.5 2107.25 2121.5 2159.5 2171 2185.75 2194.75 2199.75 2206.25 2206.5 2217 2217.75 2206.5 2208.75 2211.75 2219.5 2210 2210.75 2212.25 2200 2203.75 2219.25 2202.25 2216.75 2196.5 2186 2166.75 2162 2113.5
