LSCAM_InData/LSCAM_InData/annualmeantemp_aggr_cambodia.asc
ncols         292
nrows         251
xllcorner     800180
yllcorner     -2175230
cellsize      2000
NODATA_value  -9999
[rows 144 to 179 of 251, columns 0 to 81 of 292]
-9999 -9999 -9999 -9999 -9999 -9999 -9999 -9999 -9999 -9999 -9999 -9999 -9999 -9999 -9999 -9999 -9999 -9999 -9999 -9999 -9999 -9999 -9999 258 258 258.25 258.25 256.25 260 261.75 262.5 264.75 265 264 262.25 258 246.5 245.25 229.5 227.25 228.5 230 242.5 252.75 258.25 257 260 261 262.25 263.5 258 259.25 265.75 260.25 254.25 255 256 257.75 260.5 261.25 262.75 262.75 261 255.75 259.75 266.75 269.25 269.5 270.5 272 272 272.5 272.5 272.75 273 273.5 273.75 273.5 273 273.25 273.5 273.5
-9999 -9999 -9999 -9999 -9999 -9999 -9999 -9999 -9999 -9999 -9999 -9999 -9999 -9999 -9999 -9999 -9999 -9999 -9999 -9999 -9999 -9999 -9999 -9999 253.3333 253.75 256.75 261.25 262.25 263.25 261.75 264.5 264.5 261.25 254.25 241.5 230.25 226.5 223.75 216 221 228 246.25 254.25 250.75 247.5 253.5 258.25 259.5 262.5 264.5 265.75 267 266.25 263.5 264 263.5 264.25 264.25 264.25 264 263.25 263.5 252 251.5 262 266.25 267.25 266.75 269 272 272.5 272.75 272 272.5 273 273 273.25 273.5 273 273 273.75
-9999 -9999 -9999 -9999 -9999 -9999 -9999 -9999 -9999 -9999 -9999 -9999 -9999 -9999 -9999 -9999 -9999 -9999 -9999 -9999 -9999 -9999 -9999 -9999 -9999 -9999 260.25 260.25 258.5 259.75 263 264 261.5 253 238.75 237.25 228.25 220.25 223 225.25 228.25 232.5 240 245.25 237 231 237.25 255.25 261.25 263 264.75 265.25 266.25 266.25 266.25 265.5 265.5 264.75 264 263.25 261.75 261.75 258.25 254 259 263.25 264.25 264.75 267.5 265 270.5 272 272 272.5 273 273 272.75 273 273.25 272.75 272.75 273
-9999 -9999 -9999 -9999 -9999 -9999 -9999 -9999 -9999 -9999 -9999 -9999 -9999 -9999 -9999 -9999 -9999 -9999 -9999 -9999 -9999 -9999 -9999 -9999 -9999 -9999 260.5 258.75 251.5 252.75 262.25 263.5 258.5 244 238.25 232.5 230 221.25 229.25 235.25 234.75 228 217 231.5 233.25 230.5 240.75 255 261 263.25 263.75 265 265.75 265 264.75 264 264 264.25 263.5 263 261.5 261.25 253 255.75 262.75 261.5 262.25 262 258.75 259.75 259 269.75 271.75 272 272.25 272.25 271.75 271.5 271.5 272.25 272.25 273
-9999 -9999 -9999 -9999 -9999 -9999 -9999 -9999 -9999 -9999 -9999 -9999 -9999 -9999 -9999 -9999 -9999 -9999 -9999 -9999 -9999 -9999 -9999 -9999 -9999 -9999 -9999 255.75 249.5 253.5 259.75 262.25 253.5 243.25 234.25 229 233.25 232 235.75 236 235.5 228.75 218.5 217 225.75 223.25 226 248.25 260.25 262.25 263.5 263.25 264 264.25 264 263.25 263.25 262.75 263.25 262.75 262 262.25 251.75 257.75 265.5 262 263.25 262 260.5 255.5 251.25 257 268.75 272 272 272 272 271.5 270.5 271.75 273 273
-9999 -9999 -9999 -9999 -9999 -9999 -9999 -9999 -9999 -9999 -9999 -9999 -9999 -9999 -9999 -9999 -9999 -9999 -9999 -9999 -9999 -9999 -9999 -9999 -9999 -9999 -9999 -9999 251.6667 254.5 260.25 255 249 241.75 233 233.75 235.75 236.5 236.25 234.75 230 220.25 233.5 237 235.25 235.75 222.75 245.5 259 261.25 259.25 261.25 262.75 263.25 263 261.5 262 262.25 262.25 262.25 261.5 261.25 253 260.75 266.75 262.75 262.75 262.5 263.5 263.25 258 255.5 258.5 268 270.75 271.5 270.25 268.5 267.5 269.75 271.75 273
-9999 -9999 -9999 -9999 -9999 -9999 -9999 -9999 -9999 -9999 -9999 -9999 -9999 -9999 -9999 -9999 -9999 -9999 -9999 -9999 -9999 -9999 -9999 -9999 -9999 -9999 -9999 -9999 -9999 254.5 257.75 251.5 244.25 239.75 240.25 234.5 233 235.75 231.25 229.5 226.25 207.5 223.25 241.25 242.5 250.25 242.5 251 258.75 260.25 260.25 260.5 262.25 261.5 261.5 261.5 262 262 262 262 262 260.25 260.5 265 266.75 265.75 266.25 262.25 263 263.5 262.75 264.5 266.5 267.75 267 267.75 263 267.75 270.5 270.5 272.25 273
-9999 -9999 -9999 -9999 -9999 -9999 -9999 -9999 -9999 -9999 -9999 -9999 -9999 -9999 -9999 -9999 -9999 -9999 -9999 -9999 -9999 -9999 -9999 -9999 -9999 -9999 -9999 -9999 -9999 228 245 254.5 245.5 242.5 241 238.25 228 231 235.75 225.75 220 209.25 201.5 208.75 223 241.25 255.5 256.25 258.25 259.5 260.5 259.75 259.5 261.75 260.75 261.75 262 262 262 261.25 258.5 260.5 265.75 264.5 263.5 264.75 265.5 265.75 264.25 264.25 263.25 267.25 269.25 269.75 269.75 270.5 271.75 271.5 272.25 272.5 272.75 273
-9999 -9999 -9999 -9999 -9999 -9999 -9999 -9999 -9999 -9999 -9999 -9999 -9999 -9999 -9999 -9999 -9999 -9999 -9999 -9999 -9999 -9999 -9999 -9999 -9999 -9999 -9999 -9999 225.5 216.5 233.5 248.25 235.75 237 242.25 239.75 240 240.75 241.5 231.75 230 231.75 213 208.25 213.5 228.5 253.75 257.75 259.5 260.75 260.75 261 260 261.75 261.75 262 262 262.5 261.25 254.5 256.75 264 265.25 266 265.75 267.25 267 267.25 268 269.25 266.25 268.25 270.25 270.25 270.75 271.25 272 272.75 273 273 272.75 272.75
-9999 -9999 -9999 -9999 -9999 -9999 -9999 -9999 -9999 -9999 -9999 -9999 -9999 -9999 -9999 -9999 -9999 -9999 -9999 -9999 -9999 -9999 -9999 -9999 -9999 -9999 -9999 233 230 222.5 235 234.5 234.75 238.75 239.5 242 241.25 241.25 246.25 247 245.75 245.25 236 235 243 250 256 258.75 259.75 261 261 261.75 262 262.25 263 263 262.5 262.5 255.25 256.75 260.5 259.75 262 261.75 262.75 262.5 266.25 269.75 269.5 270.5 269 270.75 271.5 271 271.25 271.5 271.75 272 272.25 273 272.5 272.75
-9999 -9999 -9999 -9999 -9999 -9999 -9999 -9999 -9999 -9999 -9999 -9999 -9999 -9999 -9999 -9999 -9999 -9999 -9999 -9999 -9999 -9999 -9999 -9999 -9999 -9999 236 236.25 233.5 232 236 223.5 226.75 240.75 242 241 240.5 241.5 245 251.75 252.25 251 251 251 254 256.25 258.25 259.5 260 260.75 260.5 260.75 262 262.25 263 263 261.75 253.75 257.5 260 253.5 255 257.5 256.25 257.25 260.25 263.5 265.75 265.25 267.25 270.5 267.75 265.75 268.25 270.5 271.5 271.5 270.25 271 271.5 271.75 272.25
-9999 -9999 -9999 -9999 -9999 -9999 -9999 -9999 -9999 -9999 -9999 -9999 -9999 -9999 -9999 -9999 -9999 -9999 -9999 -9999 -9999 -9999 -9999 -9999 -9999 -9999 237.5 240 243.25 241.25 235.25 232 235.25 238.5 240.5 240.75 239.75 240 242.5 248.75 252.75 254.5 254 254 255.75 257.25 258.5 260 260 260 259.25 261.25 262 262.25 262.25 262.75 260.5 251.75 258.5 255.75 248.5 250.5 253.75 254.25 258.75 258.5 263.25 262.75 262.25 263.75 267 265.75 261.25 264 264.75 269 269.75 264.75 267 270 271.75 271.75
-9999 -9999 -9999 -9999 -9999 -9999 -9999 -9999 -9999 -9999 -9999 -9999 -9999 -9999 -9999 -9999 -9999 -9999 -9999 -9999 -9999 -9999 -9999 -9999 -9999 -9999 -9999 242.75 242.5 236.75 240.75 236.25 232.5 220.75 233.25 239.75 235.5 237.75 246.25 252 253 254.5 255.5 255.5 256.25 258.25 259 259.5 259.5 259.25 260.5 261.25 262 261.75 257.25 252.75 257 259.75 254.5 249.5 251 248.5 251.25 255 255.25 254.25 259 263.75 256 258.75 264.25 261.75 260.5 259.75 262.75 267.75 267.25 266.75 267.5 269.5 271 270.5
-9999 -9999 -9999 -9999 -9999 -9999 -9999 -9999 -9999 -9999 -9999 -9999 -9999 -9999 -9999 -9999 -9999 -9999 -9999 -9999 -9999 -9999 -9999 -9999 -9999 -9999 -9999 241.75 245.75 243.5 238.75 237 232.75 228 225 236.5 246 251.25 252.75 254.25 255 255.25 256.25 255.5 256.5 258 258 258 258 258.5 260.5 261 261 256.75 241.75 240 245 250.25 249 243.5 248.75 250 247 251.25 253.25 255.5 256.75 265 263 259.5 268 263.5 258 259.25 264 266 261.25 262.75 265 268 268.75 268.75
-9999 -9999 -9999 -9999 -9999 -9999 -9999 -9999 -9999 -9999 -9999 -9999 -9999 -9999 -9999 -9999 -9999 -9999 -9999 -9999 -9999 -9999 -9999 -9999 -9999 -9999 243 243 244.75 245.5 238.5 232.25 230 229.25 236.5 245.5 252.25 253.75 254.25 255 255.5 255.75 256.25 257 257 257.75 257.75 256.75 255.75 258.5 259.75 260 254.5 248.5 240.25 240.25 243.5 243.25 243 242.75 243 248.5 242.75 243.5 249.5 254.25 264.75 266.75 264.75 266.25 268 261.5 260.5 263.75 264.5 261 262.5 266.5 266 266 264.5 265
-9999 -9999 -9999 -9999 -9999 -9999 -9999 -9999 -9999 -9999 -9999 -9999 -9999 -9999 -9999 -9999 -9999 -9999 -9999 -9999 -9999 -9999 -9999 -9999 -9999 -9999 246.5 245 248.5 247 242.5 234.75 229.25 217.25 223.5 233.75 248.75 252.75 253.5 254.75 254.5 255 256 256.25 255.5 257 257.25 257.25 256.5 258 259.25 257.5 244 237.75 241.25 242.25 242.75 243.75 242.75 241.75 242.75 244.5 243.5 237.5 249.25 262.5 267 266.75 267.5 267.75 268 260.25 250 255.25 263.75 266.5 268.5 266.25 266 255.75 263.5 268
-9999 -9999 -9999 -9999 -9999 -9999 -9999 -9999 -9999 -9999 -9999 -9999 -9999 -9999 -9999 -9999 -9999 -9999 -9999 -9999 -9999 -9999 -9999 -9999 -9999 -9999 250.5 249.5 250 248.5 242.5 237.5 229.25 218 209.25 220 237.75 248 250.5 253.5 254.75 255.25 256 254.25 255.5 256.5 255 256.5 257.5 257 253.25 244.75 240 239.25 242 244 243.5 243.75 243.75 244.5 244 243 243.25 239.5 250.5 259.5 260 260.5 261.25 266.25 266.25 254.75 246.5 260.5 267.5 267.75 265.25 259 258.25 260.25 265.5 262.75
-9999 -9999 -9999 -9999 -9999 -9999 -9999 -9999 -9999 -9999 -9999 -9999 -9999 -9999 -9999 -9999 -9999 -9999 -9999 -9999 -9999 -9999 -9999 -9999 -9999 -9999 -9999 252.25 253.5 251 246.75 244.5 236.5 228.25 226.75 231.5 227.5 232.75 242 251.5 253.75 255.5 254.5 251 252.75 255 255.5 256 257 255 245 236 241 243 243.5 243.5 243.5 242.75 242.5 239.75 240 238 238.25 242.25 243.75 250.5 243.25 244 251.25 258 261.75 258.25 254 253.25 259 259 251.75 252.75 258.25 262.5 266.5 258.25
-9999 -9999 -9999 -9999 -9999 -9999 -9999 -9999 -9999 -9999 -9999 -9999 -9999 -9999 -9999 -9999 -9999 -9999 -9999 -9999 -9999 -9999 -9999 -9999 -9999 -9999 254.3333 254.75 255 252 241.75 236 233.75 233.5 234.5 230 213.5 204.75 229.75 247 251 249.5 236 227 236.75 246.25 252.75 256 256.5 246.25 238.25 241.25 242.25 244.75 243.75 242.5 241.5 239.5 242 241.25 238.75 232.5 233.5 242.25 238.5 233.75 229.25 232.5 236 245.75 251 246.25 240 235.5 241 247.75 250.25 262.25 267.5 268.25 266 259.75
-9999 -9999 -9999 -9999 -9999 -9999 -9999 -9999 -9999 -9999 -9999 -9999 -9999 -9999 -9999 -9999 -9999 -9999 -9999 -9999 -9999 -9999 -9999 -9999 -9999 -9999 255 256.75 257 252.5 245.25 231 224.25 221 218.75 212 199.75 197.25 221.5 241.5 234 224 207.75 200.75 206.75 222.75 243.5 252.25 253.75 247.5 241 240.25 243.75 244.5 243 242.25 240.75 239.5 240.75 239.5 236.75 238.75 237.25 234.5 239.75 229 224 224.75 225.25 228 234.75 231.5 227.25 228.5 243.25 256.5 262.75 267.25 268 268.25 261.5 253
-9999 -9999 -9999 -9999 -9999 -9999 -9999 -9999 -9999 -9999 -9999 -9999 -9999 -9999 -9999 -9999 -9999 -9999 -9999 -9999 -9999 -9999 -9999 -9999 -9999 -9999 256 257.5 258 254.75 248 241.25 241.75 242.5 236.75 224.5 203.25 200.25 205.5 222.5 211.75 205.5 204.75 203.5 191.75 215 230 243.25 246.5 243.25 243.75 244 244 243.25 243 242.25 240.5 241 237.75 236 238.5 239.75 231.75 232.5 230.5 238.25 223.25 219 213.5 214.25 215 216.5 225.5 232.25 241.25 250.25 259 265.75 268.25 267.25 256 251.25
-9999 -9999 -9999 -9999 -9999 -9999 -9999 -9999 -9999 -9999 -9999 -9999 -9999 -9999 -9999 -9999 -9999 -9999 -9999 -9999 -9999 -9999 -9999 -9999 -9999 -9999 256 257.75 258 254.75 247 238.25 248.75 252 241.25 230.5 221.25 206.5 206.25 216.75 204.25 216 213.25 213.25 207.5 218.5 229 231.25 239.5 244 242.5 243.75 244.25 244.25 243 242.25 243 240 240 241.75 237.5 233.5 233 226.25 224.75 226.25 228.75 217.5 215 215 215.5 214.5 215 221.5 226.25 241.5 255.25 265.25 267.5 267.25 251.75 251.5
-9999 -9999 -9999 -9999 -9999 -9999 -9999 -9999 -9999 -9999 -9999 -9999 -9999 -9999 -9999 -9999 -9999 -9999 -9999 -9999 -9999 -9999 -9999 -9999 -9999 -9999 -9999 256.5 258 255.75 251 249 256.75 258.25 252 242 218.5 209.5 213.75 218 208.5 222.5 226.5 216 219 222.75 231.25 235.75 235.25 240 242.25 243.5 245.5 244.75 243.25 243.75 242.75 241 239 236.75 238.25 235.25 233.75 227 226.5 226.5 225.5 225 219.25 215.25 216.5 217.5 215.5 217 219 230.5 249 258.75 256.25 262 252.5 247.25
-9999 -9999 -9999 -9999 -9999 -9999 -9999 -9999 -9999 -9999 -9999 -9999 -9999 -9999 -9999 -9999 -9999 -9999 -9999 -9999 -9999 -9999 -9999 -9999 -9999 -9999 -9999 -9999 255.3333 254.5 255 259.5 260 258.25 247.5 225 210.75 221.5 222.75 222.75 220.75 226 232.75 219 220.5 228.5 227 239.75 240.75 241.5 240.75 243.75 244.75 245 245 244.25 241.5 240.25 242 239.25 238 235.5 231 225.5 228 226.25 223.25 225.75 221 219.5 219 222 220 216.75 215.5 218.75 233.75 244.5 238.25 246.75 247 246
-9999 -9999 -9999 -9999 -9999 -9999 -9999 -9999 -9999 -9999 -9999 -9999 -9999 -9999 -9999 -9999 -9999 -9999 -9999 -9999 -9999 -9999 -9999 -9999 -9999 -9999 -9999 -9999 -9999 251 250.75 262 254.5 245.5 234.5 216.5 210.75 216.5 228.75 221 225.25 233.25 236.75 227.25 226.75 230.5 229.75 237.75 243.25 244.5 240.75 242.5 244.5 244.5 244 243 243 244 241 235.25 234.25 234.5 229.75 230 231.5 224.25 221 218.75 227 223.25 222.5 217.25 215.75 214.75 217 216.5 216.25 223.5 225.5 232.75 243.25 239
-9999 -9999 -9999 -9999 -9999 -9999 -9999 -9999 -9999 -9999 -9999 -9999 -9999 -9999 -9999 -9999 -9999 -9999 -9999 -9999 -9999 -9999 -9999 -9999 -9999 -9999 -9999 -9999 -9999 -9999 254.3333 261 248 230.5 216.25 221.5 218 216.75 228.25 227.25 220.75 229.25 239.25 241.75 230.25 236 234.25 238.75 243.25 243.75 241.75 243 244.75 244.25 242 241.75 243.25 242.25 240.25 237.5 233.25 229.75 228.5 234.75 233.5 224.75 222.5 219.75 230.75 229 219.25 217.75 218 213.25 211.75 213.5 213.5 213 216.5 228.25 229.25 229.75
-9999 -9999 -9999 -9999 -9999 -9999 -9999 -9999 -9999 -9999 -9999 -9999 -9999 -9999 -9999 -9999 -9999 -9999 -9999 -9999 -9999 -9999 -9999 -9999 -9999 -9999 -9999 -9999 -9999 -9999 258 260 247.25 233.5 233 243.25 233.5 220 222.75 237 230 227.25 230.5 242 235 238.75 236.5 241 241 243.75 244 245 244.75 243.25 243.5 242.5 243.5 240.5 239.75 238 232.25 227.75 229.75 240.25 237.5 231.75 222.25 221 236 219.5 223.5 220.75 217.5 212.25 216.5 214.75 212.5 211 211.75 216.75 219 220.25
-9999 -9999 -9999 -9999 -9999 -9999 -9999 -9999 -9999 -9999 -9999 -9999 -9999 -9999 -9999 -9999 -9999 -9999 -9999 -9999 -9999 -9999 -9999 -9999 -9999 -9999 -9999 -9999 -9999 -9999 259 256.25 247 245.75 250 249.25 228.25 222.25 227 232 239.25 242.75 246 245.25 242.25 238 240.5 243 245 244.75 244.75 245.5 242 244.75 245.75 244 241.75 243 241.5 238.5 231 230 229 245 248.25 234.25 225.75 235 237.5 220.25 217.5 217.25 217 216.25 219 211.75 212.75 209.5 214 215 212 209.75
-9999 -9999 -9999 -9999 -9999 -9999 -9999 -9999 -9999 -9999 -9999 -9999 -9999 -9999 -9999 -9999 -9999 -9999 -9999 -9999 -9999 -9999 -9999 -9999 -9999 -9999 -9999 -9999 -9999 -9999 -9999 259.75 255.75 255 250.75 237.5 234.25 226.25 229.25 228.5 227 229.25 241 249 245.75 242.25 246.25 248 246.25 246.75 246.5 246.75 246.5 248 245 244.25 242.25 240.75 237.5 236.25 240.75 245.25 246.5 251 250.5 249.5 245.5 239 224.25 219.75 220.25 222.75 224 221.25 217.25 216.5 215.25 215.25 216.25 211.5 211 209.25
-9999 -9999 -9999 -9999 -9999 -9999 -9999 -9999 -9999 -9999 -9999 -9999 -9999 -9999 -9999 -9999 -9999 -9999 -9999 -9999 -9999 -9999 -9999 -9999 -9999 -9999 -9999 -9999 -9999 -9999 -9999 260 257.75 250.75 242.5 244.75 245.75 230.25 227.25 231.5 232.25 230.5 237 245.75 250 247 247 248.75 248.25 248.25 250 250.5 251 248 246 244 248.25 244 245.5 250.5 249.25 243.75 241.25 231.75 230 234.5 228 223.5 221.75 221.5 231 219.25 223 224.25 217 213 211 224.5 220.75 217 211.75 218
-9999 -9999 -9999 -9999 -9999 -9999 -9999 -9999 -9999 -9999 -9999 -9999 -9999 -9999 -9999 -9999 -9999 -9999 -9999 -9999 -9999 -9999 -9999 -9999 -9999 -9999 -9999 -9999 -9999 -9999 -9999 261 257.5 256.75 252.25 255.25 247.5 238.25 234.25 233.75 235.5 235.75 239 243.5 253.25 252.5 247.75 248 248.5 251.25 253 250.75 248 246.5 251.5 247.5 249.5 248 249.75 246.75 238.5 232.5 226 224.25 222.5 222.5 218.75 225.75 229.25 231 235.25 222 218 224 221.25 213.75 216 227 218 211.25 209.5 233.5
-9999 -9999 -9999 -9999 -9999 -9999 -9999 -9999 -9999 -9999 -9999 -9999 -9999 -9999 -9999 -9999 -9999 -9999 -9999 -9999 -9999 -9999 -9999 -9999 -9999 -9999 -9999 -9999 -9999 -9999 -9999 -9999 262 263.75 259.75 255.25 248.25 249.5 246.5 235.5 240 242 242 242.25 253.5 251.25 250 250 248.75 252 254 250.75 251 251.75 249.75 251.25 250.25 251 247.75 242.25 235 231 230.75 230.5 230.5 224.75 214.75 219.75 241 234 227 220.5 224.25 223 234.5 220 226.25 229 222 214.75 209 218.5
-9999 -9999 -9999 -9999 -9999 -9999 -9999 -9999 -9999 -9999 -9999 -9999 -9999 -9999 -9999 -9999 -9999 -9999 -9999 -9999 -9999 -9999 -9999 -9999 -9999 -9999 -9999 -9999 -9999 -9999 -9999 -9999 -9999 263.6667 262 253.75 253 251.5 244.5 239.25 242 242.75 244.75 246.5 253 251 251.5 251.5 249.75 252 254.25 253.5 253.75 250.5 251 249.25 244.75 245.75 244.5 236.5 233.25 233.25 233.25 233.5 229.25 222.75 217.5 218.25 239.75 239 236 234.5 226.25 220.75 235.25 233.25 234 220.5 228 228.5 212.5 217.25
-9999 -9999 -9999 -9999 -9999 -9999 -9999 -9999 -9999 -9999 -9999 -9999 -9999 -9999 -9999 -9999 -9999 -9999 -9999 -9999 -9999 -9999 -9999 -9999 -9999 -9999 -9999 -9999 -9999 -9999 -9999 -9999 -9999 262.5 262.25 256.75 253 252.25 248.5 242.5 243 248.25 247.5 249 252.75 253 253.5 251 253.25 254.75 254 253.5 252 250.75 249.5 246.5 242.75 241 237 234.25 234.75 237 233.5 229.75 226.25 225.75 221.25 223.5 231.75 241 231.5 223.5 223.5 230.5 237.75 239.75 225.75 216.5 229 246 236 238.5
-9999 -9999 -9999 -9999 -9999 -9999 -9999 -9999 -9999 -9999 -9999 -9999 -9999 -9999 -9999 -9999 -9999 -9999 -9999 -9999 -9999 -9999 -9999 -9999 -9999 -9999 -9999 -9999 -9999 -9999 -9999 -9999 -9999 -9999 264.25 260.5 256.5 253.5 253.25 245.25 240.75 244.75 249.25 251.5 251.25 254.75 251.75 249.25 254 256.75 253.25 249.5 250.5 250 249.5 244.75 243 242.25 241.25 240.5 239.25 236.25 232.5 235 231.25 227.25 224 232 244 239.75 224 222 233.5 242.25 235 232.5 230.5 224.5 227.5 250.5 253.25 253.75
-9999 -9999 -9999 -9999 -9999 -9999 -9999 -9999 -9999 -9999 -9999 -9999 -9999 -9999 -9999 -9999 -9999 -9999 -9999 -9999 -9999 -9999 -9999 -9999 -9999 -9999 -9999 -9999 -9999 -9999 -9999 -9999 -9999 -9999 261.75 263.25 259 257.75 251.75 245.5 241.5 243.25 246.75 249.75 254.5 256.5 249.75 249 253.5 256.5 254.75 252.75 253.25 250.75 247.5 245.5 242 244.5 243.5 242 238.25 236.25 241 237.5 229.75 228.25 227 240.5 248 234.75 225 234 243 248.5 232.75 232 242 235.75 241.5 252.75 260.5 252.75
