LSCAM_InData/LSCAM_InData/annualmeantemp_aggr_cambodia.asc
ncols         292
nrows         251
xllcorner     800180
yllcorner     -2175230
cellsize      2000
NODATA_value  -9999
[rows 72 to 107 of 251, columns 0 to 81 of 292]
-9999 -9999 -9999 -9999 -9999 -9999 -9999 -9999 -9999 -9999 -9999 -9999 -9999 -9999 -9999 -9999 -9999 -9999 -9999 -9999 -9999 -9999 275.6667 275.75 276 276 276 276 276 276 276 276 276 276 276 276 276 276 276 276 275.75 276 275.25 275.5 276 276 276 276 276 276 275.25 275 275 274.5 274 274.75 275 275 275 275 274 274.25 274 274 274 274 274 274 273.25 273.25 273 273 273 273 273 272 271.5 270.25 264.75 267.5 270.25 270
-9999 -9999 -9999 -9999 -9999 -9999 -9999 -9999 -9999 -9999 -9999 -9999 -9999 -9999 -9999 -9999 -9999 -9999 -9999 -9999 -9999 -9999 275 275 275.25 275.75 275.5 276 276 276 276 276 276 276 276 276 276 276 276 276 275.75 275.75 275.25 275.75 276 276 276 276 276 276 275.75 275 275 274.75 274.5 275 275 275 275 274.75 274.75 274.75 274.25 274 274 274 274 274 274 273 273 273 273 273 272.25 272 271.5 270.5 266.5 270 270.5 270
-9999 -9999 -9999 -9999 -9999 -9999 -9999 -9999 -9999 -9999 -9999 -9999 -9999 -9999 -9999 -9999 -9999 -9999 -9999 -9999 -9999 276 275.5 275 275 274.5 274.75 275.5 276 276 276.25 277 276.25 276 276 276 276 276 276 276 276 275.75 275.75 275.75 276 276 276 276 276 276 276 275 275 275 275 275 275 274.25 274.5 275 275 275 274.5 274 274 274 274 274 273.25 273 273 273 273 273 272.25 272 271.5 271 270.5 269 270 269
-9999 -9999 -9999 -9999 -9999 -9999 -9999 -9999 -9999 -9999 -9999 -9999 -9999 -9999 -9999 -9999 -9999 -9999 -9999 -9999 -9999 276 276 275.75 275 274.25 274.25 275.5 276 276 276.5 277 277 276.25 276 276 276 276 276 276 276 276 276 276 276 276 276 276 276 275.5 275.25 275 275 275 275 275 275 274.75 275 275 275 274.75 274 274 274 274 274 274 274 273 273 273 273 272.5 272.25 272 272 272 271 269 266 264.75
-9999 -9999 -9999 -9999 -9999 -9999 -9999 -9999 -9999 -9999 -9999 -9999 -9999 -9999 -9999 -9999 -9999 -9999 -9999 -9999 276 276.5 276.5 276 276 275.75 275.5 275.5 275.5 275 275.25 276.75 277 277 276.5 276 276 276 276 276 276 276 276 276 276 276 276 275 275.75 275 275 275 275 275 274.25 275 275 275 275 275 274.75 275 274.25 274 274 274 274 273.25 273.5 273 273 273 273 273 272.75 272 272 271.75 271 270.75 269 265.5
-9999 -9999 -9999 -9999 -9999 -9999 -9999 -9999 -9999 -9999 -9999 -9999 -9999 -9999 -9999 -9999 -9999 -9999 -9999 -9999 277 277 277 276.75 276 276.25 276 276.5 276 276.25 276.25 277 277 277 277 276.75 276.25 276 276 276 276 276 276 275.75 275.5 276 275.25 275.5 275.25 275 275 275 275 275 275 275 275 275 275 275 275 274.75 274 274 274 274 273.75 274 274 273 273 273 273 273 273 272.5 272 272 271.5 271 270.5 268.75
-9999 -9999 -9999 -9999 -9999 -9999 -9999 -9999 -9999 -9999 -9999 -9999 -9999 -9999 -9999 -9999 -9999 -9999 -9999 277 277 277 277 277 276.5 276.75 277 277 277 277 277 277 277 277 277 276.75 276.75 276 276 276 276 276 276 276 276 276 276 276 275.25 275 275 275 275 275 275 275 275 275 275 275 274.5 274 274 274 274 274 274 274 273.25 273 273 273 273 273 273 272.5 272 272 271.75 271 270 270
-9999 -9999 -9999 -9999 -9999 -9999 -9999 -9999 -9999 -9999 -9999 -9999 -9999 -9999 -9999 -9999 -9999 277 277 277 276.75 276.25 276 276.25 277 277 277 277 277 277 277 277 277 277 277 276 276 276 276.5 276.5 276 276 276 276 276 276 276 276 275.5 275 275 275.25 275 275 275 275 275 274.75 275 274.75 274 274 274 274 274 274 274 274 273 273 273 273 273 273 273 273 272 272 272 271 271 270.75
-9999 -9999 -9999 -9999 -9999 -9999 -9999 -9999 -9999 -9999 -9999 -9999 -9999 -9999 -9999 276 276.5 277 277 277 276.75 276.5 276.5 276 276.75 277 277 277 277 277 277 277 277 277 277 276 276 276.25 277 276.5 276 276 276 275.5 275.25 275.5 276 275.75 275 275.5 275.75 276 276 275.25 275 275 275 275 275 275 274 274 274 274 274 274 274 274 273 273 273 273 273 273 273 273 272.25 272 272 271.75 271 271
-9999 -9999 -9999 -9999 -9999 -9999 -9999 -9999 -9999 -9999 -9999 -9999 -9999 -9999 275.75 276 276.5 277 277 277 277 277 277 276.75 277 277 277 277 277 277 277 277 277 277 276.25 276 276 277 277 277 276 276 276 275.75 274 275 275.5 275 275.5 276 276 276 275.5 275 275 275 275 275 275 274.25 274 274 274 274 274 274 273.75 273.25 273 273 273 273 273 273 273 273 272.5 272 272 272 271.75 271
-9999 -9999 -9999 -9999 -9999 -9999 -9999 -9999 -9999 -9999 -9999 -9999 276.5 276 276 276 276.5 277 277 277 277 277 277 277 277 277 277 277 277 277 277 277 277 277 277 277 277 276.25 276.25 276.5 276 276 276 276 275 275.25 276 275.25 275 276 276 275.75 275 275 275 275 275 274.75 274.75 274 274 274 274 274 274 274 273.25 273 273 273 273 273 273 273 273 273 272.5 272 272 272 271.5 271
-9999 -9999 -9999 -9999 -9999 -9999 -9999 -9999 -9999 -9999 -9999 -9999 277 277 276.5 276.25 276.75 277 277 277 277 277 277 277 277 277 277 277 277 277 277 277 277 276.75 277 277 277 276 276 276 276 276 276 276 275 275.5 275.25 275 275 276 276 276 275 275 275 275 275 274.25 274 274 274 274 274 274 274 274 273.75 273 273 273 273 273 273 273 273 273 273 272 272 272 271.75 271.25
-9999 -9999 -9999 -9999 -9999 -9999 -9999 -9999 -9999 -9999 -9999 277 277 277 277 277 277 277 277 277 277 277 277 277 277 277 277 277 277 277 277 277 276.5 275.75 277 277 277 276.25 276 276 276 276 276 276 275.75 275.5 275.5 275.5 275.25 276 276 275.25 275 275 274.75 275 274.75 274 274 274 274 274 274 274 274 274 274 273 273.25 273 273 273 273 273 273 273 272.25 272 272 272 271.25 271.5
-9999 -9999 -9999 -9999 -9999 -9999 -9999 -9999 -9999 -9999 -9999 -9999 -9999 277 277 277 277 277 277 277 277 277 277 277 277 277 277 277 277 277 277 277 276.5 275 276.75 277 276.75 277 276 276 276 276 276 276 276 276 276 276 276 276 276 275 275 274.75 275 274.75 274.5 274.5 274 274 274 274 274 274 274 274 274 273 273 273 273.25 273 273 273 273 272.75 272 272 272 272 272 272
-9999 -9999 -9999 -9999 -9999 -9999 -9999 -9999 -9999 -9999 -9999 -9999 -9999 -9999 -9999 277 277 277 277 277 276.75 277 277 277 277 277 277 277 277 277 277 277 276.25 275.5 275.75 276.75 277 277 276 276 276 276 276 276 276 276 276 276 276 276 275.25 275 275 275 275 275 275 275 274.5 274 274 274 274 274 274 274 274 274 273 273 273 273 273 273 273 272.75 272 272 272 272 272 272
-9999 -9999 -9999 -9999 -9999 -9999 -9999 -9999 -9999 -9999 -9999 -9999 -9999 276 276.5 276.5 277 277 277 277 277 276.75 277 276.75 277 277 277 277 277 277 277 277 276.75 276.25 276.25 277 277 276.75 276 276 276 276 276 276 276 276 276 276 275.75 275 275 275 275 275 275 275 275 275 274.5 274.25 274 274 274 274 274 274 274 274 273.25 273.5 273 273 273 273 273 273 272 272 272 272 272 272
-9999 -9999 -9999 -9999 -9999 -9999 -9999 -9999 -9999 -9999 -9999 -9999 276 276 276 276 277 276.75 277 277 277 276.75 277 277 277 277 277 277 277 277 277 277 277 276.5 277 277 276.75 276 276 276 276 276 276 276 276 275.5 275 276 275.5 275 275 275 275 275 275 275 275 275 274.5 274.5 274 274 274 274 274 274 274 274 273.5 273.5 273 273 273 273 273 273 272.5 272 272 272 272 272
-9999 -9999 -9999 -9999 -9999 -9999 -9999 -9999 275 275 275 275.5 276 276 276 276 276 276.25 276.5 277 277 277 277 277 277 277 277 277 277 277 277 276.75 277 277 276.25 276.25 276.5 276.25 276 276 276 276 276 276 276 276 275.25 275.75 275.5 275 275 275 275 275 275 275 275 275 274.25 274 274.5 274 274 274 274 274 274 274 274 273.25 273 273 273 273 273 273 272.75 272 272.25 272 272 272
-9999 273 273.25 274 274 274 274 274 274 274.25 274 274.75 275.25 275.5 276 276 276 276 276.75 277 277 276.5 277 277 277 277 277 277 277 277 277 277 277 276.5 276 276 276 276 275.75 276 276 276 276 276 276 276 275.25 275 275 275 275 275 275 275 275 274.75 274.5 274.75 274 274.25 274.5 274 274 274 274 274 274 274 273.75 273.5 273 273 273 273 273 273 273 272.75 271.75 272 272 272
272.3333 272.25 271.75 270.75 273.25 273.75 273.5 273.75 273 273 273.75 274 274.5 275 275 275.25 276 276 276 276 276.25 277 277 277 276.75 277 277 277 277 276.25 276.5 276.5 276 276 276 276 276 276 276 275.75 275.75 276 276 276 276 275.5 275.5 275 275 275 275 275 275 275 275 275 275 274.75 274.25 274.5 274 274 274 274 274 274 274 274 273.5 273 273 273 273 273 273 273 272.75 273 272 271.5 272 272
-9999 271.6667 271.25 272 273 273 272.5 270.25 270.5 269.75 272.75 273.5 274 275 275 275 275 275.25 276 276 276 276 276.25 276 276 276.75 277 277 276.25 276.25 276 276 276 276 276 276 276 276 276 276 276 276 276 276 276 275.25 275 275 275 275 275 275 275 275 275 275 275 275 274.75 274.25 274 274 274 274 274 274 273.75 274 273 273 273 273 273 273 273 273 273 272.5 272 272 272 272
-9999 -9999 271.5 272.25 272 272.75 272 268.5 271 272 273.25 273.75 274 274 274.5 275 275 275.5 275.75 276 276 276 276 276 276.5 276.25 276.75 276.25 276 276 276 276 276 276 276 276 276 276 276 276 276 276 276 276 276 275.5 275 275 275 275 275 275 275 275 275 274.75 274.5 274.75 274.75 274.5 274 274 274 274 274 274 274 273.5 273 273 273 273 273 273 273 273 273 272.5 272 272 272 272
-9999 -9999 270.25 270.5 270.5 268.75 270.5 270.5 271.75 272.25 273 273.25 273.75 274 274 274.75 275 275.5 275.5 275.5 276 276 276 276 276 276 276 276 276 276 276 276 276 276 276 276 276 276 276 276 276 276 275.75 276 276 275.75 275.25 275.75 275 275 275 275 275 275 275 275 274.5 274.5 274.25 274 274 274 274 274 274 274 274 274 273 273 273 273 273 273 273 273 273 273 272 272 272 272
-9999 -9999 269 268.75 269.5 270.25 270.75 271 271.25 272 272.5 273.25 273.25 273.75 274 274.5 275 275 275 275.25 275.75 276 276 276 276 276 276 276 276 276 276 276 276 276 276 276 276 276 276 276 276 275.75 275.75 276 276 275.5 275.5 275.25 275.25 275 275 275 275 275 275 274.75 274 274 274 274 274 274 274 274 274 274 274 274 273.5 273 273 273 273 273 273 273 273 273 272.75 272.25 272 272
-9999 -9999 268.75 269.25 269.5 269.25 269.75 270.75 271 271.75 272 272.5 273 273.75 274 274 274.75 275 275 275 275.25 275.5 276 276 275.5 276 276 276 276 276 276 276 276 275.5 276 276 276 276 276 276 276 276 276 276 276 275.5 275 275 275 275 275 275 275 275 275 274.5 274.5 274 274 274 274 274 274 274 274 273.75 274 274 274 273 273 273 273 273 273 273 273 273 272.75 272 272 272
-9999 -9999 268.25 268.5 269.5 269.5 269.5 270.5 271 271.5 271.25 271.75 272.75 273 274 274 274.75 275 275 275 275 275 275 275 275.5 275.25 275.75 276 276 276 276 276 276 275.5 275.75 275.75 276 276 276 276 276 276 276 275.75 275.5 275.25 275 275 275 275 275 274.75 275 274.5 274 274 274.25 274.75 274 274 274 274 274 274 274 274 274 274 274 273.5 273 273 273 273 273 273 273 273 273 272.25 272 272
-9999 -9999 267 267.25 268.75 269.25 269.5 269.5 270 270.25 270 270.25 272 273 273 274 274 275 275 275 275 275 275 275 275 275.5 276 276 276 276 276 275.5 275.5 275.75 275.5 276 276 276 276 275.5 275.5 275 275 275 275 275 275.25 275 275 275 275 275 274.25 274 274 274.25 274 274 274 274 274 274 274 274 274 274 274 273.5 273.5 273.5 273.75 273.5 273 273 273 273 273 273 273 272.75 272 272
-9999 -9999 266.25 266 269.5 269.25 268.75 269.25 269.75 271 271 270.75 271 272.5 273 273.5 274 274 274.5 275 275 275 275 275 275 275 275.25 275.5 275.25 275.5 275.5 275.5 275.25 275.75 275.75 275.25 275.5 275.25 275.75 275.25 275 275 275 275 275 275 275 275 275 275 275 275 275 274.25 274.25 274.25 274 274 274 274 274 274 274 274 274 274 274 274 273.5 273 273.5 274 273.25 273 273 273 273 273 273 272.75 273 273
-9999 -9999 263.5 263 269 270 268.75 267.25 268.25 269.5 271 271.5 271.5 271.75 272.25 272.75 273 274 274.25 274.5 274.5 274.25 274.75 275 275 275 275 275 275 275 275 275 275 275 275 275 275 275 275 275 275 275 275 275 275 275 275 275 275 275 275 275 275 274.5 274.25 274.25 274.5 274.75 274.25 274 274 274 274 274 274 274 274 274 273.25 273 273.5 274 274 273.25 273 273 273 273.25 273 273 273 273
-9999 -9999 264.25 261.5 268.25 269.75 270.5 269.25 268.5 270 270 271 271.25 272 272 272 272.75 273.75 274 274 274 274 274.5 274.5 274.75 275 275 275 275 275 275 275 275 275 275 275 275 275 275 275 275 275 275 275 275 275 275 275 275 275 275 275 275 274.25 274.25 275 275 274.5 274 274 274 274 274 274 274 274 274 274 273.5 273.5 273.5 273.75 274 273.25 273 273 273.5 273.25 273.25 273.5 273 273
-9999 -9999 264.25 264.25 266.5 269 270.25 270.75 271 271 271 271.5 271.5 271.25 272 271.5 271.75 273 273.75 274 274 274 274 274 274.75 275 275 275 275 275 275 275 275 275 275 275 275 275 275 275 275 275 275 275 275 275 275 275 275 275 275 275 275 274.5 275 274.25 274.75 274.25 274 274 274 274 274 274 274 274 274 274 273.75 274 273.25 273 273.25 273 273 273 273.25 273 273 273 273 273
-9999 -9999 264.5 263.25 265.25 267 269.75 270.25 270 271 271.75 272 271.5 272 272 272 272.25 273 273 273.75 274 274 274 274 274.25 275 275 275 275 275 275 275 274.75 275 275 275 275 275 275 275 275 275 275 275 275 275 275 275 275 275 275 275 275 275 275 274.5 274 274 274 274 274.25 274 274 274 274 274 274 273.5 273.5 273.75 273.5 273 273 273 273 272.75 272.75 273 273 273 273 273
-9999 -9999 262.5 263 265 264.75 266.75 269.25 270.25 270.75 271.25 271.5 271.75 271.75 272.25 272.75 272.75 273 273.25 273.25 274 274 274 274 274 274.25 274.5 274.5 274.5 274.25 274 274.75 275 275 275 275 275 275 275 275 275 275 275 275 275 275 275 275 275 275 275 275 275 275 275 274.5 274.25 274 274 274.25 274 274 274 274 274 274 273.75 273 273.25 274 274 273.5 273 273 273 273 273 273 273 273 273 273
-9999 -9999 263.75 265.25 267 265.5 265.25 266 269 270.25 270.5 271 271 271.75 271.75 272 272.75 273 273 273 273 273.5 274 274 274.25 274.75 274.25 274 274 274 274 274 274.5 275 275 275 275 275 275 275 275 275 275 275 275 275 275 275 275 275 275 275 275 275 275 275 275 275 274 274 274 274 274 274 274 274 274 273.75 273.25 273 273.25 273.5 273 273 273.25 273 273 273 273 273 273 273
-9999 -9999 -9999 268.75 268 267.5 266.5 265.75 266.75 269.5 270.5 271 271 271.25 271.25 271.25 272.5 272 272 272.5 273 273 273.25 274 274 274 274 274.25 274 274 274.25 274 274.75 274 275 275 274.75 275 275 275 275 275 275 275 275 275 275 275 275 275 275 275 274.75 275 275 275 275 274.75 274 274 274 274 274 274 274 274 274 274 274 274 273.75 273.25 273.25 273.25 273.75 274 273.25 273 273 273 273 273
-9999 -9999 -9999 269 268.75 267.75 267.25 267.75 266.75 269 269.75 270 271 270.5 271 271.5 271.75 271.75 271.75 271.75 272.25 273 273 273.5 274 274 274 274 274 274 274 274.25 274.5 274.25 274.75 275 274.5 275 275 275 275 275 275 275 275 275 275 275 275 275 275 275 274.25 274.5 274.5 274.25 274.5 274.25 274 274 274 274 274 274 274 274 274 274 274 274 274 273 273 273.75 274 273.75 273.5 273 273.5 273.5 273.25 273
