LSCAM_InData/LSCAM_InData/bombs_cambodia.asc
ncols         292
nrows         251
xllcorner     800180
yllcorner     -2175230
cellsize      2000
NODATA_value  -9999
[rows 31 to 61 of 251, columns 138 to 206 of 292]
-9999 -9999 -9999 -9999 -9999 -9999 -9999 -9999 -9999 -9999 -9999 -9999 -9999 -9999 -9999 -9999 -9999 -9999 -9999 -9999 -9999 -9999 -9999 -9999 -9999 -9999 -9999 -9999 -9999 -9999 -9999 -9999 -9999 -9999 -9999 -9999 -9999 -9999 -9999 -9999 -9999 -9999 -9999 -9999 -9999 -9999 -9999 -9999 -9999 -9999 -9999 -9999 -9999 -9999 -9999 -9999 -9999 -9999 210.6653 159.7841 156.5622 185.4135 205.3232 212.1597 217.7524 204.8549 157.9831 147.7008 378.6511
-9999 -9999 -9999 -9999 -9999 -9999 -9999 -9999 -9999 -9999 -9999 -9999 -9999 -9999 -9999 -9999 -9999 -9999 -9999 -9999 -9999 -9999 -9999 -9999 -9999 -9999 -9999 -9999 -9999 -9999 -9999 -9999 -9999 -9999 -9999 -9999 -9999 -9999 -9999 -9999 -9999 -9999 -9999 -9999 -9999 -9999 -9999 -9999 -9999 -9999 -9999 -9999 -9999 -9999 -9999 -9999 -9999 -9999 -9999 139.2427 151.1778 195.9098 218.5688 221.028 227.3718 209.4325 163.8439 128.092 262.9518
2.455379 3.753878 -9999 -9999 -9999 -9999 -9999 -9999 -9999 -9999 -9999 -9999 -9999 -9999 -9999 -9999 -9999 -9999 -9999 -9999 -9999 -9999 -9999 -9999 -9999 -9999 -9999 -9999 -9999 -9999 -9999 -9999 -9999 -9999 -9999 -9999 -9999 -9999 -9999 -9999 -9999 -9999 -9999 -9999 -9999 -9999 -9999 -9999 -9999 -9999 -9999 -9999 -9999 -9999 -9999 -9999 -9999 -9999 -9999 128.7182 157.897 193.8197 213.6704 221.8356 206.9696 199.8544 168.435 150.637 132.0633
16.04282 14.09702 -9999 -9999 -9999 -9999 -9999 -9999 -9999 -9999 -9999 -9999 0 0 -9999 -9999 -9999 -9999 -9999 -9999 -9999 -9999 -9999 -9999 -9999 -9999 -9999 -9999 -9999 -9999 -9999 -9999 -9999 -9999 -9999 -9999 -9999 -9999 -9999 -9999 -9999 -9999 -9999 -9999 -9999 -9999 -9999 -9999 -9999 -9999 -9999 -9999 -9999 -9999 -9999 -9999 -9999 -9999 -9999 128.7182 155.7631 182.606 207.7226 210.482 195.5222 166.8181 144.9624 145.5794 111.2955
16.04282 16.04282 -9999 -9999 -9999 -9999 -9999 -9999 -9999 -9999 -9999 -9999 0 0 -9999 -9999 -9999 -9999 -9999 -9999 -9999 -9999 -9999 -9999 -9999 -9999 -9999 -9999 -9999 -9999 -9999 -9999 -9999 -9999 -9999 -9999 -9999 -9999 -9999 -9999 -9999 -9999 -9999 -9999 -9999 -9999 -9999 -9999 -9999 -9999 -9999 -9999 -9999 -9999 -9999 -9999 -9999 -9999 -9999 120.6324 130.5056 150.9488 157.2059 170.8874 183.8873 152.7397 132.4136 122.5216 97.90416
16.04282 16.04282 -9999 -9999 -9999 -9999 -9999 -9999 -9999 -9999 -9999 7.546074 0 0 0 -9999 -9999 -9999 -9999 -9999 -9999 -9999 -9999 -9999 -9999 -9999 -9999 -9999 -9999 -9999 -9999 -9999 -9999 -9999 -9999 -9999 -9999 -9999 -9999 -9999 -9999 -9999 -9999 -9999 -9999 -9999 -9999 -9999 -9999 -9999 -9999 -9999 -9999 -9999 -9999 -9999 -9999 -9999 -9999 -9999 111.6125 133.0396 133.5055 124.7595 93.11217 88.25305 103.0118 98.89779 130.6972
16.04282 16.04282 16.04282 -9999 -9999 -9999 -9999 -9999 -9999 -9999 -9999 0 0 22.67334 53.30491 84.56506 -9999 -9999 -9999 -9999 -9999 -9999 -9999 -9999 -9999 -9999 -9999 -9999 -9999 -9999 -9999 -9999 -9999 -9999 -9999 -9999 -9999 -9999 -9999 -9999 -9999 -9999 -9999 -9999 -9999 -9999 -9999 -9999 -9999 -9999 -9999 -9999 -9999 -9999 -9999 -9999 -9999 -9999 -9999 -9999 -9999 -9999 -9999 90.19855 80.82525 84.33256 104.0883 120.8979 251.4735
16.04282 16.04282 16.04282 16.04282 -9999 -9999 -9999 -9999 -9999 -9999 -9999 0 9.025681 58.85387 96.33086 102.3048 -9999 -9999 -9999 -9999 -9999 -9999 -9999 -9999 -9999 -9999 -9999 -9999 -9999 -9999 -9999 -9999 -9999 -9999 -9999 -9999 -9999 -9999 -9999 -9999 -9999 -9999 -9999 -9999 -9999 -9999 -9999 -9999 -9999 -9999 -9999 -9999 -9999 -9999 -9999 -9999 -9999 -9999 -9999 -9999 -9999 -9999 -9999 -9999 97.83984 117.5709 157.9135 194.881 423.6034
16.04282 16.04282 16.04282 16.04282 -9999 -9999 -9999 -9999 -9999 -9999 -9999 15.30914 47.58566 94.8741 102.3048 102.3048 -9999 -9999 -9999 -9999 -9999 -9999 -9999 -9999 -9999 -9999 -9999 -9999 -9999 -9999 -9999 -9999 -9999 -9999 -9999 -9999 -9999 -9999 -9999 -9999 -9999 -9999 -9999 -9999 -9999 -9999 -9999 -9999 -9999 -9999 -9999 -9999 -9999 -9999 -9999 -9999 -9999 -9999 -9999 -9999 -9999 -9999 -9999 -9999 141.2522 179.9963 209.7827 305.5452 494.4789
16.04282 16.04282 16.04282 16.04282 -9999 -9999 -9999 -9999 -9999 -9999 45.13322 42.73146 90.93848 131.8971 115.1534 102.3589 102.3672 -9999 -9999 -9999 -9999 -9999 -9999 -9999 -9999 -9999 -9999 -9999 -9999 -9999 -9999 -9999 -9999 -9999 -9999 -9999 -9999 -9999 -9999 -9999 -9999 -9999 -9999 -9999 -9999 -9999 -9999 -9999 -9999 -9999 -9999 -9999 -9999 -9999 -9999 -9999 -9999 -9999 -9999 -9999 -9999 -9999 -9999 -9999 119.8869 185.8337 214.7344 325.8532 509.5201
97.25361 155.4335 213.6135 210.2135 150.8814 120.0982 -9999 -9999 38.19719 38.19719 38.19719 51.25805 97.62232 140.5533 128.4963 102.3844 102.3844 102.3844 -9999 -9999 -9999 -9999 -9999 -9999 -9999 -9999 -9999 -9999 -9999 -9999 -9999 -9999 -9999 -9999 -9999 -9999 -9999 -9999 -9999 -9999 -9999 -9999 -9999 -9999 -9999 -9999 -9999 -9999 -9999 -9999 -9999 -9999 -9999 -9999 -9999 -9999 -9999 -9999 -9999 -9999 -9999 -9999 -9999 -9999 -9999 172.9409 205.0669 373.7366 491.5643
589.0006 587.6477 583.4846 523.3807 381.566 246.2801 183.7921 38.19719 38.19719 38.19719 38.19719 47.4266 91.0511 140.5816 137.1026 123.0241 102.3844 102.3844 -9999 -9999 -9999 -9999 -9999 -9999 -9999 -9999 -9999 -9999 -9999 -9999 -9999 -9999 -9999 211.9038 402.3439 594.9948 -9999 -9999 -9999 -9999 -9999 -9999 -9999 -9999 -9999 -9999 -9999 -9999 -9999 -9999 -9999 -9999 -9999 -9999 -9999 -9999 -9999 -9999 -9999 -9999 -9999 -9999 -9999 -9999 -9999 -9999 241.9651 411.858 513.3086
586.7585 582.1215 572.9578 572.9578 542.9829 432.7952 253.3214 38.19719 38.19719 38.19719 38.19719 43.59616 84.48708 140.5816 140.5816 136.718 102.3844 102.3844 102.3844 102.3844 102.0307 -9999 -9999 -9999 -9999 -9999 -9999 -9999 -9999 -9999 -9999 -9999 294.2627 265.8943 522.1606 684.1887 710.3353 885.6829 -9999 1328.779 -9999 -9999 -9999 -9999 -9999 -9999 -9999 -9999 -9999 -9999 -9999 -9999 -9999 -9999 -9999 -9999 -9999 -9999 -9999 -9999 -9999 -9999 -9999 -9999 -9999 -9999 -9999 -9999 526.4281
572.9578 572.9578 572.9578 572.9578 572.9578 545.0046 299.3186 247.3992 38.19719 38.19719 38.19719 39.75141 77.15648 110.8083 140.5816 140.5816 102.8435 102.3844 102.3844 102.3844 90.42723 47.86822 -9999 -9999 -9999 -9999 -9999 -9999 -9999 -9999 391.419 378.3414 365.0395 384.5442 621.0312 812.304 941.0511 1048.856 -9999 1504.854 2681.385 -9999 4195.385 4061.634 3918.893 -9999 -9999 -9999 -9999 -9999 -9999 -9999 -9999 -9999 -9999 -9999 -9999 -9999 -9999 -9999 -9999 -9999 -9999 -9999 -9999 -9999 -9999 -9999 648.6054
572.9578 574.5449 621.128 572.9578 572.9578 572.1012 307.5709 305.5775 45.89065 38.19719 38.19719 38.19719 60.41843 74.45352 101.0373 112.9261 103.3497 102.3844 102.3844 93.59477 38.61127 4.517891 0.008550689 -9999 -9999 -9999 263.1002 299.6983 377.061 444.1562 515.3198 470.6112 454.5765 453.633 649.1401 1001.764 1109.482 1099.158 1106.285 1904.528 3273.11 4045.924 4139.981 4032.921 3971.41 3672.861 3554.374 -9999 -9999 -9999 -9999 -9999 -9999 -9999 -9999 -9999 -9999 -9999 -9999 -9999 -9999 -9999 -9999 -9999 -9999 -9999 -9999 -9999 782.7135
592.0839 607.8548 712.9846 643.8643 652.5523 667.5881 346.6385 305.5775 73.07168 38.19719 38.19719 38.19719 38.26296 54.6114 71.71316 62.28978 52.04128 45.32488 38.60849 8.639415 0.07957747 3.814047 21.27468 50.67554 107.9283 247.1374 351.5391 413.325 422.2085 478.0071 638.9822 787.5449 948.7435 984.9494 768.4474 918.1782 1175.346 1174.454 1221.076 2069.422 3267.943 3926.13 4073.169 3984.008 3852.455 3690.779 -9999 -9999 -9999 -9999 -9999 -9999 -9999 -9999 -9999 -9999 -9999 -9999 -9999 -9999 -9999 -9999 -9999 -9999 -9999 -9999 685.8424 694.7725 713.3442
700.9479 719.3804 719.3804 719.3804 719.3804 719.3804 456.5553 148.6463 41.04956 38.19719 38.19719 38.19719 38.23381 38.26611 34.32828 16.17613 8.432053 4.525119 0.6181852 0.07957747 2.223674 23.34534 58.22561 72.33512 193.5935 317.2206 339.7328 390.6112 647.0377 982.71 1157.716 1399.539 1655.295 1652.03 1329.53 1099.144 1080.299 1095.753 1212.854 1935.194 2888.001 3573.365 3998.334 3914.437 3813.28 3819.652 3698.412 3323.662 -9999 -9999 -9999 -9999 -9999 -9999 -9999 -9999 -9999 -9999 -9999 -9999 -9999 -9999 -9999 -9999 -9999 733.8252 794.5087 768.2425 675.147
719.3804 719.3804 719.3804 719.3804 719.3804 719.3804 508.9717 137.2607 26.04647 36.02608 32.10366 28.18124 24.25882 20.36232 6.612446 0.07957747 0.07957747 0.07957747 0.07957747 0.07244129 11.83575 50.21795 73.63781 73.63781 201.5585 335.3586 335.3586 687.4885 1182.18 1230.01 1343.161 1622.525 1883.475 1846.954 1657.172 1543.811 1374.532 974.183 1051.03 1579.491 2274.636 2841.581 3464.313 3796.773 3807.771 3893.611 3682.496 3411.725 -9999 -9999 -9999 -9999 -9999 -9999 -9999 -9999 -9999 -9999 -9999 -9999 -9999 -9999 -9999 -9999 972.9813 1100.983 1159.867 918.9561 808.902
706.6954 719.3804 719.3804 719.3804 719.3804 601.2092 327.8532 78.85886 0.986755 0 0 0 0 0 0.01703896 0.05206307 0.07957747 0.07957747 0.04399901 0 20.52015 60.48442 79.37492 128.6166 273.6945 375.9906 353.6299 809.0704 1730.934 1763.299 1779.029 1830.462 1884.624 1824.745 1654.594 1645.44 1458.727 793.4783 885.7283 1448.535 1981.924 1986.898 2291.772 2682.552 3084.378 2889.041 2738.856 2606.311 1884.426 -9999 -9999 -9999 -9999 -9999 -9999 -9999 -9999 -9999 -9999 -9999 -9999 -9999 -9999 -9999 1032.944 1080.768 1173.996 1189.39 1082.6
560.7781 655.6321 676.7077 649.2838 479.3268 295.3003 180.903 136.1127 74.94211 0 0 0 0 0 0 0.009974131 0.01763108 0.009367352 0.0007162981 0 24.16372 80.24018 108.1533 159.3403 277.4632 511.1934 1012.991 1629.816 1828.027 2161.591 2256.038 2187.104 2088.74 1838.042 1625.434 1643.067 1579.03 1011.307 718.8436 1118.362 1635.41 1660.396 1644.909 1725.869 1994.881 1818.403 1986.43 1781.691 1164.929 653.8804 648.601 -9999 -9999 -9999 -9999 -9999 -9999 -9999 -9999 -9999 -9999 -9999 -9999 -9999 -9999 1029.188 1112.431 1167.712 1171.555
265.5845 379.1016 423.9003 394.9073 218.6947 146.4225 146.4225 99.82105 4.241499 7.108797 19.85679 32.60478 30.96964 0 0 0 0 0 0 0 19.66317 105.0129 143.666 147.4532 267.5858 851.8727 1107.333 1783.131 2136.589 2246.295 2261.623 2244.072 2354.868 2096.337 1625.147 1666.5 1727.747 1021.397 586.3235 684.8095 962.6118 1292.183 1446.92 1435.971 1571.179 1535.014 1717.534 1184.643 693.3622 648.601 648.601 759.6115 830.1938 -9999 -9999 -9999 -9999 -9999 -9999 -9999 -9999 -9999 -9999 -9999 -9999 1159.985 1127.517 1121.12 1125.14
146.4225 146.4225 146.4225 146.4225 146.4225 146.4225 172.8109 212.3263 118.5192 124.1409 124.1409 124.1409 107.1829 46.26905 0 0 0 0 0 0.8493907 28.79022 135.1222 143.666 153.3907 326.7193 922.6522 1037.141 1749.511 2124.886 2252.411 2227.086 2228.293 2257.581 2168.979 1724.995 1743.356 1767.153 1090.063 729.0292 508.314 459.8368 562.8966 797.0949 793.1563 751.7135 772.1361 806.9969 627.5968 638.4405 648.601 675.3099 760.9206 820.9275 821.3441 881.9177 927.3934 762.4172 719.2406 653.9651 721.4743 961.1163 1177.871 1280.805 1227.78 1188.283 1184.236 1154.473 1124.872 1114.609
146.4225 146.4225 146.4225 146.4225 146.4225 161.996 245.1375 245.5325 124.1409 124.1409 124.1409 124.1409 124.1409 111.4881 0 0 0 0 0 2.223989 70.69611 99.49477 151.966 177.5718 604.8275 804.2032 918.5649 1717.348 2106.684 2200.961 2111.209 2090.917 2070.547 2091.718 1700.683 1634.706 1206.605 1059.75 722.8962 494.2005 366.8535 260.9755 229.9649 240.3602 210.0819 178.1763 274.6964 516.8621 630.9688 650.7463 698.0798 759.8329 720.2591 706.9529 855.2943 780.2331 653.6639 740.2225 741.829 861.8668 1037.091 1216.935 1340.916 1278.432 1166.889 1149.17 1177.666 1125.207 1049.871
129.3179 146.4225 146.4225 146.4225 153.4796 230.8018 261.6472 144.2608 124.1409 124.1409 124.1409 124.1409 124.1409 124.1409 71.54648 1.970943 0 0 0 0 64.23898 81.44538 137.6641 202.7569 705.1992 778.9807 812.0345 891.7705 1768.324 1953.857 1976.855 1898.065 1960.723 2084.563 1710.059 1222.944 991.9467 836.7083 581.9095 448.5541 416.7193 308.6763 175.2163 113.6303 99.30953 84.06303 102.828 252.4424 480.9103 572.0828 590.7762 632.0812 615.6862 613.1489 637.485 625.6843 705.3356 813.4298 827.0325 888.5636 973.3223 1176.83 1369.699 1310.833 1238.974 1065.25 980.5678 941.1891 865.4665
6.253726 111.4092 96.5424 81.6756 67.14127 174.7914 160.7821 124.8258 124.1409 124.1409 124.1409 124.1409 124.1409 124.1409 124.1409 15.60305 0 0 0 0 60.39711 105.2037 112.2997 160.4554 601.7484 748.9033 767.0709 753.5352 729.1465 1452.273 1722.27 1810.576 2008.198 1998.925 1400.124 925.3587 865.3903 603.4688 417.5047 416.8787 431.3483 448.5366 299.0861 134.7285 94.13141 99.43448 85.20212 56.22291 90.13543 238.4113 339.0486 330.0055 354.0817 418.6313 530.928 696.9819 946.1172 1082.838 1032.425 997.4098 970.0895 1190.789 1357.84 1325.938 1219.57 1178.475 1065.924 976.1299 881.3835
0 0 0 0 0 110.5613 124.1409 124.1409 124.1409 124.8847 126.5854 128.1478 129.7103 131.2728 126.0179 28.28694 0 0 0 0 58.12363 101.5752 115.2392 138.1523 377.9093 630.9998 732.9114 735.2061 733.9908 895.6284 1155.083 1455.192 1653.286 1466.005 1026.505 750.3 530.1993 419.9153 397.3179 380.7965 410.1118 430.4077 334.4421 168.0552 101.0041 80.05709 60.42184 47.40328 49.45374 79.99768 124.901 135.1529 182.0289 296.2237 493.3484 849.9406 1008.094 996.139 1024.487 1055.907 1093.752 1158.454 1232.034 1267.883 1142.271 1158.895 1057.922 1236.027 1776.562
0 0 0 0 0 98.01363 124.1409 124.1409 124.1409 135.6569 139.3561 139.3561 139.3561 139.3561 86.47868 16.67409 0 0 0 1.565958 28.87933 90.1151 124.1329 145.0418 203.8374 502.8302 741.108 738.6713 732.4672 702.7471 785.0182 933.0174 934.8933 731.8323 612.5622 549.3792 450.6343 355.554 388.8898 450.7969 532.1761 510.564 257.403 167.771 97.38264 90.99488 65.36209 65.69916 65.69916 65.69916 73.05534 93.33133 120.5144 204.0106 439.2308 631.6259 727.7747 820.8597 936.1011 1054.547 1168.852 1089.339 1102.29 926.7943 1107.069 1140.644 1239.314 2380.845 3702.536
8.22877 7.650851 10.87558 4.05222 0 85.48925 124.1409 124.1409 133.6416 139.3561 139.3561 139.3561 139.3561 139.3561 67.31619 12.42429 9.422991 8.449244 20.00777 20.70093 41.33178 89.72601 112.8549 131.502 150.6501 235.1173 474.3135 727.533 671.1545 647.2822 631.4459 542.7854 429.6425 389.3393 453.1237 593.5674 949.8356 973.0117 907.7142 920.0511 949.3832 836.9547 427.6632 201.5783 101.7728 98.1675 65.69916 66.86632 72.98534 76.40329 63.77289 57.76189 101.4733 121.1586 426.5131 467.1447 813.3338 888.549 938.8243 1022.651 1256.056 1170.248 1133.685 1041.748 948.7653 902.2729 3501.195 3695.527 3739.442
73.66462 37.54235 39.96621 31.6077 30.45484 40.44005 84.48123 131.4753 139.0706 139.3561 139.3561 139.3561 139.3561 110.6293 42.76279 24.59547 32.46108 27.3749 29.55099 34.09085 57.37536 78.17812 81.42834 93.76182 102.8045 113.5822 156.693 174.296 164.1228 228.124 189.4126 164.944 171.0662 278.8571 523.7059 891.5855 1021.221 1013.13 976.585 959.2141 954.2635 890.1647 753.5113 497.7893 143.5603 102.4022 67.28013 90.70206 114.6349 138.9028 149.6931 113.7684 132.6302 154.5336 434.674 631.5941 717.4554 986.1411 1046.244 1111.894 1337.331 1280.459 1284.23 1192.342 1070.292 3347.41 3940.148 3960.095 3999.011
109.7622 55.6342 55.6342 55.6342 55.6342 46.19137 36.53068 73.99449 139.3561 135.0189 139.3561 125.6263 93.39539 55.2007 19.57774 34.71209 39.53079 29.66648 29.66648 34.07665 54.30724 83.5115 88.80135 81.54605 81.37448 82.33564 91.35393 115.6366 149.2447 217.7675 163.9059 153.8215 141.4951 199.5565 634.7554 985.475 1026.255 1069.495 961.6915 921.5772 895.4123 781.3038 789.8047 718.4539 174.9604 133.1417 92.43425 122.904 146.0596 234.2429 299.3607 277.3297 278.7226 316.2361 598.7216 658.7776 732.8945 874.9198 990.4544 1170.125 1407.526 1437.525 1408.365 1228.922 1787.946 3410.561 4160.586 4380.517 4373.573
133.0912 55.6342 55.6342 55.6342 55.6342 55.6342 45.87931 33.28595 20.08881 54.34703 118.733 77.67679 15.21521 15.21521 22.25706 42.63376 41.08362 29.66648 32.0323 43.9504 56.387 71.80186 91.23375 103.0809 85.64093 79.27209 80.59468 94.34647 192.4903 163.1934 161.1875 157.7295 132.793 149.1462 677.6328 832.5352 901.8099 888.7649 788.1631 766.5831 765.8409 745.1127 729.9024 730.0289 249.293 159.5648 129.0095 304.5017 324.4125 317.2039 315.8016 348.2353 367.1347 501.1523 661.0869 739.3441 794.2711 875.0369 1050.952 1225.575 1464.942 1560.436 1482.512 1213.875 2482.381 3876.17 4338.408 4518.242 4475.322
