LSCAM_InData/LSCAM_InData/bombs_cambodia.asc
ncols         292
nrows         251
xllcorner     800180
yllcorner     -2175230
cellsize      2000
NODATA_value  -9999
[rows 93 to 123 of 251, columns 138 to 206 of 292]
368.8801 439.0054 772.2362 1436.392 1865.074 3308.05 3836.472 4653.435 5225.796 5347.382 5299.028 4894.653 4073.082 3571.971 2508.069 361.0169 226.2938 231.9995 320.6529 414.9347 436.4835 427.5533 426.5884 426.9734 813.5053 1137.281 1174.3 1123.339 1037.113 1022.711 1051.228 1059.38 1059.38 563.2153 157.5872 46.4691 46.54327 46.54327 43.12674 16.94568 1.776169 1.776169 8.10189 18.36715 21.00845 21.00845 21.00845 32.22564 44.93167 48.75156 52.0755 52.0755 43.53194 30.78481 33.92842 32.92851 45.17767 120.0582 228.0475 358.0531 485.7776 547.4405 753.5547 981.1029 959.7878 998.6298 1560.909 2532.243 3903.429
398.3098 373.5316 418.3093 1107.988 1899.251 3486.56 4601.437 5652.681 6293.088 6217.51 5638.085 4233.837 3799.994 3081.097 2093.443 180.1248 108.3388 259.2783 407.645 534.0911 560.9854 581.0273 502.1153 398.9397 830.5843 1135.858 1167.692 1145.182 1058.271 1037.463 1065.19 1076.579 1067.161 740.5242 244.7258 46.54327 46.54327 46.54327 46.54327 23.35577 1.776169 1.776169 11.29474 21.7111 21.00845 21.00845 21.00845 31.73809 48.58662 52.0755 52.0755 52.0755 45.74368 31.06705 29.27077 20.30885 31.20929 173.5748 467.341 635.5638 738.7834 659.6695 817.3993 915.1187 911.974 1046.533 1350.414 2189.294 3158.019
390.5517 348.6703 355.9929 849.084 1669.88 3219.541 3888.123 5044.446 5438.903 5067.924 4746.263 3716.789 2727.133 2197.932 1339.084 645.9664 167.3161 333.248 828.3164 1021.369 1010.087 941.4401 665.8768 522.0441 947.5494 1201.646 1186.105 1159.467 1095.73 1084.391 1102.868 1103.371 1092.022 806.5438 296.201 46.54327 46.54327 46.54327 45.99193 26.84651 1.776169 1.776169 9.425799 22.16747 21.00845 21.00845 21.14041 24.74467 34.74593 44.13405 41.82028 39.50652 33.07267 13.87054 14.75399 33.17835 107.1301 436.9776 711.313 836.713 929.612 920.5922 1055.24 1134.642 1033.995 985.0351 1030.671 1688.116 2501.302
345.4496 344.0492 596.2808 1203.942 1490.656 2363.755 2772.973 3268.77 3453.24 3468.499 3373.741 3334.781 2398.76 1951.453 1203.372 752.5311 659.2261 1057.069 1340.391 1439.109 1481.27 1323.239 1138.703 933.6153 1072.714 1262.615 1243.32 1212.872 1128.851 1086.156 1102.994 1110.309 1107.944 817.2483 248.8111 46.54327 46.54327 46.54327 44.39501 28.12383 2.802775 6.176718 12.53961 28.5577 28.11565 27.33882 23.19974 30.55775 48.11977 185.8684 230.5367 273.871 278.3815 10.11641 19.04374 48.71943 376.5282 711.1376 718.6501 794.5457 895.3804 979.7888 1064.946 1261.241 1080.141 976.6392 983.6257 1118.115 1870.172
337.4517 341.6227 841.2418 1404.043 1925.221 2869.943 4429.813 5115.099 5173.357 4288.272 3866.71 3534.835 2669.675 1833.914 1027.135 1252.833 1389.819 1249.664 1442.198 1528.424 1493.741 1509.924 1516.282 1252.851 1221.04 1437.489 1261.562 1214.078 1155.424 1085.959 1093.49 1116.073 1110.309 874.1427 265.4799 71.1028 46.54327 56.66504 132.6689 170.6929 224.6338 286.9782 341.7006 335.9802 34.13214 29.44877 32.00275 99.82182 159.5148 445.9521 445.9521 445.8967 425.2471 355.5263 399.7232 326.3709 736.8651 753.2441 758.4471 816.2733 912.8959 958.2001 1054.987 1214.578 1054.327 916.0843 898.0449 1002.428 1467.738
422.6669 612.6849 1240.638 2686.817 4657.419 5693.752 6685.414 7173.189 6996.898 6040.019 5284.198 4011.057 2613.359 1534.625 965.7505 1453.496 2004.695 2148.708 2363.86 2149.263 1901.01 1803.138 1561.026 1479.613 1348.306 1242.755 1289.997 1219.257 1116.003 1101.686 1098.449 1113.081 1021.539 505.3787 138.539 78.23148 46.54327 146.3357 485.4434 490.6968 535.6849 539.0005 538.4229 526.4921 460.1206 35.4733 37.1151 444.9443 452.4115 454.2049 441.7069 537.8494 562.2338 590.532 624.4916 869.3666 956.7166 848.5027 791.6794 834.5415 906.7632 955.1089 1052.987 1157.523 1198.128 821.772 731.2157 974.3058 1135.833
731.3902 1328.452 3130.551 6333.216 8726.714 9440.9 9754.706 9706.374 8580.625 7550.983 6426.33 4696.333 2772.898 1387.878 1607.312 2567.038 2962.134 2833.045 3014.305 2986.785 2897.742 2517.217 1946.194 1581.498 1345.071 832.1388 1295.499 1179.329 1130.588 1102.03 1074.844 941.5067 609.9698 177.6558 95.11739 82.17776 70.06064 505.2155 524.3992 534.7291 538.9346 539.0005 537.9236 537.2557 538.3643 139.6414 92.21716 431.214 463.8542 459.2975 521.3439 605.9081 618.317 625.5536 665.3467 1165.786 1090.942 1004.179 953.1978 887.544 889.4597 933.6913 1022.427 1097.222 1112.859 778.3979 552.1071 760.7198 976.7427
1305.634 2248.55 5352.985 9148.971 10405.68 10723.95 11178.67 11496.72 11074.11 9901.934 8506.863 6573.433 3959.023 2269.748 3449.4 4548.146 4433.393 4581.887 4535.701 4041.695 3593.401 3091.377 2460.371 1613.32 1359.846 587.5572 437.8522 899.9156 968.1378 829.8837 789.5969 479.2137 195.1343 108.091 103.1942 44.99306 417.3029 518.4553 525.9169 537.7433 538.325 538.0421 537.3228 537.2243 552.1714 545.7125 522.4874 472.2365 449.5884 446.4615 582.7636 650.0874 650.8239 739.6399 842.1622 1292.546 1305.037 1145.71 1377.052 1554.661 1239.297 929.2745 1012.8 1120.777 1062.872 737.6874 534.4379 677.7672 976.2134
2140.14 3751.371 6782.904 9709.667 10579.05 11035.13 11637.54 12524.76 13486.68 13131.76 12168.47 9725.049 6681.272 4763.021 5215.45 5976.1 6288.568 6469.052 6582.458 6193.855 5140.64 3604.078 2898.569 1878.263 1421.099 340.769 327.3621 264.521 149.3442 77.95818 232.7014 114.318 105.1137 105.0232 105.0232 45.23157 424.1287 521.3357 533.0693 537.5367 537.4493 537.2243 537.2243 549.0066 557.8817 558.7421 527.3751 472.6063 446.5825 502.3389 621.2467 671.9095 744.9344 836.8135 899.6548 1294.034 1516.23 1433.879 1873.433 2185.118 1927.74 1802.762 1591.562 1122.355 921.1334 551.0632 535.5692 631.4843 943.3304
2475.377 4560.304 7565.63 9391.063 10227.38 11313.31 12402.61 14701.7 15639.54 15184.9 14473.36 12198.69 9651.689 8788.684 8886.788 10310.92 11687.95 11082.15 9921.532 9237.491 7831.447 5197.771 3595.614 2407.939 722.2095 317.7653 289.3479 256.9274 194.8478 98.3149 105.4036 105.6091 105.0232 105.0232 73.1452 40.91336 377.4608 541.0767 542.0199 536.3266 537.2243 537.2243 537.2243 550.5247 558.7421 558.7421 531.4929 478.9052 449.9081 566.1369 673.1185 672.0914 770.1417 888.1419 920.1877 1581.72 2277.005 2225.102 2262.437 2215.27 2145.058 2186.462 2025.51 1644.56 761.037 520.52 552.4598 571.4339 742.1286
2563.179 4499.053 7367.165 9195.585 9789.877 10861.87 13651.68 15805.13 16237.1 14959.86 13956.29 12135.04 10995.06 11838.89 13677.59 12253.23 11908.14 12161.54 12284.62 10835.88 9381.89 8394.759 5756.886 3438.541 1682.066 942.5679 591.0605 326.409 170.5979 116.0876 107.245 105.3727 105.0232 86.37228 60.60943 45.94495 336.6617 541.0035 543.5841 536.0788 538.576 537.2243 537.2243 548.285 558.7421 548.8437 534.8771 496.808 466.8599 554.015 668.4826 722.6728 860.5587 896.9232 1239.135 1920.576 1760.11 2031.377 2188.364 2178.798 2046.166 2066.514 1872.669 1389.541 476.1548 532.7522 541.0818 528.5027 505.5747
2692.336 4617.849 6583.833 8363.854 9954.114 11171.31 14116.09 15099.28 15334.52 14816.26 13744.08 11813.31 11495.89 13102.2 15448.93 13367.65 11816.26 11862.92 11999.35 11254.55 10783.88 10673.6 7901.065 4879.074 3642.932 3036.088 1988.95 878.9471 299.9215 137.1084 99.32621 102.7654 102.11 94.50827 84.35844 68.41331 290.311 505.2893 548.8738 537.1566 538.8546 537.2243 687.721 964.0394 1050.584 938.5367 646.9914 619.3041 613.1064 584.0898 674.2237 748.1938 900.053 904.3877 1165.559 1964.351 1689.308 1736.594 1897.483 1872.05 1830.037 1793.418 1601.195 1434.582 459.2677 456.4877 536.324 562.1494 510.261
2114.857 4024.394 5597.64 7315.913 9321.198 12404.24 14453.57 15077.74 14848.97 14364.84 12935.86 10312.91 11994.86 13537.7 15545.3 13587.7 11850.79 11226.13 11553.37 12335.88 12673.29 11672.65 8657.616 5696.895 4268.909 3824.014 3709.988 2305.001 883.7273 277.2414 143.3307 96.83601 99.76888 101.1088 93.12281 73.49551 67.07968 259.9642 499.5963 530.9012 534.0941 644.9577 968.9978 1096.363 1048.684 834.902 787.5123 838.2466 917.0953 699.6319 598.1257 738.134 901.2253 868.1725 659.713 1609.621 1640.203 1659.382 1571.469 1659.276 1709.644 1697.22 1505.778 1479.823 1423.399 590.4965 508.7325 515.6188 496.5139
1611.046 3085.992 4715.049 6333.663 8172.434 11303.3 14427.47 14891.97 14161.53 12830.33 10797.44 9399.703 11972.37 13586.21 14790.01 13404.98 11889.37 11310.99 11619.98 12893.51 13127.35 11638.9 8543.034 5743.003 4330.479 3897.251 3802.081 3283.664 1720.158 364.7438 252.2639 95.19376 97.94228 96.91451 91.06888 137.1332 208.032 203.0645 281.487 396.4313 491.2641 908.9981 1055.11 914.5985 890.7587 820.7161 823.5745 831.1422 868.6913 838.9933 600.8671 334.2666 444.7565 582.4277 531.1199 1590.687 1572.605 1553.648 1448.916 1653.546 1671.344 1565.847 1486.779 1494.289 738.2234 577.2765 554.6291 530.52 478.86
632.6373 1999.444 3290.865 5066.964 6214.813 9040.151 12152.86 13096.53 11329.07 10132.78 9551.911 9904.418 11812.79 13572.76 14026.99 12342.99 11236.87 11176.06 12090.3 13516.99 13452.44 11288.25 8077.724 5517.653 4128.133 3857.823 3766.364 3654.814 2398.931 350.9354 279.4359 92.16641 92.01834 123.7904 194.5232 210.2637 209.9848 191.2359 177.3209 165.4911 314.4488 882.0209 886.3334 842.0093 816.9427 865.0815 870.2157 886.0129 934.3856 939.6135 867.9513 137.6601 159.4547 345.0896 497.3577 1459.677 1443.216 1424.181 1457.766 1593.869 1545.991 1519.602 1529.112 1522.599 837.0247 585.6906 613.5005 589.1858 539.1017
332.725 913.3731 1564.003 2564.716 3459.453 5824.957 8518.125 8959.182 8965.101 8321.121 8809.83 10140.99 11311.86 12789.16 12953.04 11198.67 10075.91 10076.22 11779.53 14102.33 14231.16 11957.64 9209.356 6842.059 4803.616 3857.011 3806.567 3681.084 2691.504 352.8341 296.4904 102.6298 128.6479 202.5905 228.6271 228.0677 212.1216 188.8402 172.351 190.8745 224.5586 753.9327 870.5754 878.0678 913.7535 942.5395 1037.507 1038.069 1068.381 1041.123 1006.517 420.8296 219.3636 174.8472 300.9597 1081.517 1373.331 1445.443 1412.652 1479.03 1483.2 1505.141 1507.53 860.4254 535.4866 606.1937 622.6563 634.6497 621.0165
389.7378 543.7515 636.4912 818.638 1127.926 1695.05 3258.042 5809.499 7433.492 7663.549 8224.29 9211.473 9926.831 10632.97 10743.63 10105.93 9721.524 10859.54 13538.33 15568.49 14852.46 12622.54 10195.58 8291.795 6696.995 5498.687 3753.536 3546.852 2552.338 348.3419 315.8136 100.8609 151.1186 250.0078 230.1575 230.0097 232.7242 192.7651 208.478 203.8923 211.6321 746.8393 890.4357 961.8452 1182.331 1281.721 1363.017 1436.311 1377.864 1279.985 1089.596 587.2723 289.0283 225.7065 193.4622 161.0594 800.1232 1261.026 1338.839 1355.235 1451.456 1519.204 1008.239 445.418 514.0488 605.6812 680.6067 691.2716 661.6749
374.311 504.668 510.2983 498.2434 602.2892 1687.343 3267.433 4511.858 6413.642 7729.027 8111.212 8095.397 8478.567 8578.479 8531.656 8365.244 9380.713 11448.77 13654.78 15568.21 14508.14 12812.42 10872.98 9806.077 8691.232 6483.172 3693.1 3416.153 1837.354 363.3913 257.7505 110.196 197.3872 288.738 279.2927 272.96 284.1963 239.8881 219.5918 212.5332 226.199 716.7657 963.1191 1205.673 1451.427 1612.492 1800.448 1875.802 1848.323 1708.836 1189.422 553.6156 234.1067 207.9767 198.287 138.288 114.3761 535.9767 814.8044 750.3096 730.9211 652.4906 484.6331 475.9428 575.2982 717.9339 820.7142 790.2203 704.5953
455.08 718.076 884.9903 943.5314 1528.865 2915.561 3557.84 3827.833 4451.448 5842.006 7088.62 7180.057 6855.647 6081.96 6676.116 7690.181 9361.754 12093.5 14185.7 14435.58 15114.53 14143.09 13079.03 11994.06 10067.15 7894.354 5031.524 2532.814 1006.607 342.0393 142.0113 168.9075 287.127 328.5567 338.2051 306.4516 273.4818 290.5219 251.4406 221.0958 234.6226 475.802 1016.673 1488.435 1814.469 2188.571 2397.393 2494.891 2526.917 2296.989 1641.452 826.9489 304.5392 205.8957 178.482 116.8154 83.61879 118.2671 177.3514 242.9881 313.6145 379.8731 577.2754 713.0325 805.9431 990.032 1118.571 959.1759 800.4388
737.7172 1142.373 1346.438 1613.761 2505.888 3584.562 4100.482 4138.551 4968.916 6135.697 6155.868 6307.11 6146.783 5260.407 5197.419 7603.737 10816.86 14087.35 13679.66 13421.61 14632.45 14989.14 14809.94 13234.71 12208.8 8993.438 4420.496 1304.897 399.8896 140.2617 148.3447 199.1595 253.0531 319.6106 340.7711 310.4813 296.7599 283.7444 296.5383 241.9344 227.9744 339.0615 1065.292 1847.96 2229.958 2711.094 3056.609 3122.024 3025.406 2662.067 2191.437 1389.573 562.6385 273.8587 182.4874 114.6492 70.79855 84.90919 135.2133 208.0348 304.0535 479.5109 639.6591 771.1573 883.774 1019.444 1191.98 1135.2 1120.038
1180.794 1480.761 1590.331 2088.978 3244.702 3697.963 4309.773 5060.842 6402.74 6424.742 6693.968 6670.768 6637.669 5561.535 5683.041 10091.77 12980.96 15906.24 14634.5 14287.38 14129.02 14414.33 14102.69 13143.16 11616.57 7643.726 3551.011 770.9858 228.8003 156.9747 160.0364 191.0571 217.0547 301.7619 319.0208 310.6718 275.9235 271.5491 290.6123 244.5583 217.9762 288.6108 812.3704 1582.089 2449.149 3164.833 3200.992 3163.069 2941.833 2638.892 2393.182 1874.309 1045.29 349.5045 203.7426 81.34283 35.69204 43.18022 69.88211 161.845 363.528 654.3318 862.9199 973.6105 1141.406 1234.281 1170.336 1202.731 1348.372
1238.524 1731.704 2332.172 4006.181 4481.527 4197.934 4977.771 6191.432 7732.311 6999.713 7335.989 7244.827 7190.348 6595.803 7138.806 10092.71 12393.05 15650.45 14820.59 14482.69 14150.64 14062.29 13148.32 12511.69 10487.2 7335.536 3706.485 1303.849 689.0748 475.4435 276.4919 178.6042 181.426 202.5164 247.8273 290.0167 272.911 265.335 280.5678 243.3529 195.6714 347.1517 930.1382 1737.202 2410.189 2639.487 2733.765 2700.969 2659.611 2590.315 2425.816 2091.139 1263.698 454.5257 262.5119 84.57182 49.88771 55.00121 76.00932 139.3092 485.5602 1200.254 1512.586 1656.167 1808.203 1912.109 1552.103 1432.633 1410.612
2264.037 3976.985 5215.785 7003.835 8125.959 8788.362 7556.056 7917.969 8565.053 7633.497 7683.421 7553.911 7488.591 7361.585 8310.761 9768.904 12570.68 15291.71 14875.84 14369.97 14094.51 14008.68 13444.85 12729.59 10358.43 6314.871 2918.459 1143.609 700.4027 746.9634 618.7581 344.7512 167.1827 163.381 159.6876 211.8216 258.5116 220.3351 222.4246 191.5691 133.4615 325.9034 958.8176 1704.37 2324.708 2447.185 2523.33 2525.55 2509.272 2477.03 2412.5 2132.998 1412.723 862.021 235.6903 87.36507 52.94844 63.838 89.43138 168.1259 952.7073 1482.168 1616.602 1653.11 1864.213 2080.101 2198.695 2070.667 1690.347
4930.724 6848.92 7505.927 7935.948 9331.407 9771.879 10600.02 9372.109 9214.132 8321.371 7784.206 8005.946 8246.401 7976.708 9395.072 10806.96 12460.61 13435.52 13905.95 13881.31 13888.47 13981.98 13673.27 12402.74 8802.497 5204.28 2487.795 690.9929 698.0483 721.2054 754.105 625.8068 326.955 153.4991 151.3945 151.2756 131.4758 99.92581 106.9846 112.2445 78.84852 214.2453 763.7834 1632.878 2267.567 2317.359 2412.207 2447.827 2461.327 2435.864 2382.439 2039.796 1346.973 870.4216 230.516 92.97379 66.86298 85.91532 102.8741 546.0187 1160.155 1460.367 1575.41 1695.229 1889.466 2370.372 2599.309 2705.219 2490.971
7743.609 8865.468 9281.48 9485.203 10827.08 12136.67 12443.62 12140.2 9699.535 8377.402 8688.156 9429.92 9168.381 8891.288 10005.72 10443.2 11053.83 11541.35 11902.62 12289.57 12603.36 12593.09 11824.19 10004.07 6580.666 3438.08 1367.896 670.8272 686.2266 694.3873 719.0216 706.6603 431.1628 151.3945 151.3945 135.1819 78.10493 82.50768 90.48433 56.70831 42.39197 133.0694 567.2401 1293.113 2078.457 2241.282 2308.862 2297.48 2332.94 2260.88 2132.711 1658.584 1114.312 392.2806 210.4081 135.32 89.47022 97.49125 113.7295 727.6281 1268.101 1523.154 1720.786 2203.676 2542.953 2674.561 2764.621 2841.396 2878.299
9948.647 11618.29 13009.74 14375.35 13927.84 14264.47 14988.61 14883.98 12766.77 10186.12 10177.21 10201.49 9349.772 9436.291 10090.32 10241.63 10390.55 10259.96 9973.375 9954.428 10194.2 10179.29 9075.796 6395.443 3700.073 1748.37 771.0367 796.8782 842.3389 679.6729 687.614 681.4574 464.4624 136.944 119.9371 77.92226 77.76418 67.85332 59.3285 74.11893 264.0554 493.0751 832.0245 875.6046 1763.45 2016.679 2120.58 2121.864 2079.738 1928.569 1764.688 1322.009 950.2919 373.596 176.4714 122.4645 127.8334 152.6622 192.2534 747.4149 1311.963 1580.412 1997.89 2565.598 2859.459 3058.887 3118.294 3184.441 3283.259
11295.51 14172.92 16415.97 17804.56 18134.16 17808.05 16915.67 16545.31 15997.47 13927.77 11378.66 9955.331 9534.808 9812.929 9657.619 8612.795 8555.875 8269.04 8395.156 8399.909 8056.755 7572.875 5936.175 3829.985 2222.107 1570.037 1336.891 1773.109 1697.079 1147.557 1061.573 659.1311 420.6669 27.57895 81.37276 75.8551 67.56574 9.741602 294.8773 648.7227 919.7068 1337.584 1340.044 1537.408 1809.89 1730.646 1751.327 1755.471 1706.016 1546.271 1292.403 1014.664 521.0516 199.8394 136.0654 132.7738 175.7142 266.065 318.2626 732.4106 1234.842 1501.599 2037.397 2692.626 3923.63 4754.115 4362.27 4344.912 4127.821
16047.17 24139.3 28963.16 31521.71 28298.13 23119.13 21905.64 20854.08 20223.96 17600.08 14536.48 12357.05 10833.79 9166.08 8524.386 7459.363 7222.887 6618.646 6474.18 6210.148 5226.593 3862.301 2362.509 2161.855 1739.362 1990.53 2387.227 2981.768 2928.915 2525.677 2219.425 1358.636 181.0839 5.120567 5.09984 0 0 164.4404 912.2024 1680.491 2015.246 2286.316 2381.914 2468.045 2517.828 1942.779 1443.173 1258.892 1195.344 1093.053 730.8428 395.8202 215.2816 142.3567 134.5175 167.7388 249.5509 371.5248 402.5504 702.0159 1237.537 1434.259 2406.099 4742.172 5912.779 6217.302 5920.027 5673.486 5377.368
24860.85 33670.63 37698.72 40017.35 40437.4 35987.43 27973.93 27986.24 26276.13 22946.4 20361.78 17674.85 14922.63 12961.57 10519.33 7448.274 6814.742 5439.401 4773.882 3342.033 2207.013 1091.281 862.6879 1396.603 2183.194 3034.746 3618.482 3636.089 3646.296 3469.234 3204.112 2181.485 775.1067 114.4732 2.779883 0.1406778 22.50706 684.9722 1556.233 2515.583 3298.147 3469.544 3442.145 2992.525 2737.932 2377.345 1515.952 860.4611 581.3332 487.8819 282.3422 129.3972 109.2662 117.9159 170.629 236.6405 337.2047 449.4561 461.8479 601.0022 956.4114 2036.298 4506.913 6237.767 6955.277 6949.253 6906.331 6545.625 5753.013
31093.17 35078.08 39549.96 44072.96 48860.46 50056.8 45562.3 37937.98 34412.26 31273.5 27386.59 23337.06 19496.81 16989.4 14758.36 11730.59 6771.269 4765.641 3336.194 1544.117 830.9782 478.2179 971.8666 1441.209 3146.167 3689.963 3919.53 3972.411 3820.536 3480.337 3342.591 2575.73 1755.826 605.3951 82.38556 4.963979 175.2216 1254.576 3009.497 4243.188 4995.143 5622.792 6129.205 5921.249 5206.95 4251.812 2827.857 1123.66 237.1992 115.1499 102.6603 99.89272 126.7041 171.2334 240.0124 296.5413 367.666 459.3137 489.3309 534.3898 1260.193 4338.068 5443.512 6972.933 7667.298 7639.589 7581.31 7331.728 6434.113
29748.42 34877.63 41467.35 48675.34 52560.75 54053.45 53978.11 52492.64 38494.54 37465.26 35537.1 29226.33 24854.4 22487.7 20394.93 17547.4 12673.59 5996.606 2818.669 1012.214 668.0158 471.6372 1049.252 2348.429 4431.034 5669.521 5830.003 5441.813 4636.267 3749.889 3192.042 2811.514 2152.771 980.9565 208.6071 31.66013 499.6387 2458.85 4785.478 5752.507 6152.833 6623.942 6763.048 6724.871 6393.708 5550.39 4005.009 1741.096 454.6569 62.38707 96.86541 102.6684 123.9845 187.8513 295.7271 295.1881 359.5306 458.1737 487.1261 534.3909 1405.032 4669.979 5208.87 6974.73 7562.809 7799.331 7817.056 7592.729 7612.677
