LSCAM_InData/LSCAM_InData/bombs_cambodia.asc
ncols         292
nrows         251
xllcorner     800180
yllcorner     -2175230
cellsize      2000
NODATA_value  -9999
[rows 217 to 247 of 251, columns 69 to 137 of 292]
0 0 0 0 -9999 -9999 -9999 -9999 -9999 -9999 1.392753 1.990941 14.15815 18.71467 18.72935 18.72935 24.51521 31.45896 59.78943 92.71738 146.2464 218.1937 236.7808 256.8 302.4588 349.9124 371.7795 432.958 481.1938 469.8571 480.7237 429.5101 359.7163 243.911 250.3771 253.518 321.3703 581.3219 938.9089 1019.441 1198.674 1229.978 579.5275 466.8791 466.7769 449.3561 504.3564 647.6981 1042.107 1534.858 1181.922 763.4045 532.7113 820.542 1046.952 1034.235 1611.609 3193.139 4572.891 5029.948 5554.146 6254.648 6487.986 6801.403 7439.976 7895.001 7510.089 8310.09 13126.54
0 0 0 -9999 -9999 -9999 -9999 -9999 -9999 -9999 -9999 18.53837 18.53837 18.64853 18.68648 21.56266 28.35399 54.26738 127.5608 195.1457 215.0521 216.7308 258.7748 341.351 393.5802 386.4161 377.3524 405.2065 439.0763 408.054 372.9945 351.3213 183.8869 153.1384 148.8071 149.7041 170.1111 190.1948 430.5565 396.4829 488.7751 463.9358 430.3405 430.2859 438.7608 420.6817 556.0848 783.4411 904.2672 1007.511 1020.404 1052.418 871.0971 674.1133 621.5434 581.18 1243.439 3020.237 4925.31 5790.562 6672.976 7333.09 8434.701 9036.122 9547.354 10382.23 9644.676 9859.146 17415.16
0 0 0 0 -9999 -9999 -9999 -9999 -9999 -9999 -9999 -9999 -9999 -9999 -9999 24.01595 100.7552 127.5158 211.341 253.9821 285.4641 323.6873 378.8184 421.6372 495.2843 511.5732 485.6486 368.9433 350.9688 341.6365 279.1597 157.4317 159.2988 135.3063 116.6299 131.3188 151.204 137.9388 160.7735 181.9867 222.6575 346.1231 401.1189 397.6531 417.0422 507.6069 761.8365 1007.389 1109.094 1081.248 1110.455 1249.041 1273.034 1157.123 854.1591 782.5054 1497.578 2911.287 4998.659 6379.763 7726.352 9671.057 11713.79 12747.02 13065.18 13913 12071.68 12018.69 18318.51
0.671697 0 0 -9999 -9999 -9999 -9999 -9999 -9999 -9999 -9999 -9999 -9999 -9999 -9999 102.4958 140.2087 166.8178 255.7042 300.8051 321.8438 415.6472 548.9182 666.4924 842.7521 944.5459 838.8871 724.8867 539.676 258.9144 204.7007 130.2604 100.385 102.0034 62.17628 82.32743 137.6537 151.7446 171.2736 168.4293 170.814 290.8962 362.7441 380.423 380.5703 618.2067 939.1792 1007.446 990.9274 988.9651 1185.007 1267.718 1277.288 1283.446 1228.817 992.1857 1465.353 2635.451 3789.69 6299.538 9707.812 14158.96 14783.89 14805.73 14330.48 14869.6 13630.23 13720.24 14806.67
100.6265 66.6244 4.112082 -9999 -9999 -9999 -9999 -9999 -9999 -9999 -9999 -9999 -9999 -9999 -9999 78.29595 145.0173 176.3215 286.213 322.3584 418.3768 734.5586 1370.776 1568.261 1465.143 1583.505 1398.755 1291.754 882.7532 527.4022 295.4523 118.5299 54.714 41.16424 45.01986 67.76371 118.3183 155.6095 170.6497 178.3641 199.1481 210.5251 278.2243 347.3483 379.8376 649.1256 937.356 870.3428 869.6226 928.1677 1111.918 1176.485 1252.883 1396.961 1370.558 1244.239 1185.24 2233.056 3016.746 5786.723 12947.36 14871.67 14925.2 14811.62 14084.04 13964.66 13043.96 12791.78 13663.91
1013.966 591.0636 185.1235 -9999 -9999 -9999 -9999 -9999 -9999 -9999 -9999 -9999 -9999 -9999 -9999 467.4668 153.3794 281.8505 864.2413 1952.964 2782.015 3333.522 3948.255 3255.058 2643.537 2002.891 1798.659 1557.762 1385.519 985.3675 457.4984 146.343 45.79479 24.09241 61.91886 83.58171 107.5626 135.4659 153.8514 186.8145 221.8935 235.2007 226.7604 238.2447 360.4008 667.4436 838.7147 775.1692 825.2925 888.5552 1106.032 1189.762 1469.973 2015.486 2415.966 1654.344 1175.298 1452.36 2508.668 5848.587 10838.53 13487.95 14114.53 13903.26 12828.18 12438.32 11989.93 11774.42 12550.63
1590.297 1392.896 1300.719 -9999 -9999 -9999 -9999 -9999 -9999 -9999 -9999 -9999 -9999 -9999 -9999 762.9012 169.536 902.5405 2320.277 3070.597 3425.472 4292.095 4807.966 4568.259 4143.558 2614.861 1989.946 1740.464 1560.001 1416.858 797.7473 309.6563 131.757 55.24293 61.99022 76.39437 87.3323 114.861 160.8997 192.4863 211.0418 241.3632 235.1152 225.0213 316.712 624.0712 767.5766 754.0117 990.4177 2458.25 2889.348 3156.996 3550.642 4377.559 4801.105 3130.658 1868.29 1641.998 2308.973 5848.778 9412.553 10476.88 11347.84 11477.51 11153.18 11023.25 11509.37 11805.95 11554.62
3051.805 2266.485 -9999 -9999 -9999 -9999 -9999 -9999 -9999 -9999 -9999 -9999 -9999 -9999 -9999 -9999 602.4927 2325.674 3096.357 3387.005 3840.121 4665.553 4933.307 4905.35 4860.847 3832.531 2443.372 1780.24 1610.401 1483.961 892.4567 314.8804 140.1503 57.11376 48.35192 65.46592 76.71869 108.8016 179.6893 193.8634 197.4144 206.5724 204.0007 189.8363 234.553 455.1236 788.7658 862.5186 2351.032 3187.963 3277.847 4319.675 4887.588 4825.416 4888.449 4424.081 3488.038 2391.013 2151.23 5156.982 8303.649 9514.338 9729.551 9827.893 9952.142 10328.08 11203.99 11563.18 11250.01
3640.913 3675.198 -9999 -9999 -9999 -9999 -9999 -9999 -9999 -9999 -9999 -9999 -9999 -9999 -9999 -9999 -9999 2793.904 3412.801 3773.182 4847.77 5358.339 5345.588 5196.542 4984.563 4660.155 3151.336 1901.967 1637.997 1479.883 944.8219 306.9889 157.7766 94.0797 49.44999 44.07958 63.396 106.4486 151.6154 157.2677 194.3215 195.9487 193.5443 171.6572 186.1597 252.5617 735.969 854.0612 2970.999 3366.781 3986.593 5920.581 6443.283 5398.139 5108.349 4755.838 4201.621 2647.093 2206.066 4218.536 7011.436 8758.54 9239.038 9456.761 9702.436 10419.07 10969.28 10964.33 9974.409
3944.435 3945.145 -9999 -9999 -9999 -9999 -9999 -9999 -9999 -9999 -9999 -9999 -9999 -9999 -9999 -9999 -9999 3277.945 3756.219 4087.742 4782.539 5278.895 5463.217 5514.964 5292.714 4934.175 3529.332 1998.744 1607.068 1431.005 934.4983 171.2491 91.25246 101.6782 56.81729 38.19719 44.50993 80.19653 144.5535 157.9267 160.8666 185.3027 206.3095 213.1445 317.6244 394.9203 499.8788 2180.421 4432.474 5297.38 6157 6277.132 6146.305 5956.923 5972.787 5523.071 4639.816 2859.241 2173.061 2900.242 4956.125 7346.995 8312.938 8910.632 9396.726 10333.61 10278.27 10060.7 8258.671
3945.251 3947.208 -9999 -9999 -9999 -9999 -9999 -9999 -9999 -9999 -9999 -9999 -9999 -9999 -9999 -9999 -9999 -9999 3941.663 4045.345 4384.646 4912.021 5268.682 5357.85 5413.513 5143.838 3693.491 1852.242 1563.418 1296.491 761.5406 172.0397 83.95712 83.08777 38.19719 38.19719 39.9538 61.39906 118.6826 129.2043 160.5643 184.91 280.3646 312.6387 486.8916 686.0648 741.2311 2688.682 4536.335 5451.452 5897.045 5952.108 5736.282 5614.281 5688.937 5803.121 4943.677 2884.208 1842.751 2213.274 3060.051 4726.096 6044.695 7295.582 8198.115 9210.285 8865.585 7517.997 4786.184
3947.208 3947.208 -9999 -9999 -9999 -9999 -9999 -9999 -9999 -9999 -9999 -9999 -9999 -9999 -9999 -9999 -9999 -9999 3788.628 3885.548 4015.67 4451.664 5051.25 5296.681 5440.277 5114.888 3708.503 1709.837 1386.245 805.5612 491.6247 105.9295 81.84024 61.53109 43.84811 38.29136 42.12811 49.74126 109.2516 132.3312 160.9819 359.4735 460.1868 620.8883 756.9844 1298.972 1598.031 4046.291 5352.889 5627.189 5786.653 5778.489 5702.963 5639.759 5695.002 5779.191 5512.303 3832.083 1448.942 1500.472 1116.87 1747.504 3274.954 4603.661 6011.536 6702.581 5748.501 4831.849 4127.104
3947.208 3947.208 -9999 -9999 -9999 -9999 -9999 -9999 -9999 -9999 -9999 -9999 -9999 -9999 -9999 -9999 -9999 -9999 4022.856 3784.553 4054.851 4458.009 4978.689 5338.687 5263.706 4476.604 2630.302 1409.203 1224.23 903.8741 144.8007 160.2458 92.57946 39.30908 32.82311 27.18555 42.40453 47.09678 68.87058 153.053 228.7409 454.8701 784.5619 1371.238 2009.74 2563.92 2759.874 4136.923 5846.511 6513.452 6233.175 5932.697 5786.342 5902.38 6039.379 6082.244 5578.538 3689.509 1525.04 1326.263 588.8869 748.314 1227.651 1498.961 3264.303 4198.339 4252.748 4756.945 4491.156
3824.765 3906.173 -9999 -9999 -9999 -9999 -9999 -9999 -9999 -9999 -9999 -9999 -9999 -9999 -9999 -9999 -9999 -9999 -9999 4058.033 4923.249 5070.703 5000.709 5025.385 4291.502 3186.849 2180.54 995.0607 550.8798 481.8573 456.7405 447.3093 203.6125 37.45728 13.81896 18.04464 19.68822 16.98998 49.21388 141.1821 447.2837 961.8641 1825.636 2979.291 3854.229 3846.725 3487.414 4395.502 6315.216 7202.255 6827.234 6371.082 6295.27 6638.721 6736.307 6547.163 5433.421 4055.635 1521.853 856.3436 645.7326 704.7054 1087.973 1787.329 3564.706 5118.827 5627.24 4952.567 4857.064
-9999 -9999 -9999 -9999 -9999 -9999 -9999 -9999 -9999 -9999 -9999 -9999 -9999 -9999 -9999 -9999 -9999 -9999 -9999 3292.751 4099.342 4549.319 4431.087 4063.261 3444.5 2241.525 1693.079 745.904 461.6844 434.3612 417.1258 396.1578 393.6284 95.67713 15.84068 17.48913 18.74082 41.27634 148.445 247.0933 881.5911 1747.814 3471.518 5146.487 5607.527 5388.612 5219.721 5548.427 6018.377 6408.703 7481.238 7454.149 7235.762 7478.413 6772.24 6448.77 5374.767 3624.992 2280.477 895.0065 755.5113 1072.955 2290.719 3140.725 4467.438 6070.139 6663.469 6693.829 5713.303
-9999 -9999 -9999 -9999 -9999 -9999 -9999 -9999 -9999 -9999 -9999 -9999 -9999 -9999 -9999 -9999 -9999 -9999 3003.125 2264.275 3138.215 3417.825 3293.421 3109.851 3240.565 2601.279 1308.929 871.087 511.669 417.1432 396.5423 393.6284 393.6284 129.6309 19.29273 18.2529 21.06477 44.9655 441.8886 988.8242 1981.575 3611.11 5604.662 7075.843 7348.314 7296.113 6897.955 6643.423 7408.049 6349.959 6763.86 6716.538 7578.823 7932.381 7165.208 6788.417 5898.488 3322.144 3015.39 2408.007 1571.63 2595.157 3782.644 4611.143 5832.202 7639.33 8361.14 8290.164 7334.832
-9999 -9999 -9999 -9999 -9999 -9999 -9999 -9999 -9999 -9999 -9999 -9999 -9999 -9999 -9999 -9999 -9999 972.0796 2723.117 3156.356 3528.582 3529.997 3332.694 3181.709 3165.189 2613.354 1958.201 1078.734 552.4476 421.0872 397.9412 393.6284 393.6284 159.7721 16.81791 17.25662 19.41134 341.7266 746.8182 1426.38 3301.627 5361.528 7234.546 8211.702 8532.535 8468.448 8070.827 7463.07 6876.337 8059.659 8105.369 8918.133 8512.107 8840.63 8874.53 7411.099 6377.077 4625.116 3891.241 3046.3 3653.606 4813.695 6199.117 7011.19 7807.5 9167.536 9829.217 9320.521 8467.966
-9999 -9999 -9999 -9999 -9999 -9999 -9999 -9999 -9999 -9999 -9999 -9999 -9999 -9999 -9999 -9999 -9999 1199.076 2336.731 3048.945 3302.994 3267.358 3207.851 3122.651 3137.148 2590.802 2141.69 1446.583 680.9275 412.7451 398.1975 393.6284 393.6284 190.5749 12.98704 15.82315 81.35476 415.1505 779.5419 2080.913 4657.558 5882.473 7871.918 8688.063 9106.56 9090.244 8916.818 8321.961 8876.417 9700.399 11590.05 13035.06 12697.33 12252.77 11586.8 9369.908 8300.374 6913.26 5186.53 4100.98 5484.218 7262.006 7945.66 7992.278 8162.653 9038.774 10029.54 10477.57 10100.83
-9999 -9999 -9999 -9999 -9999 -9999 -9999 -9999 -9999 -9999 -9999 -9999 -9999 -9999 -9999 -9999 -9999 1913.057 2620.603 2814.071 2867.407 2907.345 2948.843 2981.168 3117.177 3033.618 2296.024 1486.153 753.0252 405.96 393.6284 393.6284 391.0825 221.9042 12.98704 13.65641 182.3613 601.9781 769.0424 1938.622 5040.976 5891.272 7409.812 8693.654 9183.729 9228.512 9134.126 9462.324 13065.76 12122.86 12906.16 14741.81 15346.26 15710.06 15281.86 13495.94 11283.96 9040.356 7164.334 5767.727 7029.386 8789.23 8689.807 8214.852 8212.798 8919.006 10066.8 10653.43 10392.62
-9999 -9999 -9999 -9999 -9999 -9999 -9999 -9999 -9999 -9999 -9999 -9999 -9999 -9999 -9999 -9999 1140.173 1621.164 2406.499 3025.575 3143.179 3139.913 3148.048 3152.198 3306.224 3102.657 2195.035 1217.75 602.3717 400.7798 390.4554 389.2074 324.074 124.3355 12.98704 50.86036 264.986 605.1567 1030.889 2752.733 5393.572 5725.529 6917.204 8651.939 8781.552 8947.077 8952.055 12686.64 15008.09 13172.84 14947.49 16858.51 17743.45 18325.88 18308.22 17239 13600.74 10738.61 8991.738 7234.559 8043.808 9692.642 9268.43 8802.365 8943.419 9238.508 9874.965 10802.7 10666.43
-9999 -9999 -9999 -9999 -9999 -9999 -9999 -9999 -9999 -9999 -9999 -9999 -9999 -9999 128.1388 55.01317 904.6722 1560.155 2400.456 2913.355 3043.463 3108.8 3146.283 3150.05 3206.46 3049.979 2101.028 988.7401 597.035 415.1443 488.5961 480.5534 335.0086 226.2285 244.8876 262.5131 254.0439 579.7134 912.5676 2985.303 5130.415 5935.636 7064.638 8138.832 8573.563 8852.34 9353.219 13369.09 14837.58 14647.46 16560.45 18304.88 19635.62 20352.56 20549.75 19998.15 16366.28 12705.01 10735.63 8110.125 7884.643 10214.12 10128.76 10081.57 10099.63 10093.73 9906.172 9986.099 10121.75
-9999 -9999 -9999 -9999 -9999 -9999 -9999 -9999 -9999 -9999 -9999 117.7676 126.3029 128.1388 128.1388 111.9371 583.391 1253.447 2028.92 2518.144 2721.779 2903.041 3015.92 2985.424 2641.668 2105.445 1533.191 1121.972 409.214 510.4196 681.5846 580.7745 405.8451 403.1887 390.0023 363.5584 337.4954 226.7955 772.8372 3048.465 4756.186 5867.929 6569.646 7376.456 7939.778 8067.596 10426.97 12656.43 13835.98 14712.21 17260.16 19992.74 21549.37 22306.13 22728.83 22842.25 20234.43 15741.99 13276.94 10776.23 8313.915 10060.6 11488.22 11660.67 11405.97 11463.63 10763.04 10128.05 9397.99
-9999 -9999 -9999 -9999 -9999 -9999 -9999 -9999 -9999 -9999 93.77203 108.3677 123.8646 128.1388 134.0404 131.0807 524.1998 996.6266 1481.082 2008.122 2277.128 2340.743 2360.139 2248.006 2058.549 1690.666 976.2325 399.4056 614.0916 426.0434 421.7788 405.8451 405.8451 405.8451 405.3597 397.8575 385.0302 626.5066 1084.112 2056.606 3682.121 5056.086 5851.054 6463.249 6864.737 6702.868 9926.906 12121.88 12261.7 14942.4 18756.3 20627.12 21754.04 23540.07 25120.66 25530.47 23112.5 18089.79 15995.13 14104.15 10064.84 9982.076 12140.29 12142.95 12712.81 12777.65 11455.46 9617.174 8011.96
-9999 -9999 -9999 -9999 -9999 -9999 -9999 -9999 -9999 -9999 97.91212 107.89 126.9636 136.3259 138.6451 100.6575 430.6687 933.7206 1164.276 1382.993 1634.379 1699.265 1916.962 1911.5 1765.08 1095.239 372.7131 63.66198 468.4908 430.6429 422.9011 405.8451 405.9784 418.6888 420.9783 423.0188 408.1043 779.7691 1035.208 1784.124 2954.148 3815.16 4752.026 4752.772 4677.533 4517.419 6769.546 9710.276 10941.6 13699.02 18266.86 20846.81 22640.8 25080.41 26850.87 26739.2 23987.5 20295.12 18814.06 14862.13 11541.54 11319.67 11857.9 11994.98 11858.63 11962.51 10645.17 8719.838 6518.598
-9999 -9999 -9999 -9999 -9999 -9999 -9999 -9999 -9999 110.5336 100.4902 110.0867 130.7278 139.598 135.0744 98.40455 60.14783 450.998 1044.883 1110.109 1190.838 1283.164 1481.293 1359.506 974.5806 509.828 363.7373 65.67012 -9999 -9999 -9999 405.8451 416.4427 426.0259 426.8535 466.6151 527.1837 928.9092 1014.97 1252.832 1756.247 2611.192 3012.682 3002.427 3205.593 3324.598 4182.245 7278.744 10197.69 12673.52 16907.8 20281.45 23637.08 25782.3 26938.62 26229.76 22350.13 20793.3 19816.74 15436.09 11411.39 11625.11 11735.35 11131.52 10495.5 11111.88 10274.46 7027.88 4432.716
-9999 -9999 -9999 -9999 -9999 -9999 -9999 -9999 108.9256 105.2135 108.1909 129.8217 155.3077 159.3623 109.0784 55.41832 60.01569 173.8955 523.358 764.6116 876.3939 796.9543 723.7549 641.7311 504.7969 436.5671 406.8622 70.02852 410.2567 -9999 -9999 405.8451 423.243 426.8535 449.2128 477.6701 615.9697 932.6177 1032.437 1068.825 1289.26 1567.177 1777.078 2032.765 2332.488 2603.51 3331.948 4858.803 7373.051 10973.15 15323.97 19028 22588.2 24516.04 24742.26 22811.65 20007.86 18997.67 19649.93 16063.36 12537.71 11210.24 10689.29 9480.973 8627.456 8524.3 7783.971 5667.745 3483.958
-9999 -9999 -9999 -9999 -9999 -9999 -9999 -9999 98.26154 115.0506 122.4674 141.0207 147.1944 126.8226 95.67583 80.5912 53.72309 137.4931 376.0019 450.5251 431.9543 429.9564 426.2863 437.8034 437.8034 427.7341 86.11275 74.40951 -9999 -9999 -9999 -9999 424.177 426.8535 452.5732 477.3105 578.9967 847.0651 987.9055 1082.783 1126.464 1220.331 1326.97 1365.29 1416.451 1746.731 -9999 3328.159 4708.875 8506.392 14204.79 16385.48 19032.38 20388.94 20691.41 19795.33 17843.86 16982.69 17195.75 15609.06 13421.13 11300.39 10079.08 8867.196 7735.739 6949.566 6399.932 5322.751 3455.235
-9999 -9999 -9999 -9999 -9999 -9999 -9999 18.01634 60.97225 96.92044 88.15533 82.98989 80.76933 69.46225 68.87315 70.39894 38.47753 56.01338 93.34524 296.6724 256.3114 421.3385 418.8744 423.1013 134.3492 61.78341 39.59775 177.6788 -9999 -9999 -9999 -9999 -9999 -9999 -9999 537.6832 583.1865 464.3843 670.8013 1054.183 1144.103 1157.423 1155.173 1614.702 -9999 1289.743 -9999 -9999 -9999 -9999 -9999 13876.32 14629.43 15774.18 16654.81 16453.81 14425.96 14129.79 15381.49 14311.57 13321.1 11033.73 9645.576 8826.473 7678.462 6595.405 5808.309 4520.587 2918.037
-9999 -9999 -9999 -9999 -9999 -9999 -9999 -9999 85.69199 -9999 93.22179 46.95566 56.02254 56.19993 70.86856 177.96 69.24983 56.45324 92.30908 53.72459 50.55681 182.4513 161.2828 124.9825 49.23074 39.59775 39.59775 -9999 -9999 -9999 -9999 -9999 -9999 -9999 -9999 -9999 -9999 -9999 -9999 882.6162 1124.824 1149.105 -9999 -9999 -9999 -9999 -9999 -9999 -9999 -9999 -9999 -9999 11067.66 12447.16 13814.33 13653.63 12986.1 12774.15 13118.71 13215.74 12879.13 11447.01 10286.85 9911.571 9323.808 8284.779 6243.808 3873.558 2439.909
-9999 -9999 -9999 -9999 -9999 -9999 -9999 -9999 -9999 -9999 -9999 45.93263 64.90529 169.1759 181.919 189.0124 189.0124 162.8796 176.0034 110.258 50.74335 36.12023 38.5956 39.59775 39.59775 39.59775 -9999 -9999 -9999 -9999 -9999 -9999 -9999 -9999 -9999 -9999 -9999 -9999 -9999 -9999 -9999 -9999 -9999 -9999 -9999 -9999 -9999 -9999 -9999 -9999 -9999 -9999 -9999 9443.481 10647.76 11252.28 10609.61 10435.14 11138.55 11859.43 11954.33 10953.75 9971.144 9554.819 8682.013 7481.653 6148.147 5035.491 -9999
-9999 -9999 -9999 -9999 -9999 -9999 -9999 -9999 -9999 -9999 -9999 -9999 150.7089 -9999 189.0124 189.0124 189.0124 160.4982 181.3456 191.0963 90.64668 106.5993 62.04667 49.81348 39.59775 39.43402 -9999 -9999 -9999 -9999 -9999 -9999 -9999 -9999 -9999 -9999 -9999 -9999 -9999 -9999 -9999 -9999 -9999 -9999 -9999 -9999 -9999 -9999 -9999 -9999 -9999 -9999 -9999 6155.848 6636.873 -9999 -9999 9079.027 9014.202 9572.764 9582.874 8828.222 8482.436 8127.213 7076.636 6149.402 5081.414 4421.952 -9999
