LSCAM_InData/LSCAM_InData/bombs_cambodia.asc
ncols         292
nrows         251
xllcorner     800180
yllcorner     -2175230
cellsize      2000
NODATA_value  -9999
[rows 31 to 61 of 251, columns 207 to 275 of 292]
732.7712 1170.108 2482.94 3259.775 4852.509 5760.04 6139.893 6545.814 7509.679 8889.316 9413.29 9436.863 7612.658 6034.467 4555.652 3918.156 2799.987 1191.522 399.2439 220.8345 148.6269 105.1823 103.4214 83.11099 72.84666 86.32217 88.59668 79.73322 72.59776 73.58401 101.6524 163.9469 206.5527 299.6225 395.687 449.8286 508.1068 503.5937 479.2656 501.136 545.9744 479.3744 552.8392 659.2581 737.5906 801.7494 882.1049 1355.457 2532.184 3619.816 4152.884 4732.699 5263.421 5951.54 7092.689 7540.478 8365.849 10183.2 14918.08 20588.27 23403.91 -9999 -9999 -9999 -9999 -9999 -9999 -9999 -9999
588.9792 1040.889 2111.285 3473.451 5153.954 6083.602 6460.237 7659.75 9174.971 10397.83 10708.62 10933.11 9609.285 7497.3 6078.528 4795.15 3542.989 2145.594 836.3251 299.2718 187.9969 104.8795 104.673 87.64915 79.83585 93.20255 88.05746 78.08276 68.09492 75.36523 83.97454 194.3717 402.9111 404.8619 423.6599 505.6623 565.8799 603.1147 626.2288 610.9742 600.1366 694.8095 736.5749 737.9616 773.8741 894.2601 1070.935 2234.204 3843.734 5130.5 5464.797 5936.685 6167.55 6559.439 8594.209 8336.208 10288.96 12518.97 15812.55 19177.06 24677.6 -9999 -9999 -9999 -9999 -9999 -9999 -9999 -9999
261.1121 680.5003 1627.626 3307.689 4936.316 5830.836 7042.028 8499.856 10484.66 11752.4 11801.99 11556.99 10301.61 8487.998 7128.104 5789.778 4084.41 2717.797 1276.456 477.5101 227.5693 126.5748 104.0651 77.88361 95.56936 96.09375 99.93695 89.38445 65.40911 78.77395 135.9012 330.269 446.4085 456.7911 478.5269 564.6364 620.2901 677.3557 733.9417 806.7919 650.1717 714.8489 770.7442 755.7155 780.5078 973.4241 1819.024 3515.053 4883.094 5438.635 5517.875 6116.136 6346.469 7108.85 9599.746 10147.59 12289.4 14348.99 16486.98 20738.64 22959.77 -9999 -9999 -9999 -9999 -9999 -9999 -9999 -9999
80.37865 357.5634 1209.018 3072.24 5045.175 6141.413 8055.913 10383.29 12188.93 12955.37 12288.12 11232.02 10046.57 8690.033 7812.358 6395.987 4477.713 3222.903 1553.741 711.1364 296.1255 138.387 87.96295 86.71148 96.68608 97.11795 98.99014 95.36696 86.36971 82.98283 125.1597 360.0198 447.0439 507.7416 516.0794 562.4053 972.4688 1087.481 1238.715 1383.238 923.0449 718.8618 825.256 854.3522 834.1294 954.4006 2392.904 3874.421 5017.748 5434.938 5854.676 6093.164 6544.913 7331.403 10043.07 12357.51 13753.73 15655.5 19104.34 21967.99 23704.97 24059.2 25860.66 -9999 -9999 -9999 -9999 -9999 -9999
112.7362 396.9141 1165.66 2442.029 4362.251 6501.288 9238.828 11263.18 12800.93 13651.64 12787.87 11379.4 10535 9100.195 8345.233 6981.11 4871.704 3510.569 1526.632 792.2985 265.6934 158.2504 121.573 98.55447 106.3231 91.46661 83.10651 90.63386 100.9743 95.72954 108.6633 361.0802 409.7517 446.772 612.3764 747.6082 1310.304 1359.779 1476.276 1586.106 1546.606 1484.005 963.7891 871.0735 867.2843 971.6967 2897.794 3895.925 4922.708 5362.047 5791.717 6076.833 6551.131 7648.911 10082.8 13006.32 14434.6 15692.56 19487.55 22350.61 24585.48 27393.6 28617.66 -9999 -9999 -9999 -9999 -9999 -9999
315.6277 709.8343 1495.839 2418.131 4411.184 6021.601 8447.209 9728.757 11291.5 12975.33 13216.64 12043.5 10953.19 9764.156 8546.941 7759.853 5238.811 3556.777 1311.206 565.5191 271.6316 205.9082 160.4975 67.66302 67.08826 85.5644 98.37954 86.65858 92.9242 103.1199 100.82 317.6816 383.8416 408.8219 991.2507 1183.824 1229.816 1338.592 1507.648 1595.687 1684.053 1609.983 1110.622 934.0864 948.2199 974.8602 2934.557 4006.417 4973.515 5670.712 6109.552 6370.334 6914.49 7994.669 9544.864 12013.72 13710.52 15513.98 18697.44 21650.01 25851.28 29094.89 26986.82 -9999 -9999 -9999 -9999 -9999 -9999
571.0487 1104.37 1786.254 2572.067 3620.823 5726.072 7528.137 9547.358 10917.27 13263.37 14373.78 12790.3 11111.17 9972.324 8570.622 7746.657 4772.389 3183.524 1489.408 601.4421 344.9339 229.9821 215.832 115.6313 73.89587 95.98198 80.58743 85.2057 86.416 101.9315 92.66749 292.8231 384.124 519.4683 1038.716 1250.204 1275.018 1344.558 1475.778 1570.372 1531.305 1491.255 1524.243 1174.282 973.1863 910.7197 2639.383 3944.383 4293.892 5215.695 5939.452 6253.547 7292.144 8196.5 9175.125 10724.78 11959.9 14084.66 17466.35 21708.16 25657.49 28617.02 30329.92 -9999 -9999 -9999 -9999 -9999 -9999
636.3762 1516.404 2049.455 2817.431 3337.137 4385.353 7580.287 9902.932 11103.85 12815.05 14036.59 13500.84 12582.75 10908.83 8749.576 6376.226 3825.22 2521.63 1418.196 843.7724 580.8356 372.6344 247.2583 163.7543 87.69228 73.57203 61.48985 72.67855 73.78922 98.36084 137.5093 334.1047 482.9781 1068.73 1343.359 1403.891 1407.518 1386.528 1476.942 1495.95 1453.889 1490.97 1517.696 1201.031 925.718 947.8926 2102.579 3386.642 3984.364 4348.17 5012.157 5955.726 6740.293 7755.245 8712.05 9484.387 10737.54 13528.25 16531.69 20480.38 24071.96 26967.6 28949.97 -9999 -9999 -9999 -9999 -9999 -9999
666.6752 1583.905 2348.56 2881.02 3604.375 5157.646 6092.299 7752.226 9746.774 11103.42 11689.08 11690.22 11418.59 9571.161 7177.834 4537.135 2844.618 1953.362 1186.845 838.3724 706.0775 608.1772 408.4604 213.4085 100.2487 64.65004 64.3826 69.36696 93.0517 150.498 244.4269 371.8058 722.0327 1329.635 1652.415 1725.163 1672.433 1576.513 1535.356 1521.768 1548.912 1571.276 1504.76 1149.182 821.4323 960.5062 1392.769 2056.804 3102.44 3838.286 4016.557 4501.267 5520.52 6725.636 7694.922 8476.462 9536.676 12535.52 16781.83 20366.56 22249.95 25591.41 31640.31 32852.64 -9999 29950.13 29514.62 27656.97 -9999
709.5775 1145.144 2320.99 2899.885 4348.997 5188.465 6143.889 7441.959 8648.767 9897.717 10150.34 9935.462 9228.921 8493.33 6592.675 4103.255 2296.131 1344.165 1018.092 836.3046 710.7783 654.4794 488.8081 266.8434 126.7924 86.55244 98.61105 123.4033 186.9553 307.451 539.9941 784.6407 1036.276 1632.691 2173.552 2157.175 2006.456 1826.243 1572.907 1523.658 1566.342 1522.366 1454.248 1127.403 746.2742 818.3152 1046.342 1185.664 1702.255 2703.896 3043.6 4295.307 5328.126 5718.012 6205.833 7413.485 8444.279 10541.04 13890.91 18332.95 22325.28 25462.45 33996.2 35085.93 37993.13 37296.24 37088.8 27409.8 -9999
701.5342 893.6837 1879.909 2661.933 3967.488 4975.627 5868.579 7298.533 8204.949 8756.203 8899.336 8696.527 8178.655 7398.688 5570.721 3984.462 2447.026 1306.112 991.7343 836.4001 713.1946 648.3352 523.605 326.5108 206.9837 162.4158 166.9366 191.8401 300.0074 567.0735 959.2783 1190.011 1297.055 1592.802 2092.334 2220.955 2185.354 2040.356 1683.422 1513.263 1462.918 1536.255 1266.666 653.9379 563.52 656.7992 953.6898 996.8862 1041.714 1248.782 2523.87 3351.115 4473.568 4661.015 4783.176 5940.547 6850.329 8539.859 11374.45 15864.79 27036.3 27200.67 29205.81 34715.5 37169.75 37413.02 36493.89 35851.79 -9999
689.3935 890.7403 1246.739 2092.706 3471.953 4859.434 5777.717 6670.017 7343.447 7511.751 7508.094 7161.808 6491.773 5745.749 4619.449 3501.813 2580.036 1621.519 964.8133 809.9651 724.7079 653.6335 528.0342 294.5167 225.5181 153.2691 148.4253 205.3833 452.4665 863.3757 1240.068 1423.867 1468.701 1589.571 1761.783 2199.164 2447.542 2712.167 2291.529 1541.765 1474.875 1492.807 1188.562 585.4284 514.2543 531.205 911.6227 950.6171 903.7806 838.6796 994.7969 2399.867 2973.792 3395.951 4015.653 4679.398 5918.494 8991.376 12052.5 23156.08 26083.81 26194.19 27639.08 32994.82 35213.27 35745.72 35843.7 34317.99 -9999
675.9581 829.8156 979.131 1296.272 2333.629 4055.446 5172.732 6134.1 6694.305 6396.209 6083.071 5754.026 5253.707 4854.07 3905.605 3378.083 2550.81 1609.829 858.0099 749.2644 664.6002 597.8948 489.2457 274.8255 235.0573 148.5286 140.6123 232.5113 586.1556 1074.154 1344.413 1453.225 1479.605 1611.127 1885.162 2444.562 3493.032 4203.938 4166.109 3412.892 2565.524 788.173 772.4919 622.3593 569.6094 522.2319 834.3075 860.9325 828.4353 785.6142 889.8458 2064.228 2486.695 2975.197 3489.215 4382.756 6224.737 7862.505 9959.811 19681.93 24138.47 25703.33 28465.27 32414 33328.91 34217.47 34344.02 32240.97 29574.26
739.7944 815.8789 935.5323 1058.658 1611.789 2543.386 3208.986 4645.031 5794.609 5441.774 5019.679 4916.113 4839.262 4501.787 3699.648 3334.59 2366.924 1379.378 750.0886 659.3402 577.4595 520.2977 329.3146 265.3031 186.9916 139.2716 141.2162 269.6804 576.3983 1238.278 1349.01 1457.559 1482.636 1707.874 2534.527 3681.262 4616.662 4786.7 4717.757 4068.851 3992.647 2774.568 1169.63 703.8603 560.1016 526.0787 636.0117 815.5933 803.9933 813.0079 900.4069 1933.89 2315.787 2507.346 3022.409 4777.61 6248.102 6947.264 7798.06 16400.47 22070.28 23619.21 26829.77 31390.07 31796.79 30864.38 30215.92 29662.76 29363.96
879.5009 923.2296 931.3326 1150.917 2011.231 2341.264 2819.142 3777.504 4975.568 4946.292 4755.905 4717.3 4524.25 3472.847 3301.445 2506.924 2000.337 1127.496 700.197 567.4304 544.1215 416.6819 221.9478 225.7234 152.4099 132.5776 132.8441 306.0146 555.1504 1184.353 1343.128 1469.848 1602.251 2113.948 3588.692 4555.613 4802.692 4676.121 4616.816 4363.256 4417.809 4332.344 2722.492 1271.193 740.3776 608.6101 541.5499 558.3495 531.1173 714.1235 886.5686 1629.08 1965.966 2160.107 3161.672 5062.786 6208.553 7922.5 10073.25 17140.84 21908.4 21964.63 24138.13 28355.51 30400.17 30222.54 31126.24 32158.63 31618.01
824.8829 1112.035 1709.875 1739.863 2079.387 2553.791 3510.36 3733.681 4700.377 4727.764 4733.792 4003.782 3638.243 2652.154 2338.063 2229.337 1260.166 603.2338 579.23 432.5821 334.5008 229.669 171.8011 192.8048 162.7979 134.9391 133.8477 269.4499 518.7546 1025.173 1286.266 1413.951 1583.092 2678.636 4160.841 4696.476 4860.426 4775.547 4591.764 4443.59 4391.947 4369.868 3740.782 2185.235 979.4572 641.0067 547.7626 477.6014 406.4305 375.8467 400.7845 567.0887 1385.955 2103.862 3360.544 5904.645 7843.268 8850.805 10049.92 16002.41 22538.57 22615.55 23256.99 25508.85 28270.73 29967.98 31338.1 32873.28 30168.85
716.9987 1605.993 2189.692 1931.454 2165.616 2334.749 2539.644 2578.411 3919.45 3438.405 3418.019 2996.375 2821.866 2491.784 1541.263 1072.479 736.0279 389.7056 320.6537 308.1221 226.9138 209.2713 161.9639 142.3285 139.2562 132.6969 136.0487 228.2426 429.9354 698.6462 1054.106 1283.454 1489.457 3295.721 4376.414 4627.348 4778.73 4690.678 4471.911 4382.644 4326.407 4272.479 4265.236 2801.634 1325.737 961.0499 700.6713 536.0447 456.4179 428.8486 388.9235 526.8017 1075.244 1643.276 3328.896 6782.202 8219.844 8689.216 9825.81 14378.21 20971.8 22902.25 23916.27 25093.5 26361.99 28483.13 33288.17 34916.4 30460.44
1071.399 2037.148 2178.26 2065.295 2314.572 2545.364 2621.131 2718.959 2836.121 2547.994 2263.553 2182.49 2040.37 1790.904 1369.066 1005.317 421.3535 224.3582 203.5491 270.2333 239.5705 231.8556 225.7142 188.5607 144.5398 134.9419 136.3333 184.7523 323.8115 459.4233 647.2675 938.3306 1201.447 2768.982 4147.88 4394.615 4556.08 4402.292 4216.974 4270.864 4416.791 4647.344 4538.015 3309.291 1990.28 1634.297 1247.474 925.2087 527.8488 491.6269 694.165 912.3649 990.357 1235.283 3064.288 6122.207 7036.104 7433.38 8161.927 10286.03 14140.38 21069.73 24528.66 25448.89 25717.6 28602.35 31161.59 27248.01 27802.2
1719.374 2092.064 2243.479 2173.72 2406.002 2720.15 2776.794 2839.462 2899.458 2866.62 2109.988 1598.249 1343.559 1086.366 757.2458 507.0352 361.6586 294.4551 266.7396 243.9811 213.3538 208.3107 212.8718 191.5615 159.1171 129.0299 111.6577 125.4293 185.3024 272.0788 354.4818 431.6493 638.0706 2043.989 3656.326 4004.472 4239.31 4146.686 4133.926 4412.298 4726.629 4902.086 4491.689 3248.807 2403.517 2257.019 2075.276 1916.826 1532.5 1176.657 960.0657 1039.402 1176.119 1484.831 3102.661 4644.093 6619.445 7158.31 7744.73 9931.136 13028.06 14542.62 20500.04 20194.31 20754.49 23459.56 26236.1 27960.91 28042.4
1827.124 2139.971 2266.315 2240.192 2504.823 2715.46 2761.921 2853.509 2936.52 2882.765 1969.618 1310.301 1157.085 963.6348 722.2073 514.1563 401.3768 357.6237 303.844 237.3419 193.9017 195.0732 195.9067 172.8798 147.1687 135.6334 81.90398 67.02707 82.58856 134.6345 225.0275 250.939 311.4052 1208.484 2857.982 3542.771 3959.698 4025.988 4158.814 4533.16 4944.793 4956.172 4446.261 3682.225 4029.231 3944.516 3953.029 4036.311 3864.45 3346.955 2848.854 1570.658 1426.131 1543.328 3482.025 4527.144 5740.529 7536.611 8317.102 10296.72 12431.36 13635.47 14760.71 16058.67 19355.02 22598.34 26597.08 27501 28270.38
1752.432 2219.514 2247.612 2223.166 2432.84 2653.659 2788.381 2906.078 2913.905 2586.545 1745.369 1255.848 1118.813 893.8128 618.686 474.1545 462.1185 411.7944 317.7222 254.6506 212.4497 203.6637 216.6732 232.5832 286.2017 344.4335 201.3376 135.0433 64.5632 70.1703 93.82455 119.0756 196.0433 419.3122 1251.368 2897.416 3829.43 3944.802 4128.577 4623.703 5146.341 5466.529 6001.077 6654.525 7501.28 7651.258 7929.938 7101.092 5772.08 4779.621 4902.508 4362.507 2651.618 2362.88 4488.452 6596.438 7576.53 7861.133 8185.5 9980.01 11755.52 12267.72 13854.45 16461.12 20012.46 22651.98 25402.68 27512.71 27997.93
1620.559 2097.362 2178.281 2381.786 2654.512 2920.547 3090.959 3105.841 2924.307 2262.081 1402.006 1177.374 970.3176 661.3616 489.2399 489.1667 471.3076 398.7569 301.2146 258.2343 245.3093 257.4895 416.2737 415.4262 414.9184 407.9582 366.2531 270.8873 160.6167 68.11053 68.06574 54.78261 121.4928 184.9888 345.5633 1198.105 2470.527 3016.075 3253.071 3944.17 5507.982 6906.782 8659.901 10297.99 10982.47 11082.71 10915.62 10253.44 8453.894 6523.48 6433.364 6745.306 5253.242 5867.404 7731.758 9702.959 10555.37 10660.21 9897.975 9604.994 10396.82 12626.03 15271.83 17730.83 21307.24 24995.14 27423.53 29068.04 29424.87
1176.141 1636.06 2205.748 2371.228 2583.716 2703.317 2837.817 2993.636 2821.477 1954.369 1115.693 914.1806 781.1827 614.1716 484.7733 478.0532 429.4154 323.0927 284.2894 283.8542 308.0766 408.6265 446.7318 443.4129 432.3786 414.8166 355.8732 302.351 288.8003 322.4822 228.9129 213.4341 150.2695 193.1291 248.6012 252.7787 474.5998 1183.835 1641.821 4124.699 6756.152 9863.878 11251.19 12223.94 12948.11 12982.33 12747.35 12516.46 11113.96 9152.228 8089.752 7571.566 8616.725 10230.25 10997.34 11811.8 12392.52 12799.38 13529.42 14348.48 15338.26 17114.18 18431.92 19562.91 22334.42 25350.56 28913.38 31247.79 31731.73
823.9182 1117.217 1642.027 2219.886 2437.783 2555.023 2444.435 2345.486 2113.418 1416.051 815.5283 732.8541 646.9591 489.5909 363.2496 346.0135 343.1765 340.7203 282.899 285.7478 308.9839 471.1639 471.0572 445.6414 445.623 412.3105 300.6093 380.6018 396.3049 472.7776 287.9549 243.551 330.5284 350.1928 273.3305 245.6437 272.2325 414.4882 1535.842 5315.173 8437.606 10428.9 11799.94 12726.47 13795.75 14376.81 14411.4 14361.61 13791.14 11164.73 8958.079 9199.599 11173.17 11935.69 12007.28 12309.51 13109.73 14523.65 16117.81 17067.34 17627.98 18600.52 19222.58 20191.09 21934.46 24692.67 27845.64 30017.13 32318.48
853.4914 1172.072 1203.752 1420.328 1324.884 1312.527 1343.115 1394.871 1433.742 1371.365 747.3448 671.3981 568.8603 355.0898 325.0563 276.4159 231.3305 340.162 270.4149 284.9701 409.291 470.4247 475.787 475.2732 443.6773 379.7746 318.2727 468.1006 479.8571 469.637 296.2854 231.6387 293.4018 332.8601 374.744 278.5097 331.099 677.3535 2244.38 6054.482 9455.743 11110.54 12206.25 13387.29 14663.39 15351.19 15664.35 15727.5 15068.56 12785.74 10647.89 11418.58 12972.57 12991.53 12720.04 12885.77 13268.5 13714.55 14670.36 15488.66 17081.81 18334.46 19061.4 20467.9 21332.39 23359.8 27022.07 28906.57 30442.74
2150.864 2501.79 1624.487 1340.174 1323.455 1375.048 1319.043 1442.173 1445.019 1405.214 747.2687 624.7406 444.6101 349.2076 278.7402 278.7527 260.5603 276.7149 260.6349 295.8382 461.4445 479.7386 484.0573 483.1462 393.892 328.9226 360.7137 479.5074 481.9216 460.6757 308.2331 218.5804 203.5273 286.7326 444.4027 681.4653 947.024 2023.866 3983.824 6983.117 9711.016 11439.6 12586.71 14065.73 15667.19 16282.21 16424.39 16371.68 15233.3 13197.09 11266.67 12002.04 13965.44 13600.82 13456.38 13715.16 14110.47 14434.59 15009.37 15835.79 17514.58 18692.55 18755.27 20025.73 21087.16 22229.31 23861.82 25496.18 28080.33
4003.366 3978.875 3324.597 3317.774 1565.724 1447.032 1565.206 1441.173 1314.796 1226.151 691.1498 509.0946 444.907 398.6369 328.2998 282.0235 252.8634 221.1655 208.0214 230.5031 372.7127 388.4582 388.0732 369.1267 353.7245 332.1418 443.062 509.6803 481.2649 456.6559 330.8239 241.3642 226.6116 275.7457 770.6707 1478.278 1839.616 2959.31 4822.225 7371.08 10367.8 11729.41 12156.35 13676.1 15549.34 16459.62 16733.42 17107.8 15569.4 12783.44 11530.61 11875.14 14067.7 13610.86 13233.51 13847.53 14331.41 14075.35 14874.34 15839.87 16991.16 17357.21 17546.12 18704.48 19864.55 21620.25 23217.06 24140.41 25445.42
3994.744 4227.366 4222.298 4072.263 3134.009 1808.258 1429.349 1271.499 1172.046 1074.722 651.3813 482.3639 468.7553 410.9257 357.675 283.6592 287.8664 354.1863 292.9497 214.3209 220.4519 291.9995 353.7429 356.0269 355.0809 337.5296 425.6735 508.9819 494.1356 413.3893 282.9744 249.1913 254.1575 561.3815 1279.453 1726.096 2015.756 2993.745 4681.238 6980.95 9867.607 11613.59 12097.55 12949.64 14557.78 15697.08 16416.53 16249.9 14721.49 12028.79 9946.781 10875.15 12929.98 12858.96 12552.47 13784.87 14368.35 14072.26 14561.71 15351.36 16317.01 14577.55 15649.42 16973.01 18148.26 19788.71 21606.77 21840.63 21399.96
3996.547 4323.896 4419.334 4297.946 4106.486 2284.332 1406.479 1300.697 1114.064 901.4526 603.1163 493.5697 501.0635 462.8266 371.6892 437.3748 655.4301 797.0136 758.0395 729.3422 521.568 309.9091 340.5899 337.4487 359.1967 339.9199 391.0649 495.3562 478.0236 388.3214 345.1807 366.5509 420.7847 966.5283 1924.323 2366.756 2828.772 3728.261 5077.75 6627.335 8488.449 10643.09 13216.05 14252.15 16257.77 17479.2 14575.34 12761.94 12223.67 9872.843 8693.688 8886.522 11158.44 11934.59 11972.53 12488.68 13702.67 13897.38 14842.69 14774.04 13784.98 12543.06 13604.62 15296.95 16425.87 17338.73 17504.56 16439.85 16234.41
4186.801 4207.185 4405.925 4426.876 4335.971 2819.074 1537.414 1240.574 1030.785 704.9193 529.3865 502.6215 523.4203 560.0254 910.175 1263.729 1270.88 1266.845 1209.244 1189.798 1043.576 703.7164 287.0764 313.1692 316.978 280.479 291.4951 444.1185 454.1564 409.716 432.1111 472.5248 881.1545 2379.266 3160.895 3748.721 4014.86 4538.984 5174.135 6041.448 7375.362 9594.686 18175.32 18350.85 19103.35 19630.99 14944.63 13045.9 6986.021 7437.412 6736.891 6807.948 8570.396 9867.738 10207.68 10707.47 11485.79 11904.79 13314.12 12213.04 10456.48 10642.57 12016.46 13877.33 14588.29 15084.86 14690.64 14754.79 14501.73
4295.192 4120.72 4141.967 4292.994 4368.28 3110.131 1517 1116.289 809.4123 572.1885 516.0635 496.9379 507.8489 825.8104 1361.5 1406.225 1600.845 1759.4 1813.756 1812.655 1748.691 2102.473 1239.377 405.2859 385.6034 286.0213 247.8819 394.5953 476.7549 589.0742 707.0663 1136.983 2118.49 3768.885 4212.306 4181.732 4254.541 4728.717 5217.442 5613.524 6363.162 15304.53 15458.61 14889.04 15521.8 15844.74 14044.4 12777.38 5532.569 5045.627 5558.297 5524.15 5807.374 6531.246 6682.87 7707.428 8472.026 8815.702 7873.175 7595.743 8082.381 8833.357 9672.249 10791.59 10847.99 11128.36 11444.07 11265.47 10884.89
