LSCAM_InData/LSCAM_InData/dem_srtm_cambodia.asc
ncols         292
nrows         251
xllcorner     800180
yllcorner     -2175230
cellsize      2000
NODATA_value  -9999
[rows 98 to 146 of 251, columns 192 to 287 of 292]
102 85 77 70 65 73 69 62 56 48 37 54 47 39 44 49 48 47 50 50 51 52 56 59 62 58 64 74 68 69 74 76 76 78 81 88 91 86 94 109 116 127 138 143 135 127 121 130 145 155 152 154 158 159 158 172 171 168 176 182 178 172 173 161 159 165 169 164 177 176 212 236 196 197 203 210 204 188 192 186 190 190 220 215 229 247 264 257 219 206 197 200 213 -9999 -9999 -9999
103 96 81 70 63 62 59 60 53 42 42 56 46 41 45 43 45 49 56 50 49 51 53 56 56 60 64 70 65 66 72 69 71 82 85 89 83 85 92 110 122 122 134 131 130 119 119 133 150 144 142 142 148 149 157 160 162 167 172 184 180 170 169 164 163 167 180 183 191 185 191 216 219 207 219 232 218 198 201 197 193 198 198 208 223 264 282 285 256 248 217 213 229 -9999 -9999 -9999
125 94 79 71 64 59 55 53 46 35 49 51 47 45 42 51 53 58 66 57 51 55 58 55 58 58 61 64 61 64 64 65 74 83 79 80 78 84 98 111 113 126 134 127 117 114 122 141 141 132 131 134 140 149 155 157 167 172 176 185 185 177 172 175 170 166 168 181 204 195 202 219 236 225 249 240 248 262 205 201 206 206 206 213 230 278 297 303 271 242 221 222 239 227 235 -9999
98 85 77 70 65 59 56 50 36 34 46 45 50 43 45 54 62 59 78 67 56 56 60 55 55 55 58 60 60 61 63 65 71 78 76 74 77 86 92 98 109 119 127 118 112 119 128 136 129 125 131 140 145 150 156 167 170 177 186 200 191 180 182 185 184 175 171 195 216 205 209 236 259 245 244 252 260 236 211 214 210 213 217 214 233 304 324 300 277 238 230 229 244 240 246 254
89 84 76 69 64 62 59 52 38 26 43 44 45 39 49 58 68 65 64 71 63 62 58 57 56 58 60 61 66 65 68 71 73 75 76 76 79 81 84 89 103 108 110 110 110 123 122 121 118 124 139 145 154 156 155 166 177 183 194 201 187 184 192 199 200 187 177 187 203 209 228 252 274 266 304 289 243 229 221 234 217 222 224 226 235 313 331 326 270 244 249 237 244 255 260 254
77 78 74 72 68 66 60 54 48 31 37 39 36 42 48 52 63 73 94 80 73 66 60 59 59 65 71 71 75 80 81 83 80 78 78 82 83 83 91 86 98 116 118 113 118 120 118 117 122 134 147 151 153 162 169 169 191 203 197 199 194 197 206 202 194 196 207 185 197 234 243 262 279 283 310 317 300 273 236 257 226 237 243 253 244 312 334 325 280 294 267 254 258 263 268 268
74 72 69 66 68 62 58 53 46 37 38 35 36 44 49 53 61 75 91 89 75 66 64 70 68 71 77 80 81 95 85 86 94 86 87 91 92 87 102 106 103 116 122 119 127 130 130 119 128 135 147 155 165 177 185 192 200 219 209 214 214 228 214 214 206 195 207 224 211 257 262 259 277 294 320 343 324 309 270 303 241 251 266 306 271 333 337 296 290 278 326 325 287 282 280 283
70 68 68 61 63 63 61 54 49 36 35 28 44 56 54 61 63 66 84 77 80 78 77 83 80 77 78 86 84 98 95 93 100 99 96 98 101 94 110 128 122 122 123 121 139 141 136 124 129 136 142 158 174 181 194 202 203 216 239 228 252 253 232 235 224 233 206 241 218 245 285 285 286 318 346 348 343 310 322 332 253 286 309 346 333 312 338 300 312 308 308 358 322 293 303 290
65 63 61 56 58 59 56 48 41 28 36 29 42 56 56 58 62 65 72 71 78 81 82 85 85 87 84 87 101 121 109 105 113 109 107 106 113 105 111 124 128 130 126 123 142 149 137 142 132 137 149 157 174 186 196 217 212 234 234 236 255 273 263 243 291 307 226 240 231 242 251 279 326 332 373 349 345 332 345 305 290 334 343 349 358 334 323 301 316 328 309 315 333 309 311 294
63 62 57 50 57 53 49 42 30 33 33 33 42 54 56 57 62 80 86 74 74 74 76 76 81 98 92 97 108 128 123 122 128 128 118 117 124 124 130 128 137 136 130 130 144 143 141 150 134 135 150 163 173 198 225 221 217 222 215 233 259 268 271 273 286 263 231 250 247 250 253 272 290 311 385 352 345 342 350 336 319 331 346 343 356 352 331 313 334 337 315 310 314 323 328 309
69 61 58 50 56 50 41 36 26 35 29 41 48 49 50 52 58 82 70 67 66 68 72 74 79 86 98 103 107 131 138 124 136 134 115 111 120 162 133 135 138 133 127 135 156 150 143 144 135 138 151 167 185 204 210 202 196 197 203 224 245 262 284 266 273 256 269 268 256 256 262 270 271 289 380 361 349 343 354 343 347 333 351 351 363 358 368 332 329 324 319 314 319 325 325 325
63 59 56 50 50 48 38 29 34 33 29 40 53 52 54 54 56 58 58 60 63 65 68 74 81 88 102 105 99 123 108 106 126 106 104 103 107 124 128 121 122 122 120 123 130 134 147 146 140 147 156 172 194 186 182 187 182 188 208 222 241 262 282 272 265 278 281 281 277 277 273 283 279 286 333 377 350 349 354 358 366 349 369 363 364 356 377 362 328 322 334 316 328 328 340 329
66 61 54 49 44 42 38 23 37 33 28 37 44 57 58 60 69 58 62 61 64 66 67 74 81 86 93 104 95 95 95 123 110 93 94 99 101 107 115 111 114 116 121 124 131 138 147 154 156 166 172 185 184 179 169 175 183 184 196 212 240 250 269 284 272 277 282 295 290 293 277 283 299 293 295 363 357 353 352 356 384 347 366 385 370 364 384 352 333 334 333 322 334 332 331 335
66 59 57 53 48 42 38 22 33 28 28 35 43 52 56 64 69 64 68 68 68 73 74 74 79 84 96 97 94 86 86 94 88 84 87 88 89 94 105 116 124 122 126 133 134 138 150 156 160 152 160 170 180 165 172 177 173 176 188 202 220 228 261 293 261 261 274 294 308 302 285 288 298 295 307 343 360 365 362 363 384 360 357 388 397 386 432 354 337 351 339 337 357 344 340 353
69 61 61 55 50 49 46 31 26 28 29 33 40 45 49 63 60 62 68 72 72 73 73 74 80 88 96 94 86 84 81 83 81 80 79 84 90 88 95 105 117 124 132 142 135 141 150 150 143 143 157 173 176 161 161 162 170 184 193 200 199 211 233 238 244 252 265 271 297 308 294 300 303 310 333 305 336 377 365 379 393 370 357 365 427 428 441 382 353 375 354 362 399 355 363 366
72 67 61 57 49 45 43 29 24 24 32 33 39 40 44 48 52 58 65 66 62 63 70 78 79 81 84 88 85 76 76 81 76 78 81 90 95 101 103 109 114 118 117 131 130 131 127 128 134 156 174 162 164 154 149 157 173 183 180 181 199 218 223 227 236 238 245 253 271 293 308 325 328 338 345 324 327 371 370 388 401 372 365 367 373 405 444 441 376 405 392 378 444 397 400 387
62 64 57 51 45 40 38 31 19 21 31 34 34 41 45 48 50 54 60 60 57 67 70 74 73 71 76 80 75 72 73 74 77 84 84 91 103 104 105 107 119 120 110 124 129 125 127 126 134 153 156 144 152 143 148 158 170 189 189 188 191 210 219 226 231 228 235 244 262 278 288 321 361 401 425 339 333 352 382 387 389 388 373 386 384 395 448 419 442 433 426 466 494 494 457 432
60 55 57 51 44 41 39 35 29 17 24 30 31 37 42 41 45 50 56 53 58 63 59 64 65 68 72 72 71 67 69 72 79 85 90 100 97 96 97 102 117 113 102 108 120 121 126 128 139 149 134 138 138 140 151 176 168 188 224 216 206 207 212 225 225 231 245 245 256 277 303 293 372 453 485 368 358 365 390 398 400 396 391 403 399 452 456 430 490 513 494 489 547 578 526 490
58 51 50 47 48 52 47 46 41 20 17 21 30 34 38 41 44 49 52 51 57 54 53 56 62 70 70 65 69 65 69 78 85 85 88 97 89 89 90 92 105 100 99 102 106 119 124 136 145 146 133 128 137 141 157 170 163 177 218 212 207 206 214 238 244 238 256 261 263 271 290 298 333 412 445 392 380 378 405 435 426 437 431 409 441 474 472 461 492 522 505 502 548 564 553 550
65 61 52 56 60 61 52 47 42 31 20 15 24 34 39 40 43 42 47 54 57 50 52 61 65 66 70 63 62 65 72 80 87 90 93 97 88 85 83 86 94 90 94 97 98 113 121 125 138 143 126 137 157 154 150 171 178 203 216 235 223 211 210 216 221 236 248 264 273 287 293 315 400 473 473 423 452 415 445 444 485 510 476 458 467 482 482 459 498 535 522 524 544 567 571 587
74 66 59 69 65 58 53 46 42 42 33 17 16 29 34 34 39 45 52 53 51 47 54 59 62 63 67 62 59 63 66 73 80 87 92 91 87 84 77 80 88 86 92 92 89 96 108 118 132 126 127 153 172 179 172 186 217 224 213 226 240 237 212 208 222 233 248 248 271 317 347 351 493 509 533 469 486 430 466 500 479 541 545 516 512 505 491 486 489 575 548 527 552 579 591 617
77 68 73 76 65 63 54 47 43 36 41 23 15 27 29 40 45 46 45 45 41 45 52 55 57 60 60 57 62 69 72 76 85 88 87 85 81 78 75 76 82 84 83 84 86 95 116 112 110 109 122 202 209 201 227 179 177 200 232 220 225 239 228 219 228 252 279 281 285 311 313 358 385 465 557 548 514 525 508 567 522 564 591 568 556 560 538 515 522 536 592 542 566 601 632 701
83 85 86 72 62 60 58 49 41 35 32 30 15 25 33 44 40 38 36 37 38 42 49 56 51 53 55 58 62 70 75 81 81 82 83 81 81 75 71 76 76 78 81 87 91 102 106 103 103 105 118 211 174 174 183 158 159 169 194 201 218 235 252 256 255 245 259 270 308 352 352 369 411 451 531 634 580 571 572 606 591 625 663 601 667 654 590 577 570 553 580 553 578 646 672 721
89 86 76 68 63 63 58 52 45 38 30 26 15 22 30 35 32 33 39 43 43 41 45 53 49 52 60 68 66 68 74 80 79 76 78 75 78 74 73 74 77 80 83 85 92 99 98 99 102 107 123 199 146 149 160 141 144 139 147 180 197 222 262 264 270 287 282 290 318 353 365 404 439 477 540 651 693 689 685 713 699 697 672 666 705 692 688 635 623 595 603 576 599 687 724 759
69 71 62 56 53 53 53 47 43 41 34 23 15 18 24 28 28 34 43 50 54 51 44 46 48 52 60 66 67 73 75 75 76 70 75 74 71 71 73 79 82 92 90 87 90 95 96 97 101 110 120 172 132 142 143 134 130 131 134 147 181 221 230 237 280 294 307 309 354 383 379 417 434 488 541 623 724 748 764 725 738 762 725 740 718 737 742 694 710 630 637 601 671 691 758 788
60 66 58 52 48 45 46 46 41 39 33 28 21 14 26 34 29 33 41 47 55 61 54 49 50 54 57 60 64 75 79 71 73 70 69 70 69 70 72 84 101 117 113 93 91 94 95 97 101 105 110 122 118 120 127 126 133 134 146 142 161 200 219 229 260 318 323 316 366 405 414 450 483 545 551 608 678 707 706 698 742 798 766 797 799 777 773 743 768 701 681 650 718 742 788 797
56 57 57 48 45 43 39 38 36 31 32 37 26 11 25 37 36 40 37 43 53 60 65 59 53 58 61 65 72 75 74 72 69 66 67 68 70 75 80 104 106 172 151 101 93 95 98 102 106 108 109 110 114 120 127 125 138 156 180 156 183 200 221 233 240 255 278 352 440 418 411 445 521 591 617 672 682 667 687 719 717 766 837 834 844 826 779 779 772 764 764 712 755 772 809 816
59 53 52 52 49 48 42 36 31 26 27 27 22 11 24 32 39 44 42 48 52 59 65 61 61 57 58 64 69 73 70 67 69 64 68 73 76 80 94 112 141 168 143 109 99 101 101 106 114 121 116 112 123 140 141 146 142 167 168 171 191 205 243 245 263 282 354 377 470 507 479 492 481 580 636 647 631 679 709 725 728 776 798 828 886 836 816 814 822 805 808 764 761 800 841 827
81 65 49 51 64 54 44 39 32 25 24 25 17 19 25 25 29 38 46 53 51 50 56 58 54 50 50 53 60 70 75 70 64 63 68 72 78 78 90 104 137 119 176 103 105 108 110 114 123 127 127 123 131 150 149 169 166 160 170 183 179 186 213 244 261 298 364 379 437 496 534 556 540 520 544 562 646 705 714 721 729 751 765 792 877 852 874 863 852 834 853 783 801 867 860 869
78 69 54 46 47 42 39 35 32 25 21 22 15 21 22 26 34 44 43 42 42 43 50 51 46 44 45 47 59 72 78 77 65 60 65 69 72 81 88 91 93 94 106 90 98 98 113 111 116 121 120 125 143 140 145 142 159 161 165 186 195 203 220 240 260 345 425 438 478 496 519 541 557 619 642 606 635 644 694 692 720 735 723 778 811 840 871 846 847 830 850 766 833 890 893 896
72 67 62 54 46 49 40 34 26 24 21 22 13 12 23 28 38 36 40 33 36 42 45 45 40 40 42 51 63 80 83 73 61 56 62 71 77 80 77 80 82 86 86 84 89 97 111 107 128 113 116 127 135 137 127 138 149 147 167 188 227 248 254 273 322 384 387 404 473 493 516 548 575 626 676 657 683 678 681 702 708 770 793 762 792 820 851 861 857 846 850 819 817 857 884 891
79 81 74 68 63 63 64 45 32 22 21 22 19 14 21 25 28 29 34 28 32 36 39 37 35 40 46 54 64 108 80 61 58 56 61 64 69 68 71 74 77 91 83 85 96 102 106 103 109 110 119 126 124 127 122 134 138 144 167 210 223 230 239 285 321 346 355 384 425 475 459 467 563 621 648 664 677 701 700 712 737 781 801 789 749 782 804 856 865 858 861 873 855 896 882 906
96 94 92 85 72 75 63 42 33 26 23 26 22 17 15 19 21 22 26 24 30 28 30 32 39 49 49 52 75 85 66 56 53 56 59 62 82 80 76 74 80 104 87 87 96 98 101 99 103 112 121 119 114 117 122 129 136 151 157 174 185 207 249 283 296 324 331 358 366 415 374 457 519 543 535 590 669 716 704 718 740 678 745 685 697 -9999 -9999 846 -9999 -9999 880 878 895 904 913 -9999
96 86 81 71 67 58 53 49 43 38 35 38 25 21 13 21 19 21 22 25 26 27 31 35 42 45 42 49 58 58 55 51 55 60 65 84 94 104 84 74 79 89 91 91 97 96 97 98 108 114 114 114 111 121 122 133 139 145 150 166 169 197 220 248 291 266 245 271 295 342 414 431 467 495 561 633 663 706 644 681 651 566 595 -9999 -9999 -9999 -9999 -9999 -9999 -9999 903 905 896 915 -9999 -9999
97 90 73 65 62 69 64 72 52 62 58 46 40 25 19 18 21 21 26 25 26 26 28 32 38 37 37 42 49 46 49 50 55 63 68 80 74 83 86 77 81 89 96 96 93 92 93 96 108 104 105 106 115 124 133 139 136 136 157 169 176 197 228 240 227 206 236 284 305 345 403 435 475 512 534 596 589 595 526 467 463 514 521 -9999 -9999 -9999 -9999 -9999 -9999 -9999 -9999 918 915 920 -9999 -9999
99 87 86 82 77 80 78 81 63 76 82 60 49 36 20 12 21 23 34 36 31 30 34 35 35 37 37 38 40 44 48 51 59 64 71 75 79 92 93 82 83 91 97 93 88 89 93 103 100 100 112 122 136 152 172 157 141 160 190 188 179 210 195 185 224 247 246 290 306 300 364 394 450 430 494 464 466 440 371 361 454 -9999 -9999 -9999 -9999 -9999 -9999 -9999 -9999 -9999 -9999 -9999 933 931 -9999 -9999
93 87 84 82 72 75 80 89 83 88 88 68 52 33 22 12 16 22 30 74 69 42 47 46 41 42 40 41 45 45 49 50 52 57 62 68 78 88 88 87 86 91 90 87 87 87 91 94 94 103 126 128 134 155 171 144 162 173 172 188 179 168 170 223 237 209 221 248 254 306 333 386 377 455 512 461 375 347 -9999 -9999 -9999 -9999 -9999 -9999 -9999 -9999 -9999 -9999 -9999 -9999 -9999 -9999 -9999 -9999 -9999 -9999
72 82 69 66 60 54 58 68 89 86 85 83 59 37 23 14 17 20 21 42 71 59 55 53 50 48 47 48 53 59 57 56 55 63 62 66 70 79 82 81 82 88 86 86 85 86 88 91 101 114 121 125 141 154 154 145 154 157 165 157 145 144 163 178 181 188 191 208 271 281 347 355 364 441 458 461 334 315 -9999 -9999 -9999 -9999 -9999 -9999 -9999 -9999 -9999 -9999 -9999 -9999 -9999 -9999 -9999 -9999 -9999 -9999
45 78 72 53 60 48 49 58 80 72 80 77 63 43 30 21 17 17 23 70 95 92 95 74 63 64 56 55 64 72 66 62 61 67 67 72 78 87 80 77 79 82 82 85 84 84 95 100 103 109 122 141 149 145 143 144 146 157 154 167 154 144 159 165 179 180 183 221 244 291 332 288 376 410 454 377 319 306 -9999 -9999 -9999 -9999 -9999 -9999 -9999 -9999 -9999 -9999 -9999 -9999 -9999 -9999 -9999 -9999 -9999 -9999
33 71 67 46 39 37 38 63 83 48 69 72 54 46 26 21 15 20 40 95 109 116 133 121 104 113 79 67 69 103 75 71 69 69 77 80 95 90 75 74 77 79 80 78 82 86 92 96 112 126 136 142 142 145 136 146 136 140 142 165 147 139 154 166 166 180 204 240 221 266 241 337 371 375 406 294 292 -9999 -9999 -9999 -9999 -9999 -9999 -9999 -9999 -9999 -9999 -9999 -9999 -9999 -9999 -9999 -9999 -9999 -9999 -9999
23 60 63 41 27 22 31 44 61 37 43 74 70 35 23 20 14 21 35 79 101 111 121 130 122 116 100 76 99 120 79 69 70 71 78 82 86 79 74 72 74 75 76 78 82 87 97 103 119 132 139 141 141 141 136 139 127 129 133 147 144 147 147 159 169 181 206 178 198 208 278 329 310 409 297 260 -9999 -9999 -9999 -9999 -9999 -9999 -9999 -9999 -9999 -9999 -9999 -9999 -9999 -9999 -9999 -9999 -9999 -9999 -9999 -9999
19 36 32 43 23 21 19 22 33 27 28 54 58 29 20 22 14 19 35 70 94 106 97 93 100 103 112 103 117 88 74 64 68 65 71 80 78 77 70 72 74 74 75 81 87 100 104 116 123 130 136 139 137 138 125 131 137 137 147 154 160 145 135 151 162 171 160 173 201 252 297 264 325 336 234 290 -9999 -9999 -9999 -9999 -9999 -9999 -9999 -9999 -9999 -9999 -9999 -9999 -9999 -9999 -9999 -9999 -9999 -9999 -9999 -9999
17 20 17 23 24 19 19 19 19 19 19 28 24 25 22 19 16 20 34 70 84 99 77 98 107 109 118 115 94 81 68 63 64 63 68 71 73 73 71 71 73 74 75 78 86 109 118 120 127 126 133 134 132 134 123 140 133 134 139 151 139 133 135 138 147 151 158 184 236 276 270 273 357 273 236 -9999 -9999 -9999 -9999 -9999 -9999 -9999 -9999 -9999 -9999 -9999 -9999 -9999 -9999 -9999 -9999 -9999 -9999 -9999 -9999 -9999
17 17 17 18 34 28 21 17 17 18 18 17 18 18 16 14 18 23 35 59 73 86 75 94 107 106 115 96 77 73 70 63 62 65 68 75 73 77 74 71 77 81 75 77 94 118 124 118 118 127 132 130 134 117 132 137 127 128 144 152 131 127 144 142 157 160 172 202 267 238 247 282 318 223 -9999 -9999 -9999 -9999 -9999 -9999 -9999 -9999 -9999 -9999 -9999 -9999 -9999 -9999 -9999 -9999 -9999 -9999 -9999 -9999 -9999 -9999
17 17 18 19 22 36 17 14 15 14 15 13 15 14 15 20 30 37 56 72 60 61 72 79 88 95 107 92 75 67 63 63 63 66 76 81 89 95 84 75 77 77 80 80 96 114 118 110 124 124 123 119 124 129 135 130 129 136 141 133 129 138 134 141 144 149 170 194 216 239 253 250 251 243 -9999 -9999 -9999 -9999 -9999 -9999 -9999 -9999 -9999 -9999 -9999 -9999 -9999 -9999 -9999 -9999 -9999 -9999 -9999 -9999 -9999 -9999
13 14 10 12 13 13 14 15 16 18 21 19 22 22 31 40 55 69 73 57 48 63 84 105 111 109 114 94 72 64 62 63 66 73 81 95 119 116 104 86 77 77 98 81 86 95 96 100 111 115 113 122 122 119 123 129 130 128 124 121 130 132 136 138 139 145 156 174 203 237 218 200 254 -9999 -9999 -9999 -9999 -9999 -9999 -9999 -9999 -9999 -9999 -9999 -9999 -9999 -9999 -9999 -9999 -9999 -9999 -9999 -9999 -9999 -9999 -9999
18 15 18 19 17 18 17 17 17 17 19 18 20 21 23 40 50 65 63 47 53 72 77 87 103 130 135 88 73 64 63 65 67 74 87 112 138 118 105 82 76 85 99 102 107 113 112 116 105 110 111 113 122 129 134 134 136 133 132 133 137 142 146 144 140 146 158 175 200 228 197 -9999 -9999 -9999 -9999 -9999 -9999 -9999 -9999 -9999 -9999 -9999 -9999 -9999 -9999 -9999 -9999 -9999 -9999 -9999 -9999 -9999 -9999 -9999 -9999 -9999
18 16 17 18 16 16 17 17 17 17 18 20 19 22 22 40 68 62 56 39 48 71 100 98 102 114 115 91 73 63 69 66 61 72 101 122 159 129 104 89 86 86 91 111 111 112 115 118 116 125 123 124 127 128 132 131 127 128 133 137 139 141 144 144 146 150 158 185 228 235 -9999 -9999 -9999 -9999 -9999 -9999 -9999 -9999 -9999 -9999 -9999 -9999 -9999 -9999 -9999 -9999 -9999 -9999 -9999 -9999 -9999 -9999 -9999 -9999 -9999 -9999
16 15 16 16 16 17 22 20 19 24 24 25 23 22 22 28 36 42 47 32 48 69 88 106 91 90 97 76 65 62 61 61 63 98 135 173 174 120 100 89 87 88 88 112 113 114 115 118 115 120 124 125 127 130 129 126 124 128 131 129 132 135 140 142 146 150 158 176 -9999 -9999 -9999 -9999 -9999 -9999 -9999 -9999 -9999 -9999 -9999 -9999 -9999 -9999 -9999 -9999 -9999 -9999 -9999 -9999 -9999 -9999 -9999 -9999 -9999 -9999 -9999 -9999
