LSCAM_InData/LSCAM_InData/dem_srtm_cambodia.asc
ncols         292
nrows         251
xllcorner     800180
yllcorner     -2175230
cellsize      2000
NODATA_value  -9999
[rows 49 to 97 of 251, columns 192 to 287 of 292]
-9999 -9999 -9999 -9999 -9999 -9999 -9999 -9999 -9999 -9999 100 99 95 90 89 86 76 76 74 78 81 78 80 84 85 91 102 99 107 127 132 115 140 289 145 145 225 126 130 123 114 109 114 105 102 95 101 104 105 107 114 121 135 141 159 169 167 228 342 356 344 298 289 271 252 244 231 232 266 255 361 350 291 225 193 203 176 177 143 136 136 142 154 151 -9999 -9999 -9999 -9999 -9999 -9999 -9999 -9999 -9999 -9999 -9999 -9999
-9999 -9999 -9999 -9999 -9999 -9999 -9999 -9999 -9999 -9999 -9999 94 90 107 95 91 87 79 74 74 78 82 82 89 94 94 99 116 127 150 142 123 134 193 227 156 146 112 111 111 104 95 97 100 104 101 108 122 112 110 119 128 146 171 151 201 209 226 298 336 336 327 294 273 273 287 279 325 291 290 354 311 271 235 204 200 176 177 150 138 140 137 139 142 155 -9999 -9999 -9999 -9999 -9999 -9999 -9999 -9999 -9999 -9999 -9999
-9999 -9999 -9999 -9999 -9999 -9999 -9999 -9999 -9999 -9999 -9999 94 90 90 89 88 85 81 73 74 79 81 83 85 94 102 112 179 206 179 131 123 135 139 143 133 134 109 105 99 96 91 91 96 98 101 108 113 112 111 115 122 145 180 181 179 194 231 277 293 311 338 296 284 293 291 285 310 311 308 313 307 287 252 228 195 183 185 163 144 153 142 171 203 144 192 180 190 -9999 -9999 -9999 -9999 -9999 -9999 -9999 -9999
85 87 62 55 63 82 90 95 97 105 106 110 105 95 91 88 89 83 74 75 76 82 89 91 95 102 112 280 298 175 138 126 124 127 127 157 167 112 103 93 92 92 91 94 100 106 103 104 106 107 110 115 141 162 151 147 159 220 259 269 315 350 322 325 309 308 301 293 322 302 291 292 258 245 250 202 198 212 185 167 171 149 215 220 175 194 210 209 210 -9999 -9999 -9999 -9999 -9999 -9999 -9999
96 83 69 53 59 63 75 77 83 93 104 108 102 103 102 95 82 74 71 74 81 84 87 94 102 101 116 180 250 157 138 123 118 118 123 196 179 102 98 93 90 92 99 105 105 105 103 105 105 110 111 129 132 137 141 151 175 254 283 289 305 358 353 358 330 332 325 311 303 293 279 296 243 226 232 210 208 232 226 190 223 206 228 219 225 215 231 229 244 245 -9999 -9999 -9999 -9999 -9999 -9999
95 80 69 61 54 62 72 80 88 94 101 96 91 93 96 95 88 72 76 76 77 86 90 93 102 106 116 128 146 139 130 119 111 115 112 118 105 96 93 94 92 92 101 116 112 111 106 106 110 112 117 136 132 136 145 166 223 254 280 313 319 348 384 358 347 335 361 330 306 291 266 291 250 217 216 225 243 225 244 235 218 220 232 220 226 225 240 231 237 251 -9999 -9999 -9999 -9999 -9999 -9999
93 87 72 68 53 64 82 88 93 101 104 97 88 87 91 92 78 71 73 73 82 86 89 92 98 101 107 111 124 125 129 114 109 113 112 105 100 93 89 90 94 93 104 142 134 123 119 111 115 121 124 127 132 141 151 194 250 278 299 311 318 346 401 366 344 349 360 332 321 299 287 281 268 238 220 254 245 227 229 232 223 216 228 219 222 234 233 226 233 241 227 -9999 -9999 -9999 -9999 -9999
88 87 74 67 52 63 75 87 96 100 101 97 89 84 86 86 83 76 72 84 82 84 85 91 103 103 102 110 122 116 112 112 108 114 110 104 102 98 90 96 97 95 100 119 133 135 123 118 121 123 126 127 132 142 165 209 248 290 309 296 299 331 363 357 322 318 336 326 328 311 314 298 274 261 234 273 252 234 229 221 228 220 222 217 221 219 216 215 211 206 206 -9999 -9999 -9999 -9999 -9999
86 80 77 63 53 65 67 91 101 97 95 100 91 80 74 80 85 78 72 73 76 78 80 89 111 109 107 111 115 114 109 107 105 108 114 107 105 101 90 88 93 103 115 122 123 120 119 121 122 126 124 136 156 167 172 188 248 277 276 278 296 326 320 303 303 303 331 298 294 308 302 294 267 255 249 258 238 228 229 226 230 216 218 218 213 221 207 199 179 189 187 180 -9999 -9999 -9999 -9999
81 77 67 52 75 88 92 86 83 90 104 94 86 75 72 73 74 74 72 66 74 84 90 97 109 113 109 107 107 107 108 103 102 102 106 107 100 99 90 86 93 109 124 120 116 130 130 131 131 137 140 158 201 219 198 221 234 240 249 261 277 281 295 266 281 275 282 267 270 273 290 274 264 245 231 233 231 226 222 219 213 209 205 207 212 207 199 177 171 172 170 172 -9999 -9999 -9999 -9999
99 85 64 55 64 75 81 78 85 94 101 94 88 78 71 69 68 73 67 75 79 84 89 96 116 124 109 104 106 102 100 100 96 92 93 93 91 92 88 91 97 111 115 113 115 116 123 137 149 208 193 186 197 210 214 222 216 219 229 245 245 259 253 265 245 262 243 246 255 255 286 260 285 275 240 226 218 219 211 211 188 201 219 215 235 241 216 172 162 160 166 229 227 -9999 -9999 -9999
115 100 83 55 55 67 71 75 85 89 92 97 96 87 78 66 65 66 70 81 88 90 90 100 114 111 105 100 102 100 95 96 98 88 83 84 90 95 93 96 102 109 111 134 120 125 144 147 179 163 187 186 192 193 192 200 188 172 172 190 224 227 235 248 247 237 229 236 246 241 254 242 259 255 239 217 221 210 191 191 210 217 227 219 221 217 172 158 158 163 190 257 232 -9999 -9999 -9999
106 131 100 60 58 63 73 75 84 84 92 97 89 81 77 64 72 75 77 83 93 101 98 109 115 109 104 98 93 92 90 89 91 88 87 92 90 94 97 97 103 105 110 127 125 117 127 132 133 133 146 161 163 184 206 192 152 128 128 131 179 212 208 226 251 230 227 221 229 216 216 215 234 233 222 192 196 208 188 209 233 244 241 223 192 171 157 176 156 171 241 208 208 277 -9999 -9999
90 81 103 132 101 61 55 71 73 85 97 88 77 73 69 70 79 81 83 88 93 97 104 109 109 109 101 98 94 85 87 85 83 82 84 90 88 91 92 92 96 97 103 105 105 109 116 120 138 123 128 131 168 195 232 168 134 124 121 125 153 180 195 204 207 203 238 210 196 212 195 166 178 212 214 183 159 164 166 217 210 198 210 183 179 152 152 230 174 184 238 180 187 230 -9999 -9999
85 83 92 144 132 79 50 59 66 81 90 82 77 71 67 65 74 79 82 87 94 101 107 110 108 104 102 97 92 85 92 94 92 85 84 88 91 94 93 93 97 97 101 102 111 120 140 121 134 120 123 132 174 208 222 168 126 122 124 137 170 153 206 217 174 177 212 203 182 192 184 161 161 174 183 168 155 158 192 214 200 172 171 157 156 146 157 176 179 200 199 169 169 175 201 -9999
84 90 88 95 90 67 62 47 57 74 80 81 86 70 64 66 81 85 96 99 103 108 99 105 102 101 95 90 85 90 97 102 97 91 90 93 98 102 96 96 96 97 98 107 115 128 121 116 135 125 125 139 179 157 148 136 121 120 127 147 142 164 198 211 168 162 194 179 176 173 150 154 154 153 166 159 157 154 170 187 196 198 169 155 146 150 170 191 172 174 173 163 186 308 302 -9999
93 93 91 86 75 68 66 54 55 66 82 76 80 66 67 71 78 92 103 115 112 104 96 99 97 95 87 80 90 103 100 107 102 97 97 98 98 103 106 107 114 103 98 105 113 119 125 120 124 136 151 185 205 152 119 118 116 118 122 129 125 145 159 168 153 146 173 174 162 167 145 144 141 165 211 160 163 146 152 162 172 171 161 149 144 158 179 168 157 162 160 160 189 268 364 -9999
89 91 90 79 75 67 65 55 54 63 72 67 69 63 74 88 93 97 109 112 105 100 90 90 89 88 77 86 99 106 109 104 99 94 95 106 100 98 115 109 114 106 101 108 113 122 127 127 122 121 149 186 166 125 120 109 110 117 122 115 116 126 140 142 128 133 166 152 163 150 138 139 141 215 230 185 151 144 144 152 163 160 147 141 143 163 157 149 149 151 154 163 172 252 338 241
82 81 87 76 72 68 64 55 48 64 71 62 62 69 85 93 89 97 96 94 91 85 78 81 80 81 83 92 101 105 112 96 90 89 88 93 102 93 107 112 112 116 111 109 121 123 156 163 118 136 125 122 124 119 109 107 107 109 113 108 112 117 124 122 119 138 149 136 149 147 140 140 148 206 172 153 146 140 138 153 156 151 141 138 140 147 143 146 153 156 160 168 183 211 235 197
76 74 77 75 69 64 60 49 52 70 69 58 62 80 87 83 82 87 82 89 93 78 81 93 95 94 97 101 107 115 107 89 84 84 83 83 88 88 93 97 96 103 115 126 116 112 122 126 111 122 123 116 120 111 105 102 103 104 104 102 103 112 109 115 118 124 140 135 135 140 135 136 142 157 153 147 144 138 137 142 142 138 136 136 137 138 141 150 151 153 163 167 173 201 191 171
73 66 67 77 71 63 53 50 57 68 62 60 65 72 74 72 63 71 70 71 82 85 76 92 96 101 99 104 106 102 92 87 87 87 88 86 88 85 87 90 92 97 102 111 114 115 115 112 104 105 109 115 118 107 100 100 102 102 101 108 101 106 107 117 132 146 153 141 127 130 132 134 138 143 140 142 146 150 140 136 134 131 136 134 135 135 140 140 147 153 160 159 170 196 172 164
72 67 61 72 69 56 52 59 57 62 57 61 60 61 61 60 63 70 69 71 68 70 69 76 88 90 95 100 94 89 98 92 82 85 92 91 91 86 85 87 91 93 98 101 107 114 109 105 106 100 105 110 109 105 97 105 103 103 106 114 104 106 106 127 139 159 149 127 135 134 133 138 139 169 142 137 154 153 142 139 132 130 138 135 132 136 133 140 146 148 154 152 164 164 157 165
84 73 62 63 62 48 59 59 54 55 57 57 57 59 63 66 71 84 81 79 76 79 76 72 83 86 87 96 88 90 103 90 83 81 85 87 94 90 86 92 96 94 92 95 97 97 97 97 98 95 97 99 102 105 98 101 106 105 107 113 115 108 106 117 116 143 135 120 127 128 129 134 144 178 165 147 170 149 144 141 132 129 131 132 132 131 133 141 149 150 150 147 151 151 159 166
107 92 73 58 51 53 55 50 54 54 55 57 64 70 67 72 77 85 94 90 86 85 84 78 76 73 76 84 84 94 99 91 84 80 83 85 94 96 87 88 96 91 88 89 91 92 92 94 93 97 96 96 100 102 97 101 110 115 113 114 123 113 105 107 123 138 122 119 121 123 125 134 148 133 131 137 168 139 135 133 134 128 126 127 130 134 138 141 143 144 142 144 151 156 166 163
81 82 79 49 50 51 50 57 61 60 61 66 66 75 72 76 79 83 97 96 93 94 92 94 91 78 82 82 79 93 86 83 81 81 85 89 97 96 90 88 91 88 89 93 93 92 95 98 102 99 96 97 97 98 102 102 109 117 119 121 124 118 108 108 116 115 114 117 118 122 125 135 131 123 125 120 127 126 126 127 131 128 127 127 135 145 145 136 139 139 141 149 156 165 163 162
83 69 62 45 68 70 65 63 67 72 70 73 72 80 82 87 89 91 108 116 101 101 102 107 90 85 87 94 79 77 79 78 80 84 89 91 97 98 93 89 88 89 95 101 98 98 104 103 109 102 99 104 100 98 100 103 109 121 122 137 127 120 112 115 108 117 118 119 119 128 124 123 124 119 121 119 119 117 120 122 129 127 127 135 141 145 142 134 135 137 144 149 156 162 157 156
76 70 49 46 74 80 91 87 85 85 81 83 84 91 118 131 131 106 122 143 119 103 101 94 87 96 93 100 83 82 82 79 80 82 89 90 90 94 92 92 92 92 105 115 107 112 113 115 114 101 104 111 103 99 101 104 107 119 126 133 126 116 115 125 111 110 113 114 120 118 117 117 125 119 119 118 120 116 117 122 126 125 127 142 139 138 133 132 134 137 140 146 149 156 151 152
64 56 50 43 68 84 93 107 111 107 106 112 122 134 163 170 141 125 146 162 130 116 105 97 95 99 96 92 85 85 81 79 79 82 84 85 92 98 101 96 94 96 114 116 114 122 123 116 107 103 105 107 100 101 102 108 108 114 125 134 124 120 117 118 117 114 110 113 118 113 111 113 121 117 116 119 119 118 118 122 124 124 133 135 130 131 133 132 143 141 140 144 147 148 149 153
61 50 57 43 51 80 90 103 118 126 138 148 163 170 171 174 169 159 164 164 133 129 109 109 107 103 104 95 91 90 85 85 83 84 85 86 94 95 101 98 96 99 112 115 120 127 128 112 109 106 109 103 103 102 106 109 108 115 126 131 130 133 126 121 122 118 108 112 114 111 114 112 114 115 117 118 120 120 121 122 129 127 127 128 128 131 134 139 146 147 148 152 160 153 155 -9999
63 54 62 51 43 67 93 97 103 113 133 130 143 158 171 169 166 181 186 182 158 160 159 141 132 114 111 103 105 104 89 89 91 89 88 89 97 102 102 100 99 106 110 113 126 130 131 119 113 111 109 107 107 107 108 113 113 115 127 135 134 143 143 130 123 114 111 111 111 113 115 112 115 119 122 119 121 126 126 131 135 134 128 127 130 132 131 139 143 145 150 156 156 158 157 -9999
62 59 71 51 44 58 80 91 106 121 128 144 156 160 163 148 165 167 163 180 182 189 177 145 135 132 136 141 134 109 95 91 105 96 93 94 99 111 109 103 105 113 121 118 126 128 132 121 115 114 113 112 109 112 112 118 117 119 131 143 138 141 137 127 119 113 112 113 113 119 116 115 118 120 123 125 125 130 136 138 147 144 130 129 131 140 138 137 142 146 150 145 146 147 154 -9999
54 68 81 51 49 63 75 84 110 143 149 157 155 144 143 140 143 144 152 161 167 172 179 161 152 146 156 175 154 118 102 97 101 99 100 103 105 106 117 107 114 121 124 116 134 144 141 124 118 119 120 116 113 115 113 117 121 128 142 147 144 139 127 120 116 116 114 113 114 119 121 122 122 119 123 131 135 138 151 150 152 140 128 131 129 133 141 143 140 138 141 140 142 143 -9999 -9999
57 76 82 59 45 54 69 85 112 136 143 149 123 116 118 123 130 135 144 153 162 175 163 161 159 161 172 185 144 135 111 105 113 109 110 116 120 114 124 115 125 128 129 124 154 156 146 122 121 125 122 122 120 119 117 121 127 135 139 144 139 133 126 121 121 118 121 114 115 116 127 130 131 124 126 136 147 152 154 158 151 135 130 133 132 132 134 136 140 140 140 141 143 145 -9999 -9999
54 71 74 71 42 49 63 92 103 115 132 135 100 98 125 124 131 126 128 164 165 147 133 142 149 176 190 189 179 141 133 132 146 123 118 124 131 129 136 125 135 133 144 154 156 161 137 124 127 127 132 127 120 120 123 133 133 137 138 136 131 127 124 125 124 123 123 116 117 120 131 132 136 128 128 130 140 152 162 160 147 137 133 136 134 135 134 137 147 152 143 150 150 149 -9999 -9999
66 58 55 57 44 47 51 76 102 138 150 118 89 94 104 101 117 182 176 162 155 129 119 133 133 150 154 168 164 152 156 169 171 138 144 148 155 158 153 137 140 138 144 152 154 154 134 131 136 134 139 133 126 123 130 141 144 139 140 138 133 129 129 131 127 130 121 118 117 123 131 139 135 136 130 129 135 144 148 152 147 136 136 142 136 145 140 139 145 155 153 150 156 153 -9999 -9999
85 78 76 61 42 51 51 79 106 138 126 90 79 85 93 116 167 183 144 137 136 124 110 120 132 140 145 159 138 145 138 159 158 158 155 147 154 166 167 167 146 144 152 154 157 154 145 142 143 143 146 136 130 131 145 153 150 144 144 147 139 136 134 138 135 132 128 122 123 126 136 139 143 140 137 133 133 140 146 152 143 139 138 142 139 147 148 150 154 158 156 153 160 -9999 -9999 -9999
83 76 85 60 43 58 47 94 112 120 89 74 76 84 86 142 178 125 119 110 111 107 110 115 130 132 139 127 120 122 121 129 148 140 145 138 147 154 164 181 172 159 157 155 157 157 166 167 155 156 155 142 141 141 154 162 159 152 151 158 158 141 136 131 128 127 126 123 124 127 134 144 147 145 146 135 135 140 144 152 148 141 141 141 142 146 145 151 162 166 166 163 172 -9999 -9999 -9999
69 66 65 58 45 59 45 70 94 99 74 70 78 99 78 100 129 109 95 93 94 89 115 125 113 112 110 103 103 98 105 118 135 126 127 145 159 164 178 175 174 153 145 145 148 158 166 181 172 184 186 159 151 153 171 169 170 156 149 152 148 139 134 131 130 125 125 126 128 128 136 149 152 150 143 137 139 149 149 154 144 145 148 145 146 150 148 157 159 167 174 186 199 -9999 -9999 -9999
83 82 63 56 46 47 48 57 70 71 66 71 76 79 72 78 131 104 82 86 83 78 91 120 114 93 97 91 94 92 109 108 118 110 123 137 149 160 171 170 145 136 141 151 168 188 187 208 196 207 207 173 168 171 187 178 168 153 149 155 157 141 138 137 132 128 127 129 133 133 137 151 152 143 140 139 146 149 155 157 146 150 155 147 147 156 156 154 164 178 210 237 -9999 -9999 -9999 -9999
75 67 64 61 49 42 43 53 58 60 60 64 66 67 68 70 114 108 82 75 74 72 78 94 104 93 92 85 86 88 98 100 109 105 110 115 128 142 157 144 131 135 144 154 170 191 199 208 207 211 207 194 190 198 188 176 168 159 154 153 148 144 138 131 129 128 128 129 129 133 139 149 150 147 144 140 146 156 166 157 152 152 157 149 149 159 156 160 170 230 277 246 -9999 -9999 -9999 -9999
88 86 67 60 55 46 43 40 46 51 54 61 59 58 61 68 77 97 81 69 68 71 72 76 90 86 82 83 85 86 91 94 97 103 104 110 117 122 127 124 128 141 144 147 162 164 183 199 198 201 192 186 189 196 183 173 173 178 160 148 142 138 135 133 132 135 131 131 133 134 139 152 151 146 142 142 147 154 165 162 151 156 156 150 149 160 157 167 187 227 231 247 -9999 -9999 -9999 -9999
125 110 82 67 67 60 48 48 45 40 47 54 53 55 60 64 73 74 80 66 69 74 74 79 89 81 81 88 86 88 88 94 95 99 104 107 112 114 119 126 131 143 145 147 151 150 174 171 167 180 178 183 189 202 182 172 176 177 167 153 146 143 139 136 139 147 134 133 142 149 155 156 150 148 150 151 153 165 166 160 155 161 161 155 155 163 166 168 170 165 177 201 -9999 -9999 -9999 -9999
115 101 80 70 83 73 60 47 44 39 42 46 52 56 59 67 66 63 69 75 70 72 89 106 93 86 89 92 95 96 94 94 101 109 110 107 114 123 118 120 125 127 129 137 140 144 156 159 173 172 184 189 203 220 188 184 177 168 169 158 150 144 140 140 147 149 138 136 147 158 166 157 156 156 153 160 168 174 171 161 162 169 163 156 158 179 229 248 205 172 170 170 -9999 -9999 -9999 -9999
106 95 82 83 83 72 62 62 55 44 41 51 43 50 53 62 59 59 63 84 86 93 124 111 90 89 85 93 98 97 101 96 101 118 119 113 121 130 127 119 120 124 127 133 136 144 151 160 180 181 190 184 193 202 204 191 180 165 164 164 160 152 147 146 141 139 138 141 148 169 167 162 161 163 159 163 183 196 170 162 169 164 160 162 180 190 259 286 220 178 177 172 -9999 -9999 -9999 -9999
112 105 90 83 73 69 68 67 65 55 36 49 49 44 56 59 54 57 64 85 104 120 110 85 80 77 78 99 92 87 94 97 100 107 112 117 129 130 131 126 126 131 133 134 138 148 158 166 173 186 205 204 209 207 201 196 183 169 180 177 171 158 149 144 140 139 141 148 156 171 170 168 163 167 165 167 178 186 167 172 168 173 194 207 199 201 220 226 183 188 187 178 -9999 -9999 -9999 -9999
97 95 89 83 76 68 67 66 61 51 44 50 43 50 58 55 53 59 70 75 87 86 74 76 71 70 82 92 85 82 86 89 92 94 103 111 117 120 114 128 133 136 138 146 149 154 170 168 175 165 177 216 225 218 202 186 192 190 199 183 176 166 153 146 144 143 143 149 153 172 179 171 168 168 171 175 174 176 170 177 186 241 224 194 207 317 267 204 189 191 200 177 -9999 -9999 -9999 -9999
94 85 82 75 74 71 73 66 52 41 47 49 43 53 56 53 55 62 75 70 67 69 65 64 66 71 74 79 82 77 81 88 87 89 97 97 108 110 104 114 117 126 130 147 158 165 163 151 160 156 168 193 195 195 191 183 182 188 190 190 181 173 161 159 155 146 144 149 156 168 177 179 178 174 178 183 184 181 173 179 213 225 204 197 236 309 226 208 202 191 181 178 -9999 -9999 -9999 -9999
90 88 82 83 84 74 73 64 55 40 39 52 40 50 52 50 51 60 63 59 64 60 58 63 63 71 67 73 77 74 80 87 82 90 96 94 103 101 99 108 114 123 135 146 154 149 145 140 148 154 170 175 177 176 179 178 181 188 183 185 179 171 162 157 154 148 145 151 161 162 165 183 180 186 187 188 193 191 176 179 198 234 229 226 246 239 224 222 197 191 182 181 -9999 -9999 -9999 -9999
93 86 80 79 80 78 68 60 55 44 35 52 42 38 44 50 53 54 56 54 58 56 55 60 64 67 65 75 74 71 78 82 82 83 82 92 97 96 93 114 116 120 132 141 142 134 132 135 144 157 164 161 167 166 162 167 182 177 175 183 185 177 173 162 154 154 153 154 168 168 180 186 183 194 194 195 199 187 193 181 191 233 276 247 238 230 240 230 200 196 186 188 201 -9999 -9999 -9999
