LSCAM_InData/LSCAM_InData/dem_srtm_cambodia.asc
ncols         292
nrows         251
xllcorner     800180
yllcorner     -2175230
cellsize      2000
NODATA_value  -9999
[rows 147 to 195 of 251, columns 96 to 191 of 292]
46 45 46 46 48 50 52 56 60 64 68 70 67 65 70 105 103 58 45 40 37 34 33 31 28 30 23 21 22 20 16 15 14 13 11 11 10 8 9 27 21 16 11 8 7 7 8 8 8 11 11 10 9 10 10 11 11 12 12 13 13 14 18 21 23 26 31 44 57 81 99 104 109 116 114 108 93 75 61 44 34 26 19 17 17 10 17 15 14 15 15 14 15 14 14 14
51 49 49 52 52 53 54 58 62 64 63 62 60 58 55 52 48 45 44 41 39 37 35 32 31 28 26 24 22 21 19 18 19 19 15 12 10 8 8 9 15 15 9 8 8 7 8 8 8 9 10 9 9 10 10 11 11 12 12 13 13 16 16 18 18 21 33 49 68 95 116 132 134 131 146 137 121 103 85 50 32 24 26 26 17 9 16 14 15 15 14 15 17 20 22 16
60 58 55 61 60 58 60 62 65 68 66 65 63 61 58 55 51 50 48 45 43 41 39 37 34 32 29 26 24 23 21 20 20 21 21 35 17 10 8 8 8 10 10 9 9 8 8 8 7 8 8 10 9 11 11 11 11 12 13 13 13 14 14 16 16 23 40 54 72 103 118 136 136 129 136 141 128 112 81 64 46 54 63 67 24 12 14 14 15 14 14 17 19 36 50 42
93 97 106 91 75 76 73 73 70 72 70 69 66 63 61 57 55 53 51 53 48 45 45 43 39 35 32 30 27 25 24 21 22 31 42 79 23 18 8 8 9 8 9 8 9 9 8 8 8 7 9 10 10 11 12 12 12 12 13 13 13 13 14 18 22 22 33 46 69 90 103 120 126 124 124 132 123 94 74 57 59 63 68 77 47 22 14 16 15 15 14 16 19 36 63 76
190 229 172 87 96 153 181 178 133 91 75 72 69 68 66 65 59 58 56 54 52 53 51 48 42 38 35 32 29 26 24 24 47 50 47 28 31 22 11 8 9 9 8 8 9 9 7 9 8 8 8 9 10 11 12 13 13 12 13 13 13 14 15 20 25 30 35 48 60 76 89 97 106 105 105 105 103 84 54 37 45 51 34 38 21 15 19 13 15 16 15 15 22 33 66 96
314 185 189 140 99 132 166 227 121 109 79 78 77 71 65 65 65 64 60 59 62 60 58 52 47 42 39 35 32 29 27 26 39 75 77 28 28 19 12 8 8 9 9 9 9 10 8 8 8 9 10 10 11 11 12 13 13 12 13 13 13 13 14 19 22 23 26 33 42 57 68 66 82 81 80 69 66 71 52 35 18 17 14 14 15 13 15 15 15 15 14 17 25 34 54 78
323 238 172 234 106 115 106 95 87 85 86 92 92 84 72 74 69 68 66 67 70 68 66 56 51 47 43 38 35 32 30 28 29 60 55 25 18 17 13 11 10 7 8 10 10 10 10 9 7 11 11 11 11 12 13 13 12 12 12 12 12 13 14 15 17 18 22 25 28 39 46 53 58 55 61 55 48 46 37 29 17 14 14 14 16 11 15 17 16 17 15 17 26 32 40 59
294 193 163 120 99 111 99 97 95 93 101 114 117 116 105 86 76 81 79 76 77 77 69 74 57 52 48 43 38 35 33 30 29 30 27 23 18 15 21 16 12 9 9 9 11 10 9 8 8 28 11 11 12 14 13 13 12 12 12 12 12 13 14 15 16 16 17 20 25 33 39 40 40 38 43 44 35 31 27 25 25 20 14 15 14 10 13 16 15 20 16 17 20 24 36 37
237 144 116 110 106 118 108 110 100 101 131 214 181 127 101 89 92 105 105 96 86 85 77 74 69 72 56 47 42 38 35 33 28 25 23 21 19 24 38 25 16 11 11 10 10 10 9 8 9 10 8 11 15 14 13 13 12 12 12 12 13 14 15 15 16 16 16 17 22 30 35 32 31 31 37 39 33 27 32 37 33 30 22 17 11 17 15 15 13 19 16 19 24 24 34 32
110 117 137 138 147 139 123 111 105 117 152 238 202 123 100 95 117 169 149 118 102 105 91 83 75 68 62 52 45 40 38 37 28 24 24 22 22 27 33 26 17 14 12 9 9 9 8 8 9 8 8 15 15 12 12 13 12 12 14 16 17 14 15 15 15 15 15 16 18 25 32 29 25 29 28 30 31 31 43 41 35 36 24 15 9 16 16 14 14 16 21 35 44 40 43 30
113 194 345 390 232 151 127 115 112 135 282 369 289 135 143 113 131 200 145 120 159 204 125 114 113 99 78 59 50 44 41 39 32 26 25 29 28 23 24 20 16 14 10 9 9 9 9 10 10 8 9 11 11 12 13 13 16 18 21 27 20 15 15 15 14 15 15 16 17 20 28 28 24 27 22 31 27 34 44 44 51 47 20 13 9 15 15 15 14 24 48 55 57 66 60 55
209 416 756 682 240 149 127 118 121 140 395 442 578 287 249 154 134 176 142 123 146 316 190 282 272 146 92 64 53 47 46 37 31 31 32 32 29 25 24 20 18 15 12 9 9 10 10 9 8 7 8 11 11 12 13 20 41 30 26 33 21 14 14 14 15 15 16 18 19 20 25 27 23 27 17 22 17 34 40 45 47 43 24 10 13 16 16 14 16 30 65 83 82 71 66 69
575 679 632 615 205 142 129 134 162 216 350 513 700 504 632 466 325 200 305 218 174 202 189 463 253 98 78 66 55 51 48 37 35 36 35 32 30 27 27 22 18 15 13 12 9 9 10 9 8 7 7 8 9 12 13 26 40 27 21 24 17 14 11 14 15 14 14 16 20 20 23 22 17 18 13 12 14 25 29 31 30 30 22 12 15 15 14 13 20 41 74 96 73 73 59 51
548 579 549 597 190 146 142 176 344 446 485 484 701 736 828 778 753 336 159 161 139 136 138 231 137 85 73 63 57 57 46 44 45 40 40 35 31 29 25 21 19 17 18 16 9 10 10 9 7 7 7 7 9 13 14 24 17 14 13 12 12 14 11 11 13 10 9 10 13 13 13 15 14 12 12 12 12 16 18 25 26 22 17 11 16 14 14 14 30 68 89 95 74 53 49 58
445 471 759 473 183 171 176 289 634 471 654 759 595 685 764 888 927 602 165 116 105 107 104 96 87 78 69 61 61 56 52 50 47 42 38 35 32 28 26 23 21 19 17 15 8 9 8 8 7 7 7 7 9 13 14 16 13 12 13 13 12 12 10 9 9 9 9 9 10 11 11 14 13 12 12 12 12 12 17 22 17 15 15 10 14 14 18 22 28 64 77 80 71 47 29 36
401 467 628 517 370 391 308 325 718 637 940 1004 811 877 791 576 496 401 142 113 99 93 90 88 82 74 67 62 58 55 52 48 45 41 39 36 33 30 28 26 23 19 18 14 9 8 7 7 7 7 7 8 12 12 19 13 11 11 11 9 9 9 9 9 9 9 10 11 12 13 12 13 15 13 13 12 13 16 16 16 15 15 15 9 13 14 15 24 26 50 56 51 35 31 22 23
224 318 361 464 555 596 537 484 692 977 1353 1291 1063 998 936 604 274 162 127 113 111 108 88 80 76 71 67 63 60 65 52 49 46 42 39 36 34 32 30 28 25 21 19 15 10 8 8 8 7 8 9 8 9 10 26 11 10 11 9 9 9 9 9 9 11 12 13 15 12 13 13 13 15 14 13 13 13 14 15 15 13 16 13 11 13 17 22 29 39 40 29 23 19 19 19 17
142 187 358 563 607 513 695 548 909 1036 1445 1610 1344 1169 1190 845 493 524 381 264 127 98 89 82 75 71 67 63 61 62 56 50 47 45 41 38 35 32 28 25 22 19 19 15 13 8 9 9 8 9 10 10 7 9 9 9 10 10 10 9 9 9 11 12 12 11 13 11 14 10 9 8 10 11 12 14 14 12 10 13 12 15 12 13 14 39 62 57 49 39 31 25 19 18 17 17
134 224 348 519 613 468 642 504 698 898 1303 1514 1546 1416 1405 1050 861 829 478 399 206 103 88 81 78 75 69 67 65 60 55 51 46 43 41 39 35 32 29 25 22 20 18 17 14 9 9 8 9 9 10 10 8 8 8 10 11 10 10 9 9 11 11 11 11 13 11 16 16 15 14 16 17 17 15 15 14 14 15 11 12 14 16 16 22 54 87 89 71 51 38 30 21 17 17 17
131 186 291 399 525 431 486 412 405 638 761 1096 1271 1361 1194 1005 1108 746 272 128 120 98 88 83 82 77 73 70 66 68 55 52 47 43 38 36 33 30 28 26 22 20 17 17 15 10 9 9 9 9 10 9 8 10 10 11 10 10 11 11 11 11 11 11 12 9 13 16 13 13 13 14 15 14 13 13 13 13 13 15 16 17 13 14 22 36 74 94 86 65 40 23 20 17 17 17
157 151 190 225 310 321 421 326 211 248 415 805 1131 1231 832 664 814 559 226 127 102 98 93 90 85 78 74 71 66 61 56 51 47 44 39 36 33 28 24 23 21 20 18 16 15 10 9 9 9 9 9 10 10 13 12 11 9 11 11 11 11 11 11 11 13 8 15 13 12 12 12 13 13 12 12 13 13 13 13 13 14 16 12 12 16 26 45 78 89 71 42 23 18 17 17 17
238 160 160 200 381 357 330 256 192 204 356 660 949 1078 747 326 286 481 288 132 109 104 100 93 85 81 81 76 68 67 62 55 50 48 42 37 35 28 25 21 18 16 15 12 12 9 9 9 9 10 10 11 11 12 14 10 9 12 11 11 11 11 11 11 13 10 14 12 12 13 13 13 12 12 13 13 13 14 15 15 16 14 12 12 16 27 48 64 63 60 40 24 18 17 16 16
421 267 162 209 542 550 267 199 180 209 440 694 730 696 598 337 173 252 331 125 114 107 100 95 86 90 96 92 83 81 70 64 54 47 41 36 37 27 23 19 17 17 16 12 9 10 9 9 10 11 11 11 10 11 12 10 11 12 12 11 12 13 13 11 9 13 13 12 13 13 13 13 12 12 13 14 15 15 15 12 14 12 13 14 18 26 37 42 38 34 26 22 16 16 16 15
503 406 182 185 305 612 370 251 213 191 304 316 515 488 213 222 182 200 164 148 134 111 103 96 99 110 116 123 109 95 81 72 60 50 42 35 31 27 24 22 21 19 16 15 13 9 9 8 9 12 10 9 9 11 9 10 12 13 8 8 10 11 11 12 13 13 12 12 13 13 12 12 12 12 14 13 14 13 14 14 14 12 15 19 19 20 28 29 27 24 20 18 16 15 15 15
576 445 215 181 259 554 581 562 316 167 186 202 217 232 233 217 166 152 141 147 124 114 112 102 114 138 144 143 124 104 89 73 63 54 46 37 33 30 27 25 24 21 19 17 14 8 9 9 9 9 9 9 8 10 8 11 11 9 9 14 13 14 12 14 14 13 12 12 13 12 11 12 11 12 13 13 13 13 14 15 14 13 14 15 14 16 19 19 22 23 18 15 15 14 14 14
377 449 297 184 214 622 702 506 307 163 170 183 185 187 207 238 169 147 136 131 121 118 114 115 141 185 330 159 123 104 86 75 63 54 47 42 37 33 30 28 26 23 17 12 11 11 10 9 8 8 9 8 9 9 8 12 12 8 11 14 13 11 12 14 15 14 14 13 12 11 11 11 11 12 13 13 12 13 13 15 14 13 13 14 14 13 14 16 22 24 19 15 13 15 15 15
268 336 328 183 208 571 609 341 243 162 161 165 172 187 188 176 158 147 132 121 114 112 115 133 159 172 295 177 133 103 80 73 65 57 51 45 39 34 32 29 25 21 16 18 17 16 11 9 8 9 10 9 8 8 10 11 11 12 11 13 11 11 14 15 15 13 12 12 12 11 11 13 12 11 11 13 13 13 16 14 14 14 13 13 14 13 13 15 20 24 20 14 13 13 14 14
242 207 203 167 178 324 443 260 195 153 145 152 160 184 159 166 144 139 130 114 110 108 106 118 136 141 149 140 130 99 72 68 60 56 50 42 34 31 29 26 22 20 21 21 18 25 12 9 8 8 9 9 9 10 11 11 11 11 13 10 11 10 12 14 14 12 11 12 11 12 12 15 13 12 11 12 12 13 16 14 13 15 14 13 14 13 13 13 14 18 18 14 13 13 13 14
260 178 145 138 154 220 267 192 166 147 133 139 140 177 149 138 131 126 123 109 102 104 99 96 99 109 111 104 94 76 66 58 53 54 43 37 34 33 31 27 28 26 23 20 20 20 15 9 9 8 8 9 9 11 11 11 11 12 13 12 11 9 12 13 13 11 11 12 12 12 13 14 12 13 12 12 12 12 13 14 13 15 13 14 15 13 12 12 12 14 18 14 12 12 12 13
282 185 140 131 129 147 158 155 141 136 128 130 129 130 135 130 128 117 112 105 97 94 93 90 85 92 86 85 79 71 63 56 50 44 41 37 39 37 33 32 30 26 24 21 18 15 13 10 8 8 9 9 9 10 11 11 11 11 11 12 11 10 13 12 13 12 11 13 10 10 12 13 11 11 12 14 13 13 12 11 11 12 13 14 14 14 13 12 12 12 13 14 12 12 12 12
191 163 144 136 125 120 128 131 130 127 123 122 120 121 128 123 119 113 108 105 102 98 91 84 79 78 74 72 69 69 63 57 50 47 42 42 42 39 36 33 30 27 22 19 17 15 12 9 8 8 9 9 10 11 11 11 11 9 11 9 9 11 11 11 11 11 12 13 11 10 12 12 11 10 11 11 12 12 11 10 11 12 14 13 13 14 13 13 12 11 11 12 12 12 12 11
217 151 138 132 128 120 116 112 128 121 118 115 120 131 133 126 122 120 118 132 113 105 94 84 82 76 71 67 64 63 61 56 51 47 46 48 45 41 37 33 29 25 22 21 19 17 15 14 9 9 9 11 11 10 9 11 7 12 10 9 9 11 12 13 12 11 13 10 10 10 10 12 12 9 9 9 10 11 10 10 10 11 13 14 13 13 13 13 13 12 12 11 12 12 12 11
250 144 133 128 125 117 113 102 107 118 110 118 162 188 152 133 189 264 150 157 127 112 109 93 94 82 76 71 66 60 58 55 51 50 51 48 44 40 37 33 29 26 25 23 19 16 15 12 8 10 9 11 9 9 10 7 7 12 9 8 9 11 15 15 13 13 12 11 11 13 12 12 11 8 8 8 9 11 11 10 9 10 12 13 13 12 12 13 13 13 12 12 12 11 11 10
147 133 126 121 123 118 106 102 98 108 107 145 159 182 167 146 354 340 246 133 154 130 125 99 92 91 85 77 73 69 64 59 56 51 49 46 43 41 38 35 32 28 26 22 19 17 17 15 9 10 10 10 9 10 10 7 7 12 9 8 8 10 13 12 13 12 12 12 11 10 11 11 10 8 7 8 9 9 10 11 9 10 12 13 13 12 12 12 12 12 11 11 11 10 10 10
222 140 129 118 126 114 126 102 93 103 100 106 118 136 151 129 219 149 159 160 116 115 112 99 88 82 80 76 71 67 66 62 58 53 48 45 42 40 36 35 32 29 26 23 26 37 20 16 11 9 10 11 10 10 9 7 8 11 9 8 8 9 9 9 10 12 11 10 8 8 8 10 9 7 7 7 7 7 8 10 9 9 10 12 13 14 12 12 12 12 11 11 11 11 11 11
235 170 125 113 116 107 106 101 91 95 96 95 103 113 111 112 119 125 131 125 124 125 107 93 88 83 77 71 68 64 63 61 57 54 51 47 44 45 39 34 29 28 26 23 31 41 23 12 9 9 10 11 10 10 10 7 10 11 10 9 9 10 9 8 9 11 10 11 8 7 7 9 8 8 7 7 7 7 7 10 8 9 10 11 12 13 13 13 12 12 12 11 11 12 12 10
193 137 123 140 114 102 98 96 88 86 89 88 94 99 99 104 129 141 148 151 125 188 115 95 83 80 75 71 66 61 58 60 59 52 50 46 45 42 39 33 31 26 25 23 21 21 17 11 10 12 12 12 9 10 11 8 10 10 11 10 8 8 9 8 9 11 10 8 8 7 8 10 8 9 8 7 7 7 8 10 8 9 9 10 11 12 12 12 12 12 12 12 12 12 11 10
124 121 119 131 124 134 133 97 92 85 79 81 83 91 88 99 111 132 166 243 129 111 102 92 81 75 70 66 65 61 57 53 57 52 47 43 40 42 39 37 32 28 26 22 20 17 13 12 13 15 13 13 11 10 12 10 10 11 10 9 8 8 8 8 9 10 10 8 8 8 7 8 8 10 8 7 7 9 9 9 9 10 9 9 10 11 11 12 12 13 13 13 13 12 11 11
118 115 125 157 199 253 170 137 104 89 79 76 77 85 81 90 102 126 156 234 146 109 97 91 90 78 70 65 61 59 55 52 53 51 46 44 40 59 48 38 32 28 25 22 19 17 13 15 15 15 14 13 12 13 14 14 9 14 12 10 8 8 8 8 8 8 10 8 8 8 7 7 7 7 8 7 7 8 8 9 8 9 9 10 10 10 11 12 12 14 12 12 12 11 12 11
139 126 134 175 338 305 212 147 110 91 86 76 73 75 76 86 95 107 114 202 137 111 97 88 81 79 74 67 69 61 55 52 49 50 46 43 41 35 35 34 31 31 24 22 18 17 15 17 16 15 13 14 13 14 16 18 9 9 10 9 9 9 9 9 8 8 8 9 10 8 8 7 7 7 8 7 7 8 8 9 8 8 8 9 10 10 10 12 13 13 12 11 12 12 12 12
164 133 180 221 363 397 367 181 119 94 86 79 72 71 73 87 88 94 95 103 102 106 99 88 87 94 77 72 72 64 57 51 46 46 46 42 38 36 33 33 30 28 23 22 20 19 17 18 17 15 14 13 12 13 13 14 13 11 11 12 11 9 9 9 8 8 8 8 7 8 8 7 7 7 8 7 7 8 10 8 8 7 6 8 10 10 11 11 12 12 11 11 12 12 11 10
144 157 170 206 226 223 286 195 117 107 101 96 87 70 73 80 77 81 84 84 89 92 104 91 85 84 71 71 65 59 54 49 45 41 42 44 40 37 34 29 28 27 26 24 22 19 19 19 17 16 15 13 12 12 10 10 13 11 12 12 11 12 12 13 11 8 7 8 7 7 7 7 7 7 7 7 7 7 9 8 8 5 6 9 10 10 11 10 11 12 12 12 12 11 10 10
171 181 198 199 175 169 156 214 192 151 135 120 103 86 70 67 66 72 76 74 75 86 90 91 74 75 65 65 68 59 56 54 49 43 38 41 42 38 34 33 31 28 27 24 21 21 21 19 18 16 15 13 12 12 11 9 10 11 11 11 9 9 11 10 10 11 9 8 7 7 7 7 7 8 7 7 7 7 7 9 8 6 6 9 10 11 10 10 10 11 12 11 11 11 10 11
178 211 256 186 216 220 267 475 255 233 168 136 111 97 81 68 62 62 69 66 67 72 80 82 69 70 60 58 63 57 53 52 49 44 38 35 39 39 36 32 31 28 26 24 22 22 21 20 19 17 15 13 12 12 11 9 11 11 11 10 10 10 10 9 8 9 8 7 9 8 7 8 7 7 7 7 7 7 7 8 9 7 6 9 10 10 10 10 10 10 11 11 11 11 11 12
262 242 217 206 262 243 441 410 277 241 180 150 115 106 90 74 65 61 59 58 60 63 79 66 66 60 58 51 56 55 51 47 46 42 40 35 32 35 33 31 28 27 26 24 23 22 20 19 18 16 15 14 12 12 12 10 12 11 10 10 10 10 10 9 8 7 7 6 6 7 7 7 6 7 7 7 7 7 8 9 9 7 5 7 9 9 10 10 10 9 10 11 11 12 13 13
495 287 238 304 386 391 496 394 332 219 178 153 128 130 107 81 71 66 59 56 53 58 59 59 58 55 53 50 49 49 51 47 41 39 36 35 33 29 30 29 28 27 25 23 22 21 20 18 17 16 15 14 14 11 11 10 10 9 8 8 8 7 10 9 7 6 6 6 6 6 6 7 8 6 7 7 7 7 7 9 10 8 6 8 8 10 10 10 9 9 9 10 12 12 13 12
655 422 386 456 435 638 481 399 327 234 176 142 123 117 101 82 80 77 66 59 53 52 52 57 55 51 48 50 46 45 44 41 39 36 36 33 32 31 28 26 25 24 23 23 21 19 18 17 16 16 15 15 13 12 11 9 8 8 7 8 7 7 9 9 6 6 6 6 6 6 6 6 6 8 7 7 7 7 9 7 7 6 10 10 9 11 11 10 10 9 10 10 11 11 11 11
632 497 379 406 387 568 620 524 509 266 191 144 118 110 93 85 93 82 70 62 56 52 49 47 47 49 43 44 43 39 39 37 37 35 35 34 33 32 29 28 26 26 24 23 22 20 19 19 17 16 15 14 13 12 11 9 9 8 7 7 8 9 8 7 6 6 6 6 6 6 6 6 6 6 9 7 7 7 8 6 5 6 9 11 11 10 10 9 10 10 10 10 10 10 9 9
573 471 326 347 357 452 599 549 559 409 302 158 111 99 85 82 78 81 68 62 56 51 49 47 55 45 43 42 42 40 38 40 41 37 38 40 39 39 34 35 32 29 24 26 22 23 21 20 18 16 14 14 12 12 10 9 7 7 7 7 8 10 7 6 6 6 6 6 6 6 6 6 6 6 8 6 7 7 8 5 5 7 10 10 10 9 9 10 10 10 11 10 10 9 9 9
