LSCAM_InData/LSCAM_InData/dem_srtm_cambodia.asc
ncols         292
nrows         251
xllcorner     800180
yllcorner     -2175230
cellsize      2000
NODATA_value  -9999
[rows 49 to 97 of 251, columns 96 to 191 of 292]
82 110 108 107 114 121 134 137 131 124 126 133 130 113 96 91 86 82 81 80 74 69 72 80 79 81 71 74 69 71 76 80 84 89 91 87 86 88 83 80 81 73 70 70 73 71 74 71 76 76 79 81 84 90 97 97 106 115 119 125 125 121 132 125 121 115 115 118 114 111 110 111 114 112 111 124 131 127 148 148 147 138 140 129 120 114 112 109 112 106 98 -9999 -9999 -9999 -9999 -9999
85 92 100 109 125 129 150 155 145 140 145 154 138 124 113 100 90 90 94 92 84 73 68 70 72 75 75 68 65 70 77 77 79 80 87 88 87 88 86 85 83 77 72 69 70 67 70 70 72 79 78 80 84 88 95 102 104 108 114 129 138 152 142 124 122 118 121 119 114 111 111 113 119 121 130 129 132 128 117 122 121 119 116 126 114 119 120 111 107 103 96 98 88 -9999 -9999 -9999
89 98 110 121 129 144 148 149 143 137 136 132 130 123 122 108 98 104 109 95 83 75 72 66 69 74 74 72 66 71 72 72 75 77 85 88 84 90 90 87 83 77 71 68 64 65 71 78 79 84 85 84 87 91 94 102 121 128 142 162 159 135 124 122 119 121 123 118 115 114 116 117 129 129 129 124 119 115 111 112 111 110 110 112 119 116 118 118 115 110 106 97 94 110 124 -9999
109 120 125 125 133 141 136 136 137 126 128 124 114 109 103 99 98 106 99 94 92 81 75 73 67 67 69 69 66 66 67 74 79 82 86 86 79 80 80 78 76 72 72 70 64 65 78 96 109 102 86 87 88 94 95 114 138 124 128 138 138 129 125 123 126 129 126 122 120 119 119 114 117 120 119 117 110 115 111 115 113 108 104 111 129 111 110 119 108 105 109 101 98 123 218 124
119 110 115 126 142 144 128 125 124 116 112 120 116 107 104 102 103 109 104 99 112 98 83 79 69 68 66 65 65 70 73 79 84 88 89 83 78 73 72 72 72 67 68 65 64 64 76 92 107 98 90 90 93 95 102 109 126 120 120 121 120 120 126 129 129 125 122 123 127 122 124 112 115 110 125 113 107 120 122 121 115 110 102 102 104 106 101 101 99 94 93 95 99 105 103 98
100 108 120 131 137 147 133 125 119 116 101 107 109 108 111 126 129 126 118 109 111 103 103 84 81 85 85 68 84 90 81 78 78 83 91 86 77 72 67 65 64 68 65 62 61 62 85 113 108 106 102 98 96 99 101 106 132 152 126 121 111 110 114 122 119 120 121 124 128 123 118 110 110 111 112 117 111 109 114 115 113 99 100 99 97 104 105 97 94 90 97 97 100 100 98 96
94 102 111 126 129 130 124 120 133 120 98 97 96 100 116 179 216 210 174 116 110 112 105 102 103 97 84 68 83 108 83 78 79 82 84 85 81 77 72 65 61 62 65 60 62 67 92 102 104 126 134 134 116 104 106 110 121 148 136 133 113 105 104 108 108 110 120 127 124 122 113 111 108 109 109 109 109 101 104 107 104 104 98 98 97 95 99 99 93 92 98 103 102 96 90 90
106 102 111 116 122 128 118 111 121 110 98 94 95 92 99 107 108 123 144 116 108 101 99 92 84 77 78 73 66 74 69 70 78 82 79 78 78 81 77 69 64 59 58 60 63 69 94 90 118 127 140 151 148 116 122 129 125 126 146 163 121 103 99 98 100 104 118 122 121 115 113 109 107 107 107 107 105 103 104 102 104 103 102 102 98 96 98 93 89 90 95 100 100 98 93 93
119 124 127 118 132 126 114 109 112 105 94 91 89 88 93 95 97 102 130 114 105 95 93 95 81 75 76 72 66 62 59 64 67 69 73 71 69 73 78 73 68 63 59 59 65 70 79 98 102 113 133 151 149 132 147 151 154 159 152 155 117 98 99 92 94 102 117 125 119 122 121 118 115 112 111 110 111 107 114 109 105 106 105 102 100 98 95 93 93 90 88 98 93 86 88 92
109 138 129 121 129 121 116 111 107 99 94 88 86 83 86 95 101 111 114 99 91 87 82 90 82 71 68 66 63 62 61 67 66 68 75 67 66 68 76 71 70 67 64 59 60 69 80 106 110 119 126 126 117 112 120 125 133 153 158 142 120 96 93 88 90 101 116 122 125 139 130 136 127 116 112 109 109 116 120 115 106 111 112 111 108 103 98 101 97 91 88 91 89 89 92 83
104 131 136 139 132 131 115 109 101 97 93 90 87 88 83 86 83 89 100 97 98 88 80 79 77 70 71 74 69 64 60 64 60 67 71 68 63 66 67 68 65 65 63 58 58 66 81 87 90 116 131 116 104 102 104 108 108 117 122 129 131 98 91 87 92 96 104 108 123 131 135 130 122 116 115 117 122 123 125 120 112 118 117 113 108 103 104 101 92 87 86 86 83 83 103 130
99 107 130 137 131 116 107 102 102 99 95 97 94 89 84 84 80 80 84 84 85 90 86 81 77 73 70 68 65 65 65 60 57 62 66 63 61 64 64 63 60 66 61 55 63 64 69 68 79 106 114 109 99 99 98 99 101 103 102 104 103 94 88 85 88 94 99 109 121 130 131 125 121 118 118 122 125 128 128 123 117 121 118 115 111 108 136 125 95 93 94 94 92 86 104 122
94 101 109 113 116 115 115 111 108 104 101 100 98 92 88 85 80 77 78 77 76 78 81 81 79 76 73 70 69 71 69 66 60 58 61 61 57 58 62 61 57 58 60 55 65 65 62 59 65 75 86 89 84 82 82 84 88 98 95 89 79 87 78 81 87 92 98 105 106 119 126 126 125 128 125 127 128 133 130 132 134 128 124 132 132 126 119 111 106 103 108 108 99 105 116 124
92 109 113 108 115 121 117 109 107 104 96 94 93 93 99 93 92 86 78 76 76 72 75 73 72 71 71 70 63 63 60 59 60 60 58 59 60 58 57 56 55 55 58 54 60 60 56 61 60 65 64 68 70 75 79 80 82 87 87 88 74 72 72 82 82 87 91 91 98 108 119 125 131 135 135 133 139 142 138 139 140 136 129 139 152 152 134 132 117 127 125 123 106 119 106 102
90 102 102 109 117 112 109 106 102 98 95 95 95 90 95 89 83 85 86 83 76 71 70 70 70 66 68 65 64 62 61 58 63 62 63 62 65 61 58 58 61 57 55 55 58 54 53 56 59 58 60 66 64 71 74 75 76 80 80 78 77 69 71 81 76 80 80 81 87 92 98 111 134 139 145 141 145 148 157 153 156 151 141 147 152 151 144 128 123 124 125 127 106 96 92 85
91 96 97 104 115 114 106 103 98 97 98 97 94 89 86 83 80 80 84 85 79 77 73 72 70 69 72 72 70 62 63 59 63 68 70 65 67 65 64 64 69 64 59 58 59 55 55 54 56 56 55 59 63 66 69 68 70 77 74 76 81 68 68 70 72 79 88 101 99 95 102 124 141 146 143 146 153 163 161 175 174 165 153 162 162 148 146 141 123 117 115 115 101 90 87 85
91 94 94 96 105 108 103 101 101 103 102 104 106 107 95 89 85 80 77 78 76 76 75 73 73 80 79 72 68 67 70 62 62 151 94 75 73 69 67 68 71 68 65 65 60 64 64 61 65 57 55 57 61 61 63 62 68 72 71 77 77 69 68 73 87 97 112 119 126 120 135 139 150 153 149 152 159 177 176 177 188 185 170 163 154 147 134 141 130 117 109 104 94 87 88 91
84 87 87 91 99 107 104 104 104 107 106 110 128 115 105 96 88 85 80 78 79 77 77 78 77 84 79 75 71 69 71 64 64 305 354 235 160 99 118 171 238 315 265 85 66 85 87 82 71 58 56 54 57 57 57 60 62 71 69 72 68 69 74 83 94 104 113 122 125 124 137 137 149 155 153 165 164 167 182 176 169 168 201 158 145 153 136 130 130 121 107 100 97 91 88 93
80 83 86 90 97 107 110 111 110 113 113 110 129 107 99 93 86 83 79 82 82 81 81 87 85 81 80 76 72 72 72 68 68 76 223 272 205 174 224 296 397 446 463 307 80 105 114 115 85 65 57 57 54 54 57 56 60 69 62 64 66 67 77 84 90 97 108 110 118 129 146 142 147 147 153 177 181 182 180 159 153 153 157 151 136 130 135 123 113 113 104 98 94 91 84 83
84 89 89 94 99 114 116 116 114 113 115 113 108 98 94 90 88 85 84 85 85 87 87 97 89 84 79 78 81 76 78 95 73 67 73 79 83 99 221 388 412 433 452 467 163 127 139 144 126 88 68 60 56 57 55 53 57 65 61 60 59 66 71 76 83 91 101 115 131 152 168 160 154 148 164 160 161 157 159 159 142 137 139 141 134 119 113 109 101 103 100 100 92 89 85 77
87 96 100 97 100 111 122 117 112 107 106 110 108 100 98 93 88 92 94 89 90 93 97 98 94 92 83 80 86 83 85 116 74 75 73 75 85 157 356 370 454 453 464 473 236 174 216 182 148 115 77 66 65 60 56 54 58 63 61 57 57 59 64 73 80 90 100 150 183 197 158 132 137 153 162 160 152 147 151 158 146 139 128 137 134 122 106 110 101 98 96 92 90 84 79 79
89 97 106 103 102 106 115 120 117 118 109 106 107 110 103 100 103 101 105 95 94 97 106 111 111 109 88 83 88 91 93 85 77 83 83 81 108 299 266 421 430 461 480 496 401 242 254 186 111 80 77 83 69 60 59 58 62 64 59 58 58 59 60 69 80 82 88 136 168 124 113 114 120 147 163 153 149 143 148 146 134 134 127 131 129 114 109 110 113 111 108 108 93 84 78 73
92 97 100 100 95 98 109 123 121 114 112 108 110 109 105 103 103 108 111 100 100 107 112 133 128 112 94 86 90 95 100 95 87 87 88 88 89 111 113 147 285 395 471 510 493 371 197 168 132 104 87 70 63 58 57 57 67 76 58 57 58 61 62 78 69 71 81 100 108 111 104 106 120 137 167 163 155 140 137 138 129 121 117 117 120 124 124 123 115 111 108 107 93 97 83 77
96 95 94 95 91 92 99 112 111 105 123 119 113 108 114 110 110 111 108 105 109 118 140 150 126 111 105 96 91 95 98 97 91 99 99 116 117 103 96 94 152 340 425 340 510 523 262 171 120 104 82 64 60 55 54 53 62 63 56 59 66 71 80 73 68 71 77 80 90 90 92 93 109 127 161 196 153 141 139 130 129 118 112 105 106 105 111 123 112 106 107 106 99 104 88 86
101 96 94 93 87 91 98 103 107 99 123 117 115 114 112 109 110 112 116 113 118 149 156 173 152 131 116 113 96 97 107 102 98 118 123 147 152 151 135 108 100 108 125 120 354 485 310 484 113 81 74 67 61 56 54 52 58 61 56 56 64 71 76 89 90 81 81 82 85 90 97 97 100 118 146 159 150 147 139 126 124 133 116 104 101 99 103 107 106 110 104 104 103 103 96 87
106 101 99 95 87 95 100 98 99 97 107 100 106 108 108 100 100 107 118 131 139 166 178 152 145 133 128 118 103 98 106 102 107 119 138 164 175 180 148 113 96 95 95 98 236 452 400 521 174 71 67 63 59 53 51 50 52 51 52 56 64 69 67 72 76 73 79 95 92 94 101 109 112 129 140 159 161 156 141 129 117 126 121 113 103 101 99 94 93 96 102 99 91 85 87 88
113 105 101 95 90 85 86 88 91 95 95 91 97 107 126 113 96 94 112 137 147 168 183 144 125 130 126 113 109 100 98 100 110 121 134 151 162 151 138 109 91 91 89 95 187 411 449 524 387 104 65 61 58 57 56 54 52 50 49 60 69 59 62 64 65 76 99 112 105 106 109 118 132 135 143 161 184 171 144 129 122 113 115 119 113 103 102 89 81 88 93 87 88 83 76 76
125 110 102 99 92 84 81 82 95 92 84 84 85 94 111 102 103 82 97 110 128 146 153 138 126 134 125 116 108 102 99 100 105 120 134 137 127 134 132 107 90 85 88 93 127 302 295 217 187 148 74 62 63 78 79 58 56 52 50 55 57 50 54 59 69 79 116 136 126 136 140 138 166 140 135 158 177 174 165 146 135 125 113 111 123 116 106 106 89 80 87 80 79 78 73 73
230 130 103 97 91 85 79 74 90 86 82 77 82 83 86 83 76 76 78 85 118 137 128 122 137 130 129 115 109 100 100 101 113 118 113 115 113 126 118 106 90 85 90 92 97 181 219 141 85 85 80 74 68 64 77 63 59 55 51 51 49 47 52 59 64 70 83 94 119 137 140 150 179 162 139 142 169 170 154 141 125 121 118 103 118 127 122 118 103 93 86 80 75 75 67 68
355 332 137 100 94 86 79 72 74 77 95 80 79 79 85 78 70 74 70 75 107 108 117 113 126 124 126 120 118 108 92 98 124 129 110 97 101 109 108 101 85 85 87 92 127 222 150 120 89 86 81 71 62 68 62 58 58 52 50 48 49 51 49 56 60 67 72 78 86 91 108 151 168 182 151 138 162 173 151 152 142 132 116 103 106 116 139 137 119 96 98 92 74 69 70 71
371 364 347 265 142 104 92 74 68 67 74 69 83 85 75 69 63 67 67 67 75 92 104 116 120 140 158 180 194 120 84 82 87 97 99 86 94 99 99 99 86 84 90 102 117 138 168 151 114 80 69 63 62 75 63 62 64 58 54 49 49 50 51 59 66 70 70 75 85 88 97 117 146 174 172 142 154 166 146 157 150 127 125 107 101 116 127 131 131 111 112 100 83 79 80 86
338 352 373 382 360 359 305 90 72 65 61 62 79 72 66 62 59 62 63 64 100 171 115 121 120 226 194 158 163 125 86 80 78 84 86 80 78 84 83 84 82 87 94 109 104 105 115 167 110 81 78 78 73 72 67 72 76 68 59 49 47 49 52 51 58 64 66 73 82 80 93 112 149 153 171 156 138 150 135 153 146 145 125 108 103 100 99 101 97 110 110 105 92 84 79 88
312 360 359 358 368 384 315 89 74 70 66 59 68 66 64 59 57 59 58 66 92 129 244 129 168 234 141 114 105 87 84 100 122 79 74 73 68 75 75 82 85 94 102 108 99 94 99 122 106 92 84 85 79 74 73 82 82 72 61 60 50 47 53 53 59 63 68 66 73 79 89 101 124 141 152 157 136 134 149 146 146 154 146 130 118 111 99 89 87 92 90 93 83 79 91 77
324 332 330 348 375 397 302 87 80 74 68 63 57 59 56 55 60 55 58 78 110 123 200 159 213 163 146 107 95 90 86 110 204 116 71 68 70 71 71 77 79 98 97 97 88 91 98 97 99 99 88 97 96 82 76 78 76 70 70 58 49 46 58 56 58 59 66 70 71 74 82 91 106 135 133 146 133 135 153 152 139 150 162 158 147 133 122 110 89 85 81 89 88 89 98 70
329 392 366 356 386 341 147 83 80 73 70 70 65 57 56 51 61 69 64 94 98 80 195 206 125 116 134 125 103 104 93 94 145 87 71 63 69 72 69 81 90 89 88 89 88 99 93 89 94 90 82 84 104 92 70 65 69 76 75 58 44 42 61 66 52 56 61 62 63 69 75 86 108 152 146 131 127 142 139 143 139 141 149 148 140 128 121 108 92 87 83 81 81 93 77 73
223 388 373 355 255 180 91 81 79 74 66 64 69 59 54 55 54 68 77 99 111 82 251 209 155 147 144 176 150 160 101 89 89 77 70 63 63 65 64 86 92 85 84 81 88 100 92 84 89 85 76 71 89 84 68 58 52 55 55 49 44 43 47 50 51 47 53 58 63 68 77 89 116 154 145 134 122 137 133 129 146 133 133 141 145 135 131 110 95 87 82 80 79 86 85 84
107 309 380 292 110 110 97 79 74 72 67 62 64 59 52 57 50 54 69 86 97 77 108 112 114 119 124 121 131 146 91 85 92 79 74 67 61 61 63 70 74 82 74 85 92 93 97 90 84 76 72 70 70 65 56 51 50 49 48 64 46 43 44 42 43 43 47 55 63 72 78 89 123 140 131 127 120 121 120 125 134 142 130 124 128 136 134 127 111 100 90 85 83 81 75 73
76 93 131 121 83 81 81 81 77 72 66 62 59 56 52 51 48 51 61 110 73 65 68 68 69 87 125 122 96 91 81 79 89 79 77 68 62 59 60 62 65 69 74 84 83 96 105 97 92 73 72 70 73 75 70 53 53 58 67 141 50 44 47 44 51 47 53 55 61 68 72 86 119 139 146 145 137 128 125 116 124 138 137 131 121 121 124 132 113 112 107 118 109 98 92 75
69 77 76 71 68 70 74 79 75 72 68 70 67 57 54 47 44 48 54 71 65 56 59 56 62 75 101 102 90 83 77 76 76 72 70 66 61 61 60 58 70 84 83 81 86 104 158 104 86 76 77 73 79 80 64 57 58 81 136 131 58 45 41 44 43 42 50 53 59 64 74 89 110 118 132 148 146 137 128 118 120 138 143 142 126 119 111 110 106 106 113 114 112 106 102 88
68 75 67 61 62 67 66 72 72 76 69 93 83 74 78 47 44 46 48 53 53 48 59 60 72 73 77 89 85 79 74 73 71 68 65 60 60 55 64 57 61 67 67 71 80 94 153 122 88 80 83 165 106 98 69 63 66 133 277 153 69 44 47 44 44 45 53 58 61 76 96 101 107 104 125 139 144 136 129 115 123 128 137 141 131 124 114 106 107 104 99 100 95 90 82 83
60 68 72 55 59 70 61 68 76 73 57 68 60 53 52 46 46 42 52 50 48 54 65 60 70 80 92 89 82 78 69 69 66 62 60 55 55 52 62 56 61 63 64 69 74 82 97 99 91 87 108 231 105 94 76 70 78 143 280 282 116 53 41 45 49 46 64 76 85 95 103 97 96 101 129 135 134 140 120 111 111 125 133 145 132 125 126 111 121 122 108 109 112 109 97 83
59 76 64 49 52 57 56 74 59 61 57 71 60 51 45 42 44 40 47 47 44 47 54 60 65 69 87 101 83 76 70 66 64 62 60 60 57 57 57 57 57 61 66 71 77 84 87 85 81 92 129 129 114 113 112 96 90 129 130 149 157 82 43 41 43 47 73 86 84 95 92 87 98 107 127 132 124 139 130 113 110 125 127 144 145 134 125 138 142 123 111 113 107 108 91 99
65 68 61 45 48 48 52 67 52 48 56 65 63 46 42 39 39 39 43 43 43 56 58 57 60 74 87 91 87 80 78 71 69 64 60 59 57 53 55 54 59 87 97 92 102 122 94 77 76 81 92 95 106 128 135 120 103 99 96 115 102 79 48 42 47 48 59 58 71 72 77 80 95 107 113 127 121 126 129 117 104 115 126 147 153 149 144 157 151 126 127 125 113 104 102 105
51 47 51 49 48 45 51 56 47 47 53 67 58 48 40 38 38 37 40 40 47 61 82 73 71 81 82 81 87 100 108 82 70 63 59 54 52 50 52 64 74 120 116 111 132 141 118 81 73 79 91 110 103 108 127 129 104 91 87 99 107 103 55 39 44 53 52 60 66 80 91 94 88 97 99 119 128 114 124 119 103 116 125 143 144 147 142 152 162 156 138 127 117 114 110 117
32 32 38 43 42 41 53 49 42 48 46 60 56 52 41 36 36 37 41 46 52 64 93 93 103 80 80 89 88 107 117 106 96 72 62 54 50 49 54 61 85 117 101 126 128 130 119 98 76 86 100 120 108 104 111 119 112 96 81 81 80 95 68 41 41 46 54 72 86 92 89 92 96 89 95 111 126 114 119 119 102 113 122 141 141 132 128 141 146 165 161 152 126 116 118 118
27 30 32 37 39 35 43 49 39 45 44 54 50 56 52 36 34 36 40 44 47 63 91 86 92 75 78 97 87 106 109 105 113 96 76 65 50 45 53 62 78 92 115 127 119 127 123 109 84 87 111 124 122 96 96 107 115 106 93 87 81 75 74 58 37 43 62 79 74 97 86 78 91 102 96 108 127 118 107 119 102 110 124 147 145 134 122 136 132 138 152 172 149 136 120 108
25 27 29 29 30 30 31 35 39 36 41 46 46 53 43 35 31 35 40 54 51 68 84 80 91 73 83 92 87 104 102 99 103 106 88 68 58 45 53 59 81 106 119 113 114 126 111 106 84 87 108 121 120 121 103 96 116 104 108 107 101 67 63 49 37 40 63 71 64 84 69 72 81 104 113 122 133 124 111 106 101 110 129 141 132 124 120 130 125 138 149 158 137 123 107 100
23 24 26 26 27 27 27 27 32 31 38 41 42 46 38 32 31 31 38 54 51 58 68 74 86 71 84 76 95 93 98 93 95 96 95 75 55 42 46 54 73 101 109 103 109 120 115 104 87 83 116 101 116 112 114 88 116 115 96 110 104 71 64 42 33 37 62 53 52 61 58 73 83 113 126 122 130 118 113 103 97 106 121 145 135 124 118 119 137 141 154 164 142 119 109 93
20 21 23 24 24 25 24 23 25 28 30 34 37 44 35 30 30 30 35 44 45 45 51 65 75 63 82 70 86 83 90 88 91 90 91 88 77 46 42 51 67 95 102 89 107 111 111 98 97 76 96 92 115 110 104 85 103 120 114 90 80 62 57 39 31 37 43 50 59 57 67 74 89 122 123 113 133 119 111 106 93 115 145 140 125 119 112 120 127 128 138 148 159 153 124 100
