LSCAM_InData/LSCAM_InData/maxtempwarmestmonth_aggr_cambodia.asc
ncols         292
nrows         251
xllcorner     800180
yllcorner     -2175230
cellsize      2000
NODATA_value  -9999
[rows 36 to 71 of 251, columns 164 to 245 of 292]
-9999 -9999 -9999 -9999 -9999 -9999 -9999 -9999 -9999 -9999 -9999 -9999 -9999 -9999 -9999 -9999 -9999 -9999 -9999 -9999 -9999 -9999 -9999 -9999 -9999 -9999 -9999 -9999 -9999 -9999 -9999 -9999 -9999 -9999 345.75 346.25 346 346.25 346 346 346.5 346.75 347 347 347 347 346.25 347 347 346.25 346 347.5 348 347.25 347.25 347.25 347.25 347 346.75 346.5 347 346 345.5 343.75 341.75 341.25 340.75 340 340.75 339 337.75 336.5 336.25 338.75 339.75 342 344.25 342.5 342.5 341.5 343.75 339.75
-9999 -9999 -9999 -9999 -9999 -9999 -9999 -9999 -9999 -9999 -9999 -9999 -9999 -9999 -9999 -9999 -9999 -9999 -9999 -9999 -9999 -9999 -9999 -9999 -9999 -9999 -9999 -9999 -9999 -9999 -9999 -9999 -9999 -9999 -9999 -9999 -9999 346 346.5 346.25 346.25 347 347 347 347 347 347 347 346.5 347.5 347.5 346.25 347.5 347 348 347.25 347 347 346.25 346.5 347 346.5 345.75 346.5 345.25 344.25 345 344.25 344 342 337 335.25 335 339.75 339.5 339.25 342.5 344.5 344.5 341.5 340.5 341
-9999 -9999 -9999 -9999 -9999 -9999 -9999 -9999 -9999 -9999 -9999 -9999 -9999 -9999 -9999 -9999 -9999 -9999 -9999 -9999 -9999 -9999 -9999 -9999 -9999 -9999 -9999 -9999 -9999 -9999 -9999 -9999 -9999 -9999 -9999 -9999 -9999 -9999 346.75 346.5 346.5 347 347 347 347 347 347 347 347 347 347.25 346.75 347 347.75 347.25 347 347 347 347 346.75 346.75 346.75 346.5 347 346.5 344.75 345.75 345.75 345.5 344.75 338.25 335.5 335.75 338.75 342 337.5 340.5 344.5 345.75 343.75 341.75 342.5
-9999 -9999 -9999 -9999 -9999 -9999 -9999 -9999 -9999 -9999 -9999 -9999 -9999 -9999 -9999 -9999 -9999 -9999 -9999 -9999 -9999 -9999 -9999 -9999 -9999 -9999 -9999 -9999 -9999 -9999 -9999 -9999 -9999 -9999 -9999 -9999 -9999 -9999 347 347 347 347 347 346.5 347 347 347 347 347 347 347 347.25 347 347.25 347.5 347.25 347 347 347 347 347 346.75 347 347 346.5 345.75 346 345.75 345.25 344 341 340.5 341.75 344.5 344.5 342.5 343.75 345 345.75 345.75 345 345.75
-9999 -9999 -9999 -9999 -9999 -9999 -9999 -9999 -9999 -9999 -9999 -9999 -9999 -9999 -9999 -9999 -9999 -9999 -9999 -9999 -9999 -9999 -9999 -9999 -9999 -9999 -9999 -9999 -9999 -9999 -9999 -9999 -9999 -9999 -9999 -9999 -9999 -9999 346.5 346.5 347 347 347 347 347 347 347 347 347 347 347 347.25 347 347 347.5 347.75 347 347 347 346.75 346.5 347 346 346.5 346.75 346.25 346 345.75 345.25 345.75 344.75 343 344 344.75 345 345 345.5 346 345.75 345.75 346 346
-9999 -9999 -9999 -9999 -9999 -9999 -9999 -9999 -9999 -9999 -9999 -9999 -9999 -9999 -9999 -9999 -9999 -9999 -9999 -9999 -9999 -9999 -9999 -9999 -9999 -9999 -9999 -9999 -9999 -9999 -9999 -9999 -9999 -9999 -9999 -9999 -9999 -9999 -9999 346.25 346.75 346.75 347 347 346.5 347 347 347 347 347.25 347 347 347 347 347.75 347.25 347 347 347 347 346.75 346 346.75 346.75 347 346.75 346.75 346.25 345.75 345 345 345.5 345 345.25 345.75 345.5 346 346 346 346 346 345.75
-9999 -9999 -9999 -9999 -9999 -9999 -9999 347.25 347 347.25 -9999 -9999 -9999 -9999 -9999 -9999 -9999 -9999 -9999 -9999 -9999 -9999 -9999 -9999 -9999 -9999 -9999 -9999 -9999 -9999 -9999 -9999 -9999 -9999 -9999 -9999 -9999 -9999 -9999 -9999 346 346 346.75 347 346.5 347 347 347 347 347 347 347 347 347 347 347.25 347 347 347 347 346.25 346.25 346.5 347 347 346.75 347 346.5 346 346 345.5 345.25 345.5 345.25 346 346 346 346 346 346 347 345.5
-9999 -9999 -9999 -9999 -9999 -9999 347.25 347.75 347.5 347 347.5 347 -9999 347 -9999 -9999 -9999 -9999 -9999 -9999 -9999 -9999 -9999 -9999 -9999 -9999 -9999 -9999 -9999 -9999 -9999 -9999 -9999 -9999 -9999 -9999 -9999 -9999 -9999 -9999 -9999 -9999 346 346.75 346.25 346.75 347.75 347.75 347 347 347 347 347 347 347 346.75 347 347 347 346.75 346.25 345.5 346.5 347 346.75 346.25 347 346.5 345.75 346.5 345.5 345.5 346 346 345.75 345.75 346 346 346.25 346 347 346.5
-9999 -9999 -9999 -9999 347 347 347.25 348 348 347.25 347 347.25 -9999 347 347 -9999 346.75 347 346.75 -9999 -9999 -9999 -9999 -9999 -9999 -9999 -9999 -9999 -9999 -9999 -9999 -9999 -9999 -9999 -9999 -9999 -9999 -9999 -9999 -9999 -9999 -9999 346.25 345.5 346.25 346.25 347.5 348 347.25 347 347 347 347 347 347 346.75 345.75 347 346.75 346.5 345.75 346 345.5 346.25 347 347 346.75 346.5 346 345.75 346.5 346 346 346.5 346 346 346 346.25 346.25 346 346.25 346
347.25 347.25 347.25 347.5 347.25 347.75 347.5 347 347.25 347.5 347.25 346.5 346.25 346 346.75 346.75 347 346.25 345.75 347 347 -9999 -9999 -9999 -9999 -9999 -9999 -9999 -9999 -9999 -9999 -9999 -9999 -9999 -9999 -9999 -9999 -9999 -9999 -9999 -9999 -9999 346.25 346.5 346.75 346.5 346.75 347.25 347 347 347 347 346.5 346.75 346.5 346.25 345.75 346.25 346.5 346 345.75 345.5 345.75 346 347 346 347 346.5 346 346.25 346 346 346.5 347 346.75 346 346 346 346 345.75 346 345.75
347.5 347 347.25 347 347 347.25 347.5 346.75 347 346.5 346 345.25 343.5 343.5 344.25 345.75 346.25 346.25 346 346.5 -9999 -9999 -9999 -9999 -9999 -9999 -9999 -9999 -9999 -9999 -9999 -9999 -9999 -9999 -9999 -9999 -9999 -9999 -9999 -9999 346.25 346.5 346.75 346.5 346.25 347 346.25 347 347 347 347 347 346 346.25 345.5 344.75 345.75 346.5 346.25 346 343.5 343.5 344.25 345 346.25 346.5 346 345.5 345.5 345 345.5 346 346.25 346.75 346 346.5 346 346 345.75 345.5 346 345.75
348 347.5 347 347 347.25 347.5 347 346.5 346.5 346.25 345 338.25 339.25 339.75 343.75 345.25 346.5 346 346.25 347 347 346.5192 -9999 -9999 -9999 -9999 -9999 -9999 -9999 -9999 -9999 -9999 -9999 -9999 -9999 -9999 -9999 -9999 -9999 345.75 346 346 346 346.25 346.25 346.75 347 346.75 347 347 346.75 346.25 345.75 345.75 345.75 346 346 346 346 345.75 340 344.5 345.25 345.5 345.5 346 345.75 345 345.25 345 345.75 346.25 346.25 346.75 346.25 346.25 346 345.5 345 344.5 345 344.25
347.75 347.5 347 347.25 347.25 347 347 346.25 346.5 346.25 343.75 341.75 344.5 344.5 344.5 345.25 346 346 346 346 346.25 346.75 -9999 -9999 -9999 -9999 -9999 -9999 -9999 -9999 -9999 -9999 -9999 -9999 -9999 -9999 -9999 -9999 345 345.5 346 346 346.25 346.5 346.5 346.25 346.5 346.5 346.5 347 347 346.25 346 346 346 346.25 346 345.5 345.5 345.75 343 341.5 345.25 345 344.5 345 345 345 345 345.25 346 346 345.75 347 346 346 346 345.25 344.75 344 344.5 345
347.5 347.5 347 347 346.75 346.5 346 346.25 346 345.5 345.25 344 344.75 345.25 345 345 345.75 346 346 346 346 346 346.5 -9999 -9999 -9999 -9999 -9999 -9999 -9999 -9999 -9999 -9999 -9999 -9999 -9999 -9999 -9999 346 345.5 346 346 346 346 347 346.25 346.25 347 346.75 347 347 346.75 346 346 346 346 346 345 344.5 345 344 339 344 344.75 341 344.25 345 344.75 345.5 346 346 346 346.5 346.25 346.75 346 346 346 345.5 346 345.5 345.25
347.5 347.25 347.25 346.5 346.25 346 346.25 345.75 345.25 345.25 345.75 345.5 345.25 345.25 345.75 346 345.5 345.5 345.75 346 346 346 346 346 347 -9999 -9999 -9999 -9999 -9999 -9999 -9999 -9999 -9999 -9999 -9999 -9999 -9999 -9999 346 346 345.5 346 346.25 346 346.5 348 347.25 347 347 347 346.5 346 346 346 346 345.5 344 343.75 344.25 345.25 341.75 339.25 343.5 343 345.25 345.75 345.25 345.5 346 346 346 346 346.25 346.5 345.75 345.75 346 345.75 345.75 344.75 343.75
347 346.75 347 346.25 345.75 345.5 345.25 346 346 346.25 346.25 346 346 346 345.75 345.75 346 345.5 345.5 345.5 345.25 345.75 346 346 346 345 345.25 -9999 -9999 -9999 -9999 -9999 -9999 -9999 -9999 -9999 -9999 -9999 -9999 346 346 346 346 346 346 346 346.5 347.25 346.25 346.75 346.5 346 345.75 345.5 345.5 344 342 342.5 344 344.25 344.25 344.5 344 344.25 345.25 345.75 346 346 346 346 346 347 346 346 345.75 345.5 345.5 345.5 346 345.5 345 342.75
346.5 346.5 346.25 346.75 346 346 346 346 346.75 346 346.25 346.5 346.25 346 346 346.25 345 345.25 345.5 345 346 345.5 345.25 346 345.5 343.5 340.5 346 347 347.5 348 347.25 346.5 346 345.5 346 345.75 344.75 345.75 345.25 345.5 346 346 346 346 345.75 346.25 347 346.5 346.25 346.75 346.25 346 345 345 342 337.25 342.25 344 344.5 344.5 344.25 344.5 344.75 343.75 345.5 346 346 346.75 346.25 346.5 347 346.5 346.25 346 346 346 346 345.5 345.5 345.25 342.5
346 346 346 346.5 346.5 346.75 345.75 346 346.25 346 346 345.75 346 346 346 346 346 346 346 346 346.25 346.25 346 346 346 345.5 346 345.75 346 346.25 347.25 347.75 347.25 347 346.25 346 345.75 346 345.25 345 345.5 345.25 345.25 345.75 346.25 346.5 346 347 347 346.5 346.5 346 345.25 345.75 345.25 343.5 338.75 342.25 344 344.25 345 345 345.25 343.75 342 345.75 346.25 346 347 346.25 346 346 346.25 346.25 346.5 346 346 346 346 345 345.5 344.75
345.5 346 345.75 346.5 346.5 346.5 346.25 346 347 346 345.75 345.75 345.5 346.5 347 346.5 346.5 346.25 346 346.25 346 347 346.5 346 346 346 346 346 346 346.75 347 347.5 347.5 346.75 346.75 346 345.5 345.25 345 345.75 346 345.5 345.5 345.75 345.75 346.75 346.75 346.75 346.25 346.5 347 346 345.75 345 344.75 344.75 343.5 343.75 344.5 345 345 345.25 345.5 345.25 345.5 346.75 347 346.25 346.75 346 346 346 346 346 346 346 345.75 346 345.5 345.25 345 345
346 346.25 346.75 346.75 347 346.5 346.75 346.25 346 347 347 346.25 346.5 346.75 346.75 347 347 347 346.25 346 346.75 347 346 346 345.5 346 346 346 346 346.5 347 347.25 348 346.75 346 345.75 345 345 345.25 346 345.75 346 346 346 346 347 347 346 346.25 346.25 346 346 346 345.25 345 346 345.25 344.25 344.5 345 345 345.25 345 345.25 346.25 346.75 347 346.75 346 346 346 345.5 345.25 346 346 346 346 345.5 345.5 346 345.25 344.75
346 346.75 347 347 346.5 347 346.75 346.25 347 347 347 346.75 347 346.5 347 346.5 346.75 347 346.5 346.5 346.75 346.75 345.75 345.75 345.75 345.75 346 346 346 346 346.5 347.25 347.5 346.75 346.25 345.25 345.25 345 344.5 345.5 345.5 345.75 346 346 346 346 347 346.25 346 346.25 346.5 346 346 345.75 345.25 345.5 345 345 345 345 345.5 345 345 345.5 346 346.25 346.75 346.5 346 346 346 345.75 344.75 344.75 344.75 345.5 345.5 345 345.75 346 345 344.75
346.5 346.5 346.25 346.5 346.75 346.5 346.5 346.75 346.25 347 346.5 346.75 346.75 346.25 346.25 346 346.25 346.5 346.25 346.5 347 346.75 346.5 345.25 345.5 346.5 346.25 345.5 346.25 346.5 346.75 347 347.25 346.5 346 345.25 345 345 345.25 345 345.75 345.75 346.75 346.25 346 346 346.25 346.75 346 346 346 346.25 345.5 345 345.25 345.25 344.75 345 345.75 345.75 345.75 345 345 345.25 346 346 347 346.75 346.5 346 345.75 345.75 345.75 345.5 345.75 345.75 345.5 345 345 345.5 344.5 344.5
346 345.75 346 345.75 345.75 346 346.5 347 346.25 346.25 346 346 346.5 346.25 345.75 345.75 345.5 345.75 345.75 345.75 346 346.25 346.5 345 345.75 346 346.25 346.25 346 346.5 346.5 346.5 346.75 345.75 345 345.25 345.75 345.5 344.5 345.5 345.5 346 346.75 346.75 346.5 346.5 346 346.5 346.5 346 346 346 345.25 344.75 345.25 345.75 346 345.75 345.25 345.75 346 345.75 345.25 346 346 346 347 347 347 345.75 345.5 345.25 346 345 345.25 345 345.25 345 345 344.75 342.25 341.25
346.25 345.5 345 345.25 345.75 346 346 346.75 345.75 345.75 345.5 346 346 346 345.75 346 346 345.5 345.25 345.5 345.75 347 346.25 345.5 346.5 346.5 346 345.5 344.5 346.25 346 347 346.5 346 346 346 346 345.5 344.5 345 345.5 345.5 347 346.75 347 347 346.75 347 346.5 346 346 346 345 344 345 346 346 346 346 346 346 346 346.25 346 346 346.5 346.75 347 346.75 346 345.5 345.5 346 345.75 345.25 344.5 345 343.25 343.25 343 341.5 341.5
346.5 345.75 345.5 346 345.75 346 346 346 345.5 345 345 345.25 346 345.5 345.25 345.75 346 346 345.5 344 345 346.5 346.5 345.25 345.5 346.25 345.75 344.5 345 345.25 346 346.75 347 346 346 346 345.75 345 345 345 345.25 345.25 345.5 346.5 347 346.5 347 346 345.75 346.25 346.5 346 344.75 345 344.75 345 345.75 346 345.25 346 346 346 347 346.25 346 346.25 346.5 347 346 345.75 345.75 345.25 346 345.75 344.75 344.5 343.5 343.75 343 342.5 341.5 341.75
346.5 346.5 345.75 345.75 346 345.5 346 345.5 345.25 345 345 345 345 345.25 344.75 344.5 344.75 345.25 345.25 345.5 345 345.5 345 344.75 344.75 345.25 344.75 343.75 344 344 344.25 346.5 346.5 346.75 346 346 345.25 345.5 345.5 344.5 344.5 346 345.75 346.25 346.75 346.75 346.5 346 345.5 345.5 345.75 345.5 345 344.75 345 345 346 345.5 346.5 346.5 346.25 346 347 346.25 346 346.5 346.5 346.25 346 346 346 345 345 345.25 345.25 345 344.25 345 344.5 343.5 343.5 342.5
347.5 347 346 346 345.25 345 345.5 345 345 344.75 345 344.5 344.5 344.75 344.75 344.5 344.25 343.5 344 344.75 344.5 344 344.25 344 344.5 343.5 344.25 344.25 344.75 345.5 345.25 345 344.75 345.75 346.75 346 345.5 346 344.75 345 345.75 346 345.5 346.5 346.25 345.75 346 346 345 345 345.25 345.5 345 345 345 345 345.75 346.25 347 347 347 346.5 346.75 346 346.5 346.5 347 347 346.25 346 346 346 347 346.25 345.75 345.5 345 345 345 345 344.5 343
347.75 347.25 346.75 346.25 345.25 345 344.75 345 344.75 344.25 344.25 344 344.25 344 344.75 344 343.5 343 343.75 344.5 344.5 344.5 343.75 343.75 344.25 344.5 344.75 345.25 344.75 345 345 342.25 342.5 344.75 346.75 346.25 346 345.5 345.25 345 346 346 346 346 346.75 346.5 346 346 345.25 345 345 345 345 345 345 345.5 345.25 346.5 346.75 346.5 346.5 346.75 346.75 346 346.25 346.5 347 347 346.75 346 346 346.5 346.75 346 345.25 346 345.25 345 345 345 344 341.75
347.75 348 347.5 346.25 345.25 344.75 344.5 344.5 344.5 343.5 343.75 343 343.25 343.25 343.75 342.75 342.75 343.25 344 343.75 344.5 344.25 344.5 343.75 344.25 345 345 345 345 345 345 344.75 344.25 346 346.25 346.75 346 345.5 345.25 345.75 346 346 346 346.25 345.5 345.75 345.75 345.5 345.25 345 345 345 345.5 345.25 345.5 345.5 346.75 346.5 346 346 346 346 346 346 346 346 346.25 347 347 346.5 346 346.25 345.25 345.5 345.75 345.75 345.25 345 345 345 343.75 343
346 346.25 345.75 345.5 344.5 344.25 344 344 343.75 342.75 343 342.5 342.25 341.75 343.25 342.75 343 344 343.75 343 343.25 343.75 344.5 344.75 345 345.25 345 345 345 344.25 345 345 345.25 345.5 345.75 346.25 346.25 345.75 345.5 346 345.25 345.75 346 346.25 346.25 345.75 345 344.5 344.25 345 345.25 345.5 345.75 345.25 346 346 346 345.75 346 345.75 346 346 346 346 346 346 346 346.25 345.5 346 346 346.25 346 345.5 345.75 346 345.75 345.25 345 343 341.5 343
345 345.5 345.25 345 344.5 344.25 344 344 343.75 343.5 342.5 342.5 342.25 342.5 341.25 343.5 343.75 343.5 343.5 344.5 343.75 344 344.25 344.75 345 345 345 344.75 345 345 345 345 345.25 346 346 346.25 346 346.5 345.75 346 346 346 346 345.25 344.75 345.75 344.75 344 344.5 345 345.25 346 346 346 346.25 346.25 345.25 345.75 346 345.25 346 346 346 346 346 346 346 345.75 345.5 346 346 345.75 345.5 345.5 345.75 345.5 345.5 345.75 344.75 342.75 342 344.25
346.5 345.75 345.25 344.75 345 344.25 344 343.25 342.75 342.5 342 343 343.25 343 343.25 343 343.25 344.25 343.25 343.5 344.5 344 344.5 345 345 345 345 345.25 345 345 345 345 345.25 345.5 346 346 347 346.25 345.75 345.75 346 346.75 345.5 345 345.25 345.25 345 345 344.75 345.5 346.25 346.25 346 346.75 346.75 346 345 345.25 345.75 346.25 346 346.25 346.25 346 346 346.5 346 345.75 345 345.75 346.25 346.25 345.25 345.5 344.75 344.25 345.5 345.25 345 345.25 345.25 345.75
346.25 345 344 344 344.25 344.75 343.75 344 343.25 343.75 344 343.25 344 343.75 344.5 344 343.5 344 344 344.25 345 344.25 344.5 345 345 345 345 346 345.75 345.5 345.25 345 345.75 346 345.75 346.5 346.75 345.75 345 345.75 346.5 345.75 345 345 345.25 345.25 346 345.5 345 346 346.5 345.5 346 346.25 346 345.75 345 345.75 345.25 346.5 347 347 347 346.75 346.75 347 347 346.5 346 346 345.5 344.75 345.5 345.5 345 344.75 345.75 345 345.75 345.5 345.5 345.5
343.25 342.5 343.25 345 344.75 344.25 343.75 344 344 344 344 343.5 343.75 344 344.75 343.75 344.25 344.75 344.5 344.5 344.5 345 345.25 345.25 345 345.5 345.25 345.5 345.75 345.5 346 345 345.75 346 346 346.5 346.25 345.5 345.25 345.75 346.5 345.5 345.5 345.5 345.5 345 346 346.25 345.5 345.5 346.25 346 346 345.75 345.25 345 345.25 345.75 346.25 347 347 346.5 346.5 347 346.25 347 347 347 346.5 346 346.25 346 345.75 346 346 345.75 346 346 346 346 345.75 346
343.25 345 346 346.25 346 344.5 343.5 344 344 344.25 344 343.75 344.75 344.25 344.5 344.25 343.5 344.5 345 345 344.25 344.5 344.5 344.75 344.75 345.5 346 346 345.25 345.25 346.5 345 345.5 345.75 345.5 346.5 346 345.5 345.75 345.75 345 345.5 346 346 346.5 346.5 346.75 346.75 346.75 346.25 346 346 346 346 346 345.25 345.5 346.75 346.5 346.5 347 346.75 346 346 347 346.5 347 347 347 346.5 346 346.25 346.5 345.75 346.25 345.75 346.75 346.25 346 346 345 345.75
346.5 346.25 347 347 346 345.25 343 343.5 343.75 344.25 344.75 344.5 345 344.75 344.5 345.25 344.25 344.25 344.75 343.75 344 344 344.5 344.75 344.75 345 345.25 345.75 345.5 345.75 345.25 345.25 345.25 345.75 346 345.5 346 346 346 346 346.5 346 346 346 346 346 346.25 346 346.25 346.25 346 346.25 345.75 346 346 345.75 345.75 346.25 346.25 346.25 347 347 346.75 346.75 346.25 347 347 347 347 346.25 346.5 346 346 346.25 346.75 346.75 346.5 347 346.5 346.25 346.75 346.75
