LSCAM_InData/LSCAM_InData/maxtempwarmestmonth_aggr_cambodia.asc
ncols         292
nrows         251
xllcorner     800180
yllcorner     -2175230
cellsize      2000
NODATA_value  -9999
[rows 144 to 179 of 251, columns 82 to 163 of 292]
343 343.75 344 344 343.25 343.5 343.25 342.25 341.75 341.25 341.25 343 342.25 343.75 344 344 342.5 342 338.25 335 336.75 339.5 343.5 341 341.5 341.25 342.5 344.25 344 344.25 340.75 341.5 344.25 344 345 346 346.5 347 347 347 347 347.25 348 348 348 348 348 347.75 348 348 348 348 348 348 347 345.75 345.5 345.75 348 349 349 349 349 349 349 349 349 349 349 349 349.5 350 350 350 350 350 349.25 348.5 347.75 346.75 345.25 345
343 343 343.25 343.75 344 343 339.75 335.75 341.25 342.5 343.25 343.25 343 343 341.5 342.75 339.25 336.25 335.5 330.5 330.75 334.75 342.75 333.5 331.5 332.25 335.25 340.75 340.5 338 341.75 334.25 344.5 345 345.5 345.5 345.5 346.25 347 347 346.5 346.5 348 347.5 348 348 348 347.75 348 348 348 348 348 347.75 348 347 346.75 347.5 348 349 349 349 349 349 349 349 349 349 349 349 349.25 350 350 350 350 348.75 348.25 348.25 348 347 346 345.75
342 342 342.5 343.25 342.75 341.5 335.25 340.5 342.25 342.5 343.25 343.5 343.5 343.75 342 343 343.25 342.75 340.5 340.75 341.5 342.5 343 341.25 339 336.5 335.75 334 333.5 328.75 336.25 338.25 344.5 344.75 345.25 346 345.5 345.75 346.75 347 347 346.25 346.25 347 347.75 348 348 348 347.25 347.75 348 348.25 348 346.25 346.75 347.75 347.75 348 348.5 349 349 349 349 349 349 349 349 349 349 349 349 349 349.25 349.75 350 350 348.25 348.25 348.25 347.25 347.5 347.25
342 342 342 342 341.25 337.5 341.5 341 342.5 342 342.25 342.75 343 343 343 343.25 343.25 343.5 343.5 343 343.25 343.5 343 343 343 343 343.25 343 342.5 339.25 340.5 342.75 345 344.75 345.25 346 345.75 345 345.5 346.25 346.75 347 346.5 346.5 347 348 348 348 348 347.75 348 348 348.25 347 347 348 348 348 348.75 348.75 349 348.75 349 348.25 348.25 348.5 349 349 349 349 349 349 349 349.25 349.5 350 348.5 348.5 348.25 348.25 348.75 347.75
341.75 342 342 342 340 340 341.25 341 342 342 342 342 342 342 342.25 342.75 343 343 343 343 343 343 343 343 343 343 343 343.5 343.75 343.75 344 344.75 344.75 344.25 345 346 346 345.5 345.25 345.5 347 347 347 347 346.25 347.25 347 347 347.75 348 348 348 348 348 348 348 348 348 348 348 348 348.5 348.5 348.25 348.25 348.5 349 349 349 349 349 349 349 348.75 348.75 348.75 348 348 348 348 348.25 348
341.75 341.75 342 341.5 340.5 340.5 341 341.25 341.5 341.75 342 342 342 341.75 342 342 342.5 342 342.25 342.5 342.5 342.5 342.25 342.25 342 343 343 343.25 343.75 343.25 344 344.25 344.75 344.75 344 345 345 345.75 346 345.25 345 346.5 347 347 346.5 346 346.25 346.75 347 347.5 347.5 348 348 348 348 348 348 348 348 348 348 348 348.25 348 348.75 348.5 348.5 348.5 348 348.5 348 348.25 348.25 348.25 348.25 348 348 348 348 348.25 348 347
341 341 341.25 340.75 340.75 337.5 340 341 341 341 341 341 341 341 341 341 340.75 340.25 341.75 342 342 342 342.25 342 342 342.25 342.25 343 343.25 343.25 343.25 343.25 344 344.5 344.25 344.25 344.25 344.25 345.25 346 345.25 345.5 346.5 347 347 346.75 346.25 346.75 346.5 346.25 346.5 347.25 348 348 348 348 348 348 348 348 348 348 348 348 348 348 348 348 348 348 348 348 348 348 348 348 348 348 348 348 348 346.75
341 341 341 341 341 339.75 339.25 339.25 340.5 340.25 340 340 337.25 338 337.25 334.25 335.5 340.25 340.5 338.5 338 337.75 340 341 342 342 342.25 342.25 342.5 343 343.25 343.25 343 343.25 343.75 344.5 344.75 344.5 344.25 345 346 345.25 345.25 346 347 347 346.75 346 346.5 346.75 346.5 347 347.5 348 348 348 348 348 348 348 348 348 348 348 348 348 348 348 348 348 348 348 348 348 348 348 348 348 348 348.25 348 347
341 341 340.5 340 341 340 338.5 339.25 336.25 333.75 336.75 335 327.5 330.25 326.5 335 334.5 338.25 340 339.25 335.25 331.25 338.25 340.5 341 341.75 341.75 342 342.5 342.75 342.75 343 343.5 343 343.25 343.25 343 344.25 344.5 344 345.25 346 345.25 345.25 346.25 346.5 346 343.75 343.75 346 346.25 347 347.5 348 348 348 348 348 348 348 348 348 348 348 348 348 348 348 348 348 348 348 348 348 348 348 348 348 348.25 348 347.75 347.5
338 336.5 340.25 340.25 340.75 340 340 338 334.5 325.5 326.5 332.5 322.5 321.5 324.75 330.25 335.25 335 338.75 339.25 339.25 339.5 340.25 341 341 340.75 341 341.25 341.75 342 342 342 342.75 342.75 342.5 343.5 343.5 343.25 344.5 344.5 344 344.5 346 345.5 345.25 345.5 346 344.5 344.75 346 346.75 347 347.5 348 348 348 348 348 348 348 348 348 348 348 348 348 348 348 348 348 348 348 348 348 348 348 348 348 348 348 348 347.5
335.25 327.5 331.75 339.5 340.25 340.25 340 339.25 337.5 335.25 330.75 328.75 330 324.75 329 334 336 337 339.25 339.5 339.75 340 340 340.25 340.25 340.25 340 340 340.75 341.5 342 341.5 342 342 342.25 342.25 342.75 343.75 343 343.75 344.25 344 345 346 345.25 345 345.5 346 346.25 346.75 346.5 347 347 347.5 347.75 348 348 348 348 348 348 348 348 347.75 347.75 348 348 348 348 348 348 348 348 348 348 348 348 348 348 348 347.75 348
338.25 337 335.25 338 340 340 340 340 339.25 338.5 337 332.5 331.75 331.25 327.75 334 338 338.25 339 338.75 339.25 339.25 339.75 340 339.75 336 336.5 338.25 339.75 340.5 341.5 340.5 340.75 341 341.5 341.75 342 342.25 343.25 343 344 344.5 344 345.25 345.75 345 345 346 346.5 346.75 346 347 346.5 346.75 347 347.25 348 348 348 348 348 348 348 348 348 348 348 348 348 348 348 348 348 348 348 348 348 348 348 348 348 348
330.75 337.5 337.5 338 339 339.25 339.25 339.75 340 339.25 336.75 329.75 335 333.5 337.5 338 337.75 337.5 337.5 337.5 338.5 338.75 339.75 339.5 338.25 334 332 337.5 339.5 340.75 340 338.25 338.5 339.25 340.75 341 341.5 342.25 342 342.75 343.25 344 344.5 344.25 345.5 345.5 345 346 346.25 347 346.25 346 345.75 346.25 347 347 347 347.5 347.75 348 348 348 348 348 348 348 348 348 348 348 348 348 348 348 348 348 348 348 348 348 348 348
333.5 337.5 337.75 336.5 338 337.75 338.5 338.75 339 339.25 336.75 327.75 337.5 337.25 338 337.25 331 329.25 331 335.75 337.25 338 339 338.25 333.5 330 330.5 338.5 338.5 339.5 339.5 336.5 337.5 340 338.75 338 339.75 340.75 341.5 341.5 342.5 343.25 344 344 344.25 344.75 344.75 345.25 346 346 346.25 346.5 346.5 346.5 347 347 347 347.25 347.75 347.75 348 348 348 348 348 348 347.75 348 348 348 348 347.75 347 347.25 347 348 348 348 348 348 348 348
334 337.5 337.25 338 334.5 335.75 338 337.5 338.25 338.25 338.5 336.25 338 338.25 336.25 329.25 311.75 306.75 326.75 336 337.25 338 338.5 338 328 322 315.5 330 333.25 337.75 338.75 338 338.25 339 338.5 333.25 334 333.5 334.25 337.25 341.75 343.5 343 344.25 344.25 344.5 345.25 345 345 345.5 345.5 346 346.25 346 347 347 347 347 347.25 347 347.75 347.75 348 348 348 348 348 348 348 347.75 346.25 346.75 347 346.75 347 348 348 348 348 348 348 348
332 332 333.75 337 330.75 333 336.5 337.5 336.75 337.5 338.75 338.75 338.25 335.5 321.25 310.5 308.5 305.5 328.5 336.5 337.25 337.5 337.5 337 330.75 318.75 310.5 319.75 314.25 323.5 330.5 336.75 330.5 334 338 334.5 336.5 323.75 330.5 339.5 341.75 342.25 343 343.5 343.75 344 345 345 345 345 345.25 345.75 346 346 346.25 347 347 347 347 347 347 347.5 348 348 348 348 348 347.75 347.5 347.25 346 346.5 347 347 347 348 348 348 348 348 347.75 347
326.5 332.25 329 333.5 333.5 325.25 329.5 333.25 332.75 336.25 337.25 337.75 337 328.25 314.75 306 316.75 311.25 331 335.75 337 336.25 330 321.75 321.5 319.25 310.25 305 307.25 304.75 307.5 327.5 335.75 334.75 337.5 336.75 338.75 326.75 337 341.25 341.75 342 343 343 343.5 344 344.25 344 345 345 345 345.5 346 346 346.25 347 347 347 347 347 347 347 347.75 348 348 348 348 347.5 347 346.75 347 347.25 347.75 348 348 348 348 347.75 347.75 348 348 348
327.25 331.75 325.5 326.5 333 330.25 322.25 324.25 326 333.25 336.5 337.5 335.75 332 323 320 309.25 306.75 333.25 335.25 335.75 333.25 316.5 316.5 316.75 309.25 313.25 309.75 305.5 293.25 294.75 309.75 334.5 338.5 339.25 339.25 339.5 340.5 341 341 341.75 342 342.75 343 343.25 343.25 344 344 344.5 345 345 345 346 346 346 346 347 347 347 347 347 347 347.5 348 348 348 348 347 347 347 347 347.5 347.5 347.5 347.5 347.5 348 348 348 348 348 348
329.75 329.25 320.5 324 333 335 328.5 319.5 321.75 326.75 330 335.5 336.75 331.25 318.25 321.25 306.5 315 327 326.75 329 330 310.75 311.25 302 294.5 303.75 301.5 304.5 311.5 312.25 312.75 336.5 338.5 339.5 340 340 340.25 341 341 342 342 342 343 343 343.5 343.75 344 344.25 345 344.75 344.75 345.5 346 346 345.75 346.75 347 347 347 347 347 347 347.25 347 347.25 347 347 347 347 347 347 347.25 347.5 347.75 348 348 348 348 348 348 348
332 326.75 322.25 329 330.75 330.75 331.25 327.75 324.75 330.25 326 328 336 335.5 330 323.25 325.25 315.75 316 310.75 317.5 324 309.75 297.5 280 278.5 288 295.75 295 309.75 329.75 336.75 338.25 338.75 339 339.5 340.5 341 341 341 342 342 342 343 343 343 343.5 343.5 344 344.75 345 344.25 344.5 345.75 346 345.75 345.25 346 347 347 347 347 347 347 347 347 347 347 347 347 347 347 347.5 348 348 348 348 348 348 347.5 347.25 347
332 326.75 318.25 328.75 325 332.75 327 331.5 331.5 330.25 331 333.5 335.25 335.75 335 334.25 326.75 317 311.25 315.25 308 318 298.5 292.5 271.5 263 275.5 285 282.5 299.5 319 325.5 328 333.75 338.5 339.5 340 340.5 341 341 341.75 342 342 342.5 343 343 343.5 343.5 343.75 344.25 345 345 344 345.75 346 346 345.75 346 347 347 347 347 347 347 347 347 347 347 347 347 347 347 347 347.5 348 347.75 347.5 347.5 347 347.25 347 347.5
329.25 330.75 320.75 327 327.5 333.5 323.25 321.75 329.25 325.75 326.5 330 333.5 335.5 334.25 332.25 325.75 316 311.75 315.25 310.75 313.25 306 298 278 260.25 261.75 272 271.5 286.5 300.75 303.5 313 322.5 332 339 340 340.5 341 341 341 342 342 342 342 343 343 343.5 343.25 344 344.75 345 344 345 346 346 345.75 345.75 346.5 347 347 347 347 347 347 347 347 347 347 347 347 347 347 347 347 347 347 347 347 347 347 347.25
326.25 328.75 322.5 319.5 322 330.25 328.75 319.5 324 328.5 325 324.5 331.25 333.75 335 332.5 329 320 315.5 316.75 317.25 316.75 322.5 304.75 300.5 281 274.75 272 276.5 284.5 283.5 297 323.25 337.5 337.5 338.75 340 340.25 340.75 341 341 341 341.5 342 342 342.75 343 343 343.25 343.75 344.75 344.25 344 344.5 346 346 345.5 345.25 345.5 347 347 347 347 347 347 347 347 347 347 347 347 347 347 347 347 347 347 347 347 347 347.25 347
324 323 327 316.25 313.25 323.5 331.25 327 325.5 326 315.5 316 321.75 329 333.25 334 332 330 325.75 324.75 322.25 320.75 331.5 328 323 304.25 286.5 275.75 291.25 302 295.5 309 330 336.75 339 339 339.5 340 340 340.5 341 341 341 342 342 343 343 343.25 343.5 343.25 344.25 344.75 344 345 345.5 346 346 345.75 345.25 346.75 347 347 347 347 347 347 347 347 347 347 347 347 347 347 347 347 347 347 347 347 347 347
319.75 317.25 325.5 314 306.5 317.75 328.5 328.75 320 316 314.25 315.25 319 328.25 330 333 333 332.25 328 324.5 325.75 326.5 332.5 332.5 329.5 310.25 291.25 284 298.75 321.75 325.25 318.25 327.5 334.75 338.75 339 339 339.75 340 340.25 340.75 341 341 341.25 342 342 342.5 343 343 343 343.75 345 344 344.75 346 346 345.5 345.25 346 346.5 347 347 347 347 347 347 347 347 347 347 347 347 347 347 347 347 347 347 347 347 347 347
315 306.25 321.5 318.25 301 311.25 325.75 328.75 323.75 313 311 316 317.75 326.75 323.75 327 332.75 332 319.25 313 328.25 331 332.25 332 326.5 306.75 304.75 299.5 304 322.25 334.5 329 322.25 335.5 338 338.75 339 339.25 340 340 339.75 340.25 340.5 340.5 341 342 342 342.75 343 343 343.5 345 344 344.5 346 345.75 345.75 345.75 346 346.25 347 347 347 346.5 347 347 347 347 347 347 347 347 347 347 347 347 347 347 347.25 347 347 347
294.25 295.25 312.25 315.5 299.5 303.25 319.5 323.25 324.25 325.75 315.25 312 323.5 321 317.75 317.75 331.75 332 327 309.25 323.25 329.5 331.5 332.25 328 320.5 312.75 311.75 329.25 330 332.75 335.25 335.25 334.75 336.5 337.75 339 339 339.25 339 338.5 338 339 340 340.75 341 341.75 342.25 342.75 343 344 344.75 344 344 344.5 345 345.75 345.25 345.75 346 346 346.75 346.75 346.25 346.75 347 347 347 347 347 347 346.75 347 347 347 347 347 347 347 347 347 347
284.75 288.75 300.5 299 297.75 289.5 310.25 324.5 322 313.75 318 302.25 316 319.5 310.5 313.75 329.75 332 330 315 310 316.25 323.25 332.5 332 331.5 330.5 327.5 331.25 332.5 334 334.75 335.5 336.25 336.25 337.5 337.75 338.75 338.5 337.75 337 337 337.75 338.75 339.75 340.5 341.25 342 342.25 343 343 344 344.5 344.25 344 344 345.25 346 346 346 346 346 346 346 346.5 346.75 347 347 347 347 347 347 347 347 347 347 347 347 347 347 347 347
275 280.25 285.75 288.5 281 284.75 307 320 313.25 299 309.25 305.5 306.5 322.75 321.25 316.5 323.75 331 331 316.75 300.75 314.75 320.75 333.5 333.25 332 332 332.25 331.75 328.25 333.5 335 335.75 336 336.75 337 337.5 338.25 337 335.5 330.75 334 337.75 338.5 339.5 340.5 341 342 342 342.75 343 343 344 345 344.25 344 344.5 345.5 345 345.5 346 346 346 346 346.5 346.5 347 347 347 346.75 347 347 347 347 347 347 347 346.75 346.75 347 347 347
279.75 275.5 289 285.5 278.75 274.5 290.25 310.5 315.5 299.5 303.75 311.25 305.5 316.25 327 323.75 320 329.75 331.5 315 302.75 323.25 326 332.75 333.5 333 333 332 331.5 333 333.75 334.5 335.75 336 336.75 337 336.75 337.5 335.5 334.75 324.25 333.25 336.75 338.5 339.5 340.5 341 341.75 342 342 343 343 343 344.25 344.5 344 345 345.5 345 345.75 345.25 346 346 346 346 346 346.25 346.75 346.75 346.75 347 346 346.5 346.75 347 347 346.75 346 346 346.75 347 347
289.25 286 295 292 287.5 277.5 283.5 291.5 311 294.75 289.25 309 311.5 322.5 326 330.5 328.5 331.5 331.75 326.25 312 326.5 330 333 334 333.75 333.75 332.5 332.25 333.5 334.25 334.5 334.75 336 336.75 337 337.5 337.25 336 336.5 335.5 336 337 338.5 340 340.5 341 341 341.75 342 343 343 343.5 344.5 344.25 344 344.75 344.75 345 345.5 346 346 346 346 346 346 346 346.5 346 346.25 347 347 346.5 346 346.5 347 346.5 346 345.75 346.25 347 347
307.5 305.25 287.25 285.5 291 285 280.5 281.75 293.75 295.5 284.5 305 319.75 324.75 326.5 330 332 332.75 332.5 330.25 325.25 330.75 332 333.5 334 334 334 332.75 333.25 334.25 334.75 335.25 336 336 337 337 337.25 338 338 337.5 337.5 338.25 338.5 339.75 341 341 341.5 341.5 341.75 342.5 343 343 343 344 343.75 344.25 344 344.5 345 345 345.5 345.5 346 346 346 346 346 346 346 346 346.25 346.25 346 346 346 347 346.75 346 346 346.25 346.75 346.5
297.25 310.75 289 278.5 282.25 284.75 278.25 276.5 272 283.5 294.25 312.5 322 325.25 324 329.25 332 333 333 332.5 331.25 332.25 333.25 333.75 334 334.5 335 335 334.75 335 335 336 336 336.5 337 337 337.25 338 338.5 338 338 338.5 339 339.5 340.5 341 341.5 342 342 342.25 342.5 342.75 343 343.25 343 344.25 344.5 344 345 345 345 346 346 346 346 346 346 346 346 346 346 346 346 346 346 345.5 346 346 345 345.25 345.75 346
304.75 313.75 299.75 285.5 279.5 283.25 278.5 276 272.5 283.25 289.75 303.75 323.25 327.25 329 330 331.5 332.5 333 333.75 333.25 333.5 333.25 333.75 334 334 334.75 335 334.25 335 335.25 336 336 336.5 337 337 337.5 338 338 338 338.75 339.25 339.5 339.5 340.5 341 340.75 342 342 342 342 342 342.75 343 343 343.75 344 344 344.75 345 345 346 346 346 346 346 346 346 346 346 346 346 346 346 345.5 345.75 345.75 346 345 345.25 345 345.25
314.25 301.5 288.25 279.5 278 291.25 291.25 290.75 289.25 288.25 304 311.75 324.5 325.5 327.25 331 332 332.25 333 333.25 333.75 334 333.75 333.75 334 334.25 334.75 334.5 334.75 334.25 335 335.75 336 335.75 336 336.25 337 338 338 338.25 339 339 339 339.25 339.75 341 340.25 341.75 341.75 342 342 342 342 342.75 343 344 344 344 344.25 345 345 345 345.75 346 346 346 346 346 346 346 346 346 346 346 346 346 346 346 345.5 345 345.5 345
309.75 301 298.5 290 293.25 291 293.25 284.75 289.25 298.5 313.5 321.25 322 322.25 323.75 331.5 332 332.5 333 333 334 334.25 334.25 334 334.25 334 333.5 333.25 332.75 334 334 329.25 334.75 334 335.25 336.25 336.75 337 337 337.75 338.25 338.75 339.25 339.75 341 341 340.25 341.5 340.75 341.5 342 342 342 342.5 343 343.25 344 343.75 344.25 345 345 345 345.75 346 346 346 346 346 346 346 345.75 345.75 346 346 345.5 346 346 346 346 346 345.25 345.5
