LSCAM_InData/LSCAM_InData/maxtempwarmestmonth_aggr_cambodia.asc
ncols         292
nrows         251
xllcorner     800180
yllcorner     -2175230
cellsize      2000
NODATA_value  -9999
[rows 144 to 179 of 251, columns 0 to 81 of 292]
-9999 -9999 -9999 -9999 -9999 -9999 -9999 -9999 -9999 -9999 -9999 -9999 -9999 -9999 -9999 -9999 -9999 -9999 -9999 -9999 -9999 -9999 -9999 323.5 324 324.25 324.5 323 326.25 328 328.75 331 332 330.75 329.75 325.25 315 313.25 298.5 296 297.5 299 311.25 321 326 325.5 328.25 329.25 330.75 332.25 327 328 334.25 329 323 324 325.25 326.75 329.5 330.25 332 332.25 330.5 325.5 329.5 336.5 338.25 338.5 339.5 341 341 342 341.75 341.5 342.5 343 343 343 343 343 343 343
-9999 -9999 -9999 -9999 -9999 -9999 -9999 -9999 -9999 -9999 -9999 -9999 -9999 -9999 -9999 -9999 -9999 -9999 -9999 -9999 -9999 -9999 -9999 -9999 319.3333 319.75 322 326.75 327.75 328.75 327.75 330.25 330.75 328.25 321.25 309.25 298.75 295.25 293 285.5 290 297 314.5 322.75 319 316 321.25 326.5 327.5 331 333.25 334.5 334.75 335 332 332.5 332.5 333.25 333.25 333.25 333 332 332.5 321.25 320.75 331.75 335.25 336.25 335.75 338 341 341.5 341.75 341 341.5 342.25 343 343 343 343 343 343
-9999 -9999 -9999 -9999 -9999 -9999 -9999 -9999 -9999 -9999 -9999 -9999 -9999 -9999 -9999 -9999 -9999 -9999 -9999 -9999 -9999 -9999 -9999 -9999 -9999 -9999 326 326.25 324.5 325.5 329 330 327.5 320.25 306.75 305.25 296.75 289.25 292.25 294.25 297.25 301.25 308.25 313.25 306.25 300.25 306.5 323.25 329 331.25 332.5 333.5 334.75 334.75 333.75 333.75 333.5 332.75 333 331.75 331.25 330.75 327.5 323 328 331.75 333.25 334 336 333.75 339 341 341 341.5 342 342 341.75 342 342.25 341.75 341.75 342.25
-9999 -9999 -9999 -9999 -9999 -9999 -9999 -9999 -9999 -9999 -9999 -9999 -9999 -9999 -9999 -9999 -9999 -9999 -9999 -9999 -9999 -9999 -9999 -9999 -9999 -9999 325.5 324.75 318 319.25 327.75 329.75 324.5 311 305.25 300.25 297.5 290 297.75 303.5 302.75 296 286.25 299.5 301.5 299.25 309.25 323.25 328.75 330.5 331.5 332.5 333.25 332.75 332.5 332 332 332.5 332.25 331 329.75 329.5 322.25 324.5 331.5 330 331.5 331 328 328.5 328.25 338.75 340.75 340.75 340.5 341.5 340.75 340.75 340.5 341.5 341.25 342
-9999 -9999 -9999 -9999 -9999 -9999 -9999 -9999 -9999 -9999 -9999 -9999 -9999 -9999 -9999 -9999 -9999 -9999 -9999 -9999 -9999 -9999 -9999 -9999 -9999 -9999 -9999 321 315.25 319.25 325.25 327.5 320 310.25 301.75 296.5 301 299.75 303.75 303.5 303.75 296.5 287 285.25 294.25 292.25 294.5 316.25 327 329.25 331 330.75 331.5 331.75 331 330.75 330.5 330.75 331 330.5 330 330 320.5 326 333.25 330.5 331.25 329.75 328.75 324.5 320.25 325.75 337.25 340.75 341 340.75 340.5 340.25 339.5 340.5 341 341.5
-9999 -9999 -9999 -9999 -9999 -9999 -9999 -9999 -9999 -9999 -9999 -9999 -9999 -9999 -9999 -9999 -9999 -9999 -9999 -9999 -9999 -9999 -9999 -9999 -9999 -9999 -9999 -9999 316.6667 319.5 325.25 321.25 315 308 300.5 300.25 302.5 303.5 303.75 302 298 288 301.25 304.5 302.75 303.5 291.25 313.25 326 328.25 326.75 328.5 329.75 331 330.5 329 329 329.5 329.5 329.75 328.75 329 322 328.75 334.75 330.25 330.75 330.5 332.25 331.5 327 324.5 326.75 336 338.75 339.75 338.5 337.25 336 338.25 340.5 341.25
-9999 -9999 -9999 -9999 -9999 -9999 -9999 -9999 -9999 -9999 -9999 -9999 -9999 -9999 -9999 -9999 -9999 -9999 -9999 -9999 -9999 -9999 -9999 -9999 -9999 -9999 -9999 -9999 -9999 320 323.25 317.5 310.5 306.75 307.25 301.5 299.25 303 298.5 297 294.25 276.25 291.5 308.5 309.5 316.5 309.75 318.25 325.25 327 327.25 327.5 329.25 328.5 328.5 328.5 329 329.25 329.5 329.75 329.5 328 328.5 333 334.75 333.5 334 330.25 331.25 331.75 330.75 332.75 334.5 336 335.25 336.5 331.25 335.5 338.75 338.75 340.5 341
-9999 -9999 -9999 -9999 -9999 -9999 -9999 -9999 -9999 -9999 -9999 -9999 -9999 -9999 -9999 -9999 -9999 -9999 -9999 -9999 -9999 -9999 -9999 -9999 -9999 -9999 -9999 -9999 -9999 294 310 319.75 311 308.75 307.75 304.5 295.25 297.75 302.25 293.5 287.25 278 271.5 277.75 291 308.5 322.25 323.25 325.25 326.5 327.5 326.75 326.5 328.75 327.75 328.75 329 329 329.5 328.5 325.75 327.75 333 332 331.5 332.5 332.75 333.75 332 332 331.25 334.5 337 337 337.5 338.75 339.5 339.5 340 340.25 340.75 341
-9999 -9999 -9999 -9999 -9999 -9999 -9999 -9999 -9999 -9999 -9999 -9999 -9999 -9999 -9999 -9999 -9999 -9999 -9999 -9999 -9999 -9999 -9999 -9999 -9999 -9999 -9999 -9999 291.5 283.5 299.5 313.25 301.5 303.75 308.25 306.75 306.25 307.25 308 299.25 297.5 298.25 281.25 276.75 281.5 295.75 320 324.5 326.25 327.25 328 328 327 328.75 329 329.25 329 329.5 328.25 322 324.25 331.75 332.5 333.5 333.5 334.25 334.25 334.75 335.5 336.75 334 335.75 337.25 337.75 338 338.5 339.25 340 340 340 340 340.5
-9999 -9999 -9999 -9999 -9999 -9999 -9999 -9999 -9999 -9999 -9999 -9999 -9999 -9999 -9999 -9999 -9999 -9999 -9999 -9999 -9999 -9999 -9999 -9999 -9999 -9999 -9999 298.3333 295.5 289.25 300.5 300 301 305 305.5 307.25 307.75 307.75 312 312.75 311.75 311.25 302.75 301.25 309 316.5 322.25 324.5 326.25 327.25 327.75 328 329 329 329.5 329.75 329.25 329.5 322.75 324 328.25 327 328.75 329.25 329.5 330 334 336.75 336.75 337.5 336.25 338 338.25 338 338.25 338.5 339 339.5 339.75 340 340 340.5
-9999 -9999 -9999 -9999 -9999 -9999 -9999 -9999 -9999 -9999 -9999 -9999 -9999 -9999 -9999 -9999 -9999 -9999 -9999 -9999 -9999 -9999 -9999 -9999 -9999 -9999 301 301.75 298.75 297.75 301.5 290.5 292.75 305.75 306.75 306.75 306.25 307 310.25 317.75 318 316.75 317 317 320 322.25 324.25 325.5 326.5 326.25 326.25 327.25 328.25 328.25 329 329.75 328.75 320.75 324.5 326.5 320.75 322 324.25 323.5 324.25 327.5 330.75 332.75 332.25 334.25 337.25 334.75 333 335.25 338 338.5 338.75 337.25 338.5 338.75 339.5 340
-9999 -9999 -9999 -9999 -9999 -9999 -9999 -9999 -9999 -9999 -9999 -9999 -9999 -9999 -9999 -9999 -9999 -9999 -9999 -9999 -9999 -9999 -9999 -9999 -9999 -9999 302 305 308.25 306.25 300.5 297.5 301.25 303.75 305.5 305.75 305 305 307.75 314.25 318.75 320.25 319.25 320 321 323 324.5 325 325.25 324.75 324.75 326.5 327.25 328.25 328.5 329 327.25 318.75 325 322.25 315.25 317.25 321 321.5 325.25 325.25 329.75 329.25 328.75 330 333.75 332.75 328.5 331 331.75 336 336.75 332 333.5 337.25 339 339.5
-9999 -9999 -9999 -9999 -9999 -9999 -9999 -9999 -9999 -9999 -9999 -9999 -9999 -9999 -9999 -9999 -9999 -9999 -9999 -9999 -9999 -9999 -9999 -9999 -9999 -9999 -9999 307.25 306.5 301.75 305.25 301.5 297.5 287.5 298.75 304.75 301.25 303.5 311.25 317.25 317.75 319 321 320.5 321.5 323.25 324 324.5 324.5 324.5 325.75 326.5 327 327 323 318.75 323 325.25 320.75 316.75 318 315.75 318.5 322 322.25 321 325.75 330.25 322.75 325.5 331 328.75 327.5 326.5 330.25 334.75 334.25 333.75 334.5 336.5 338 338
-9999 -9999 -9999 -9999 -9999 -9999 -9999 -9999 -9999 -9999 -9999 -9999 -9999 -9999 -9999 -9999 -9999 -9999 -9999 -9999 -9999 -9999 -9999 -9999 -9999 -9999 -9999 305.75 309.5 307.75 303.75 302 298 294 291 301.5 310.25 316.5 317.25 319 319 320 321 320.5 321.25 322.75 323 323 323 323.5 325.25 326 326.25 322.25 308.25 306.5 311.5 316.5 315 310.25 315.5 316.75 313.75 318.25 320.25 322.25 323.25 331.5 330.75 326.5 334.25 330 325 326.5 330.25 332.75 328.25 329.75 332 335 336 336.25
-9999 -9999 -9999 -9999 -9999 -9999 -9999 -9999 -9999 -9999 -9999 -9999 -9999 -9999 -9999 -9999 -9999 -9999 -9999 -9999 -9999 -9999 -9999 -9999 -9999 -9999 307 306.75 308 309.25 303.25 297.75 295.25 295 301.25 309.75 316.25 318 318.5 319.25 319.5 320.5 320.5 321.25 322 322 322.75 322 320.75 323.75 324.75 325 319.75 314.5 307 306.75 309.5 309.5 309.25 309 310 315.25 309 310.25 316 320.75 331 333.75 331 332.75 335 327.75 327.25 330.75 331 328 329.5 333 333 333 330.75 331.5
-9999 -9999 -9999 -9999 -9999 -9999 -9999 -9999 -9999 -9999 -9999 -9999 -9999 -9999 -9999 -9999 -9999 -9999 -9999 -9999 -9999 -9999 -9999 -9999 -9999 -9999 309.5 307.75 311.5 310 305.75 299.25 294 283.5 289 298.75 312.75 317 317.5 318.5 318.5 319.25 320.25 320.5 320 321.75 322.25 322 321.5 322.75 324.25 322.25 309.5 303.75 307.25 308.25 308.75 309.75 309 308.5 309.25 311 309.25 304.75 315.25 328 333 333.25 333.5 333.5 334.25 326.5 317 321.5 330.25 333 335 332.75 332.75 323 329.5 334.5
-9999 -9999 -9999 -9999 -9999 -9999 -9999 -9999 -9999 -9999 -9999 -9999 -9999 -9999 -9999 -9999 -9999 -9999 -9999 -9999 -9999 -9999 -9999 -9999 -9999 -9999 313 312.25 312.5 311.5 306 301.5 294 283.75 276 286 302.25 311.75 314 317 318.5 319.25 320 318.25 320.25 320.5 319.75 320.75 322 321.5 318.25 309.75 305.75 304.5 308 310 309.5 309.75 309.75 310.5 310 309 310 306 316.75 325 325.25 326.5 327.25 332.5 333.25 320.5 313.5 326.75 333 333.75 331.25 325.25 325.25 326.75 332 329.25
-9999 -9999 -9999 -9999 -9999 -9999 -9999 -9999 -9999 -9999 -9999 -9999 -9999 -9999 -9999 -9999 -9999 -9999 -9999 -9999 -9999 -9999 -9999 -9999 -9999 -9999 -9999 315.5 315.5 313.5 309.25 308.25 300.25 293.5 291.75 296 292.5 297.25 306.25 315 317.75 318.5 318.75 315 316.75 319.25 320 320.75 321.5 319.25 310 301.75 307 308.75 309.5 309.25 309.75 309 308.5 306 306 304 304.5 308 310.75 317 310.25 310.25 317.25 323.75 328 324.25 320.5 319.5 325 326 318.25 318.75 324.75 329 332.75 324.75
-9999 -9999 -9999 -9999 -9999 -9999 -9999 -9999 -9999 -9999 -9999 -9999 -9999 -9999 -9999 -9999 -9999 -9999 -9999 -9999 -9999 -9999 -9999 -9999 -9999 -9999 316.3333 317.5 317.5 314.5 305 300 298 297.5 299 294.5 279.5 271.25 294 310.75 314.5 313.75 301 292.75 302 310.25 317 320.25 320.5 311.5 303.5 306.25 307.75 310 309.25 308.5 307.25 305.25 307.75 307.25 304.75 299.75 299.75 308.25 304.75 299.75 296 299 301.75 311.75 316.75 312.5 306.75 302.25 307.5 314.25 316.5 328.25 333.25 334.5 331.75 325.75
-9999 -9999 -9999 -9999 -9999 -9999 -9999 -9999 -9999 -9999 -9999 -9999 -9999 -9999 -9999 -9999 -9999 -9999 -9999 -9999 -9999 -9999 -9999 -9999 -9999 -9999 316.6667 318.5 319 314.5 307.5 295 288.75 286 284 277.25 266.75 264.75 286 305.5 298.5 289 274.5 268.25 273 288 307.75 316.75 318.25 312 306 305.25 309 309.25 308.25 308 306 304.75 306.25 305.25 302.75 305 303.5 300.75 305.5 296 290.75 291.75 291.75 294.25 301.5 298.25 294.25 295.5 309.5 322.25 328 332.25 333.75 334 327 319
-9999 -9999 -9999 -9999 -9999 -9999 -9999 -9999 -9999 -9999 -9999 -9999 -9999 -9999 -9999 -9999 -9999 -9999 -9999 -9999 -9999 -9999 -9999 -9999 -9999 -9999 317 319 319.75 316.75 311 304.75 305.25 305.5 300.5 289.5 270 267.25 271.5 287 277.75 271.75 271.25 270.25 259.75 281 295.25 307.75 311 307.5 308 308.5 308.5 308.25 307.75 307.5 306.25 306.5 303.25 301.25 304 306.25 297.5 298.25 295.75 305 290 285.5 281 281.75 282.25 283.5 292 300 307.75 316.25 324.75 331 333.5 332.5 322.75 317.75
-9999 -9999 -9999 -9999 -9999 -9999 -9999 -9999 -9999 -9999 -9999 -9999 -9999 -9999 -9999 -9999 -9999 -9999 -9999 -9999 -9999 -9999 -9999 -9999 -9999 -9999 317 318.5 319.25 316.5 309 301.25 311.25 314 304.25 294.5 286.25 272.5 272.5 281.75 270.25 281.5 279.25 278.75 273.75 284.25 293.75 296.25 303.5 308 307 308 308.5 308.75 308 307.25 307.5 306 304.75 306.75 303 299 298.25 292.25 291 293 295 284.25 282.25 282.25 283 281.25 283 289 293.5 307.75 321.5 330.5 332 332.75 318.25 317.5
-9999 -9999 -9999 -9999 -9999 -9999 -9999 -9999 -9999 -9999 -9999 -9999 -9999 -9999 -9999 -9999 -9999 -9999 -9999 -9999 -9999 -9999 -9999 -9999 -9999 -9999 -9999 317.25 318.5 316.75 312.75 310.75 318 319.75 314 305.5 283 275 278.25 283 273.75 287.25 291.25 281.75 284.5 288 296.25 300.25 299.5 304.75 306.5 307.5 309.5 309 308 308 307.25 305.5 304.25 302.5 303.5 300 299.25 292.25 292.25 292.5 291 290.75 285.25 282 283.25 284.25 282.5 283.75 285.5 296.75 314.25 324 321.75 327.5 318 313.5
-9999 -9999 -9999 -9999 -9999 -9999 -9999 -9999 -9999 -9999 -9999 -9999 -9999 -9999 -9999 -9999 -9999 -9999 -9999 -9999 -9999 -9999 -9999 -9999 -9999 -9999 -9999 -9999 315.6667 315.25 316.25 319.75 321 319 310 289 275.25 285.75 287.5 287.5 285.5 290.75 296.75 284.25 285.5 293 292 303.5 304.5 305.25 304.5 307.75 308.75 309 309.75 308.5 306.25 304.5 306.75 304 303 300.75 296.25 291 293.25 291.75 289 291.75 287.25 285.75 285.25 288.5 286.25 282.75 282.25 285 299 309.75 304.75 312.75 312.75 312.5
-9999 -9999 -9999 -9999 -9999 -9999 -9999 -9999 -9999 -9999 -9999 -9999 -9999 -9999 -9999 -9999 -9999 -9999 -9999 -9999 -9999 -9999 -9999 -9999 -9999 -9999 -9999 -9999 -9999 312.3333 312.5 322.75 316 307.75 297.5 280.75 276 281 292.5 285.5 290.25 297.25 300 291.5 291.25 295 294.25 301.5 306.75 307.5 304.75 306.75 308.5 308.25 308 306.75 307 308 305.25 299.5 299 299.25 294.5 295.5 296 289.25 286.75 284.75 292.25 289.25 289 283.5 282.25 281.25 283.25 282.5 282.25 289.75 292 299 309 305.75
-9999 -9999 -9999 -9999 -9999 -9999 -9999 -9999 -9999 -9999 -9999 -9999 -9999 -9999 -9999 -9999 -9999 -9999 -9999 -9999 -9999 -9999 -9999 -9999 -9999 -9999 -9999 -9999 -9999 -9999 315.3333 321.5 309.75 293.5 280.75 285.25 282.25 280.75 291.5 290.75 285 293.5 302.5 305 293.5 299.5 298 302.5 306.25 307.25 305.5 306.75 308.5 308.25 306.25 305.75 307 306.5 304.5 301.5 298.5 295 293.5 299.25 298.5 290 287.5 285.5 295.75 295 285.5 284.25 284 279.25 278.25 280 279.5 279.75 282.75 294 295 296
-9999 -9999 -9999 -9999 -9999 -9999 -9999 -9999 -9999 -9999 -9999 -9999 -9999 -9999 -9999 -9999 -9999 -9999 -9999 -9999 -9999 -9999 -9999 -9999 -9999 -9999 -9999 -9999 -9999 -9999 318 320 309 296.25 295.75 305.25 296.25 284 286.5 300 293.75 291 294 305.25 298.5 301.5 299.5 304 304.25 306.5 307 308.75 308 307.25 307.25 306.5 307.25 304.5 304 302.5 297 292.5 295 304.25 302 296.75 287.25 286.5 301.25 285 288.75 286.25 284 278.75 282.5 280.75 278.5 277.25 278.5 283.75 285 287.25
-9999 -9999 -9999 -9999 -9999 -9999 -9999 -9999 -9999 -9999 -9999 -9999 -9999 -9999 -9999 -9999 -9999 -9999 -9999 -9999 -9999 -9999 -9999 -9999 -9999 -9999 -9999 -9999 -9999 -9999 319 316.5 307.75 307.25 311.25 311 291.25 285.75 290.75 294.75 301.5 305.25 307.75 307.5 304.75 300.5 303.25 305.75 307.25 307.5 307.25 308.5 305.5 307.75 308.75 308 305.5 307 305.5 302.5 295 294.5 293.75 309.25 311.75 299.25 291.25 299.5 301.75 286.25 283.25 283 282.75 282.25 284.25 278.5 278.75 276.25 280.75 280.75 278 276.75
-9999 -9999 -9999 -9999 -9999 -9999 -9999 -9999 -9999 -9999 -9999 -9999 -9999 -9999 -9999 -9999 -9999 -9999 -9999 -9999 -9999 -9999 -9999 -9999 -9999 -9999 -9999 -9999 -9999 -9999 -9999 320 316.25 315.75 311.75 299.5 296.75 289.25 292.5 291.25 290 292.25 303.25 310.75 308 305 308.5 309.75 308.75 309.5 308.75 309.5 309 310.75 308 307 305.75 305 301.25 300.5 304.5 308.75 310 314.25 313.75 312.75 309 303.25 289 285 285.5 288.5 289.25 286.75 283 282 281.25 281.5 282.25 277.5 277 275.75
-9999 -9999 -9999 -9999 -9999 -9999 -9999 -9999 -9999 -9999 -9999 -9999 -9999 -9999 -9999 -9999 -9999 -9999 -9999 -9999 -9999 -9999 -9999 -9999 -9999 -9999 -9999 -9999 -9999 -9999 -9999 320 318.25 311.75 304 306.5 307.5 293.25 290.5 294.5 295 294 300 307.5 311 309.25 309 310.75 310.5 310.5 312.25 313 313 310.75 309 307.25 311 307 308.75 313.75 312.25 306.75 304.75 296 295 298.25 292 288.75 286.5 286.5 296 284.25 288.5 289.75 282.75 278.75 277 289.75 286.75 282.5 277.75 284
-9999 -9999 -9999 -9999 -9999 -9999 -9999 -9999 -9999 -9999 -9999 -9999 -9999 -9999 -9999 -9999 -9999 -9999 -9999 -9999 -9999 -9999 -9999 -9999 -9999 -9999 -9999 -9999 -9999 -9999 -9999 321 317.5 316.25 312.5 315.5 308.75 299.75 296.25 295.75 297.5 298.5 301.5 305.25 314.75 313 309.75 310 311 313 314.5 312.5 310.25 309 313.75 310.25 312.25 310.5 312.75 309.5 301.25 296 290.5 289.5 287.25 287.25 283 290.25 293.5 295.25 299 286.75 283.5 288.75 286.25 279.25 281.5 292.25 284 277.25 276.25 298.5
-9999 -9999 -9999 -9999 -9999 -9999 -9999 -9999 -9999 -9999 -9999 -9999 -9999 -9999 -9999 -9999 -9999 -9999 -9999 -9999 -9999 -9999 -9999 -9999 -9999 -9999 -9999 -9999 -9999 -9999 -9999 -9999 321.5 323 320.25 315 308.5 309.75 308 298 301.5 304 304 304.25 314.5 312.25 311.25 311.75 311 313.25 315.25 312.25 312.75 314 312.5 313.75 313.25 313.5 310.25 305.25 298 294.75 294.75 294.5 294.75 289.5 279.75 284.75 304.75 297.75 291.75 285.75 289 287.75 299 285.5 291.25 293.75 287.25 280.5 275.75 284
-9999 -9999 -9999 -9999 -9999 -9999 -9999 -9999 -9999 -9999 -9999 -9999 -9999 -9999 -9999 -9999 -9999 -9999 -9999 -9999 -9999 -9999 -9999 -9999 -9999 -9999 -9999 -9999 -9999 -9999 -9999 -9999 -9999 323.3333 321.75 313.25 313.5 312 305.75 300.75 303.75 304.75 306 308 313.75 312 312.75 312.5 311.25 313.75 316.25 315 315.5 312 313 311.25 307 308 306.75 300 297.5 296.25 297.25 297.5 293.25 287 282.75 283.25 303 303 300 298.75 291 285.5 299.5 297.25 298.25 285.5 293 293.25 278.25 283.25
-9999 -9999 -9999 -9999 -9999 -9999 -9999 -9999 -9999 -9999 -9999 -9999 -9999 -9999 -9999 -9999 -9999 -9999 -9999 -9999 -9999 -9999 -9999 -9999 -9999 -9999 -9999 -9999 -9999 -9999 -9999 -9999 -9999 321.5 322 316.75 312.75 312.5 309.25 304 304 309 308.75 309.75 313.75 313.5 314 312 314.25 315.75 315.75 315.25 313.5 312.5 311.25 308.5 305.5 303.5 299.75 297.25 297.75 299.25 297.5 293.25 290.25 289.5 285.75 288 296 304.75 295.75 288 288.25 294 301.5 303.25 290.25 281.5 293.75 309 300.25 302.5
-9999 -9999 -9999 -9999 -9999 -9999 -9999 -9999 -9999 -9999 -9999 -9999 -9999 -9999 -9999 -9999 -9999 -9999 -9999 -9999 -9999 -9999 -9999 -9999 -9999 -9999 -9999 -9999 -9999 -9999 -9999 -9999 -9999 -9999 323.25 320.5 316.75 313.25 313 306 302.25 305.75 309.5 312 312.5 315.75 312.5 310.25 314.75 317.75 314.25 310.75 312.25 311.25 311 307 305.5 304.5 303 303.25 302.25 298.75 296.5 298.75 294.75 291.25 287.75 296 307.25 303.75 288.5 286 297 305.75 299 296.75 294.75 289.25 292 314 316 316.75
-9999 -9999 -9999 -9999 -9999 -9999 -9999 -9999 -9999 -9999 -9999 -9999 -9999 -9999 -9999 -9999 -9999 -9999 -9999 -9999 -9999 -9999 -9999 -9999 -9999 -9999 -9999 -9999 -9999 -9999 -9999 -9999 -9999 -9999 320.75 322 318.5 317 311.5 305.25 302.75 304.25 307.5 310 315 316.25 310.5 309.5 313.75 317.25 315.75 314 314 312 309.25 307.75 304.25 306.75 305.25 304.25 300.5 298.5 303.5 300.25 293.25 291.75 291 304 310.5 298.5 289.5 297.25 306 311.5 296.75 296 305.25 299.5 305 316.25 323.5 316.5
