LSCAM_InData/LSCAM_InData/maxtempwarmestmonth_aggr_cambodia.asc
ncols         292
nrows         251
xllcorner     800180
yllcorner     -2175230
cellsize      2000
NODATA_value  -9999
[rows 108 to 143 of 251, columns 164 to 245 of 292]
348.5 348 348.25 348 348.25 348 347.5 347.5 347.25 348 348.5 349.75 348.75 348 348.25 348.75 350 349.25 348.75 339 335.5 345.75 348 348.75 349.25 349.5 350 350 350.25 351 351.25 351.75 351.75 352 352.25 353 352.75 353 353 352.5 352.25 352.25 352.25 352.25 352 351.25 350.25 351 351 351 350.75 350.25 350 350 349.75 349 348.75 347.5 346.5 346.75 346.75 346.25 347.5 347 346.75 344.5 346 346.5 346 345.75 346 345.75 344 344.25 344.5 344 345 344.25 343.25 343 343.25 341
348 348.5 348 348.25 348.25 346.75 346.75 346.5 347.25 348 348.5 349 349.25 348.25 348.75 349.75 350 349.5 349.5 346.5 341 346.5 348 349 349 349 350.25 350.75 351.25 351.25 351.25 352 352.25 352 352.5 353 353 352.75 353 352.75 352.75 352.5 352.5 352 352 351.75 352 351.5 351 351 351.5 351 350.25 350 349.75 348.75 349 347.5 348.25 348 347 347.5 347.75 347.5 347.5 347.25 345.75 346.5 346.5 346 346.5 346 345.75 345 344.25 344 344.5 344.25 343.75 342.5 341.75 341.75
349 348.25 348.5 348.25 348.25 346.75 346.5 346.25 347.25 347 347.75 348.5 349.75 349.25 349 349.5 350 349.75 349.25 348 344.5 346.5 347.75 349 349 349.5 350 350.75 351 351.5 351.75 352.5 352.75 352.75 352.75 353 353 353 353.25 353.75 352.25 352.25 352 352 351.75 352 351.75 351.25 351 351 351.25 351 350.5 350 350 349 349 349.25 348.75 347.5 347.25 348.25 348.25 348.25 348 347.5 347 347 347.25 347 346.5 346 345.75 345 344 344 343.5 343.25 343.25 342.25 342 342
348 348.5 348.75 348.5 347.75 348.25 348 347 348 347.5 348 348.25 348.5 349.5 349.75 350.25 350.5 350.25 349.5 348.75 346.75 348 348 348.25 349.5 350.25 350.5 350.75 351.5 351.75 352 352 352.5 353 353 353 353 353.75 353.75 354 353.25 352.75 352.25 352 351.25 351.5 351 351 351 351.75 351.25 351 351 350.5 350 349 349 349.5 349 349 348.75 349.25 348.75 348.25 348.75 348 348 347.75 346.75 346.5 346 346 345.5 345 344.25 343 343.25 343.75 343.25 342.5 342 342
349 349 348.75 348 347.75 347.5 348.25 347.75 348.25 348.25 348 348 348.75 350 350.75 349.75 349.25 349 348.5 348 349 347.75 347.25 348.25 349.25 349.75 350.75 351.25 351.25 352 352 352 352 352.25 352.25 353 353.25 353.5 353.5 354 353.5 353 353 352.25 351.75 352.25 351 351.75 351.75 351.75 351 351 351 350 349.25 349 350 349.25 349.75 349.25 349 349 349 349 349 348.75 347.75 347 346.75 346.5 345.5 345 345 344.75 343.75 343.5 344 344 343 342.25 341.75 342.75
348.75 348.75 349 348.25 348 348 348 348 349.25 348 347.75 348.5 349 350 350.5 350 349.25 347.5 347 347.25 349 348.25 348.25 349.25 350 350.25 351.25 351.75 351.25 351.25 352 352 352.25 352.5 352.75 353 353 353.5 354.25 354 353.5 353.25 353 353 352.25 352.5 352 351.75 351.75 352 352 351 350.75 350.75 350 350 349.5 350 350 349.5 349.25 349 349 349 348 348 348 347.75 346.75 346 346.25 345.25 345 344.75 344.5 344.75 344.5 344 342.5 342.5 343 342.5
348.75 349 349 348.5 348.25 348 349.25 348.5 348 347.25 348 348.75 348.75 349.75 350.75 350 349.75 349 349.5 349.5 350 349 349 350 350 350.5 350.75 351.75 352 352 352 352.25 352.75 353 353.5 353.75 354.25 354 354 354 354 353.75 353 353 352.75 352.75 353 352.25 352.75 352.25 351.75 351 351 351 350.75 350 350 350 350.75 350 350.25 349 349 349.25 348.25 348 347.75 348 347 346.25 346.75 345.75 345 345.25 345.5 344.75 344.5 343 342.75 343.25 343 343
349 349 349 348.75 349 348.75 349 348.75 348.5 347.5 348.25 348.75 349.25 350 350.5 350.25 350.25 350.75 349.25 349 349 349.5 349 349.25 349.75 350 350.5 351.25 352 352.25 352.25 352 353 353 354 354 353.75 355 354.25 354 354 353.75 353.5 353.5 353.5 352.5 353 353 353 352 352 352 351.75 351 351.25 351 350.25 351 350 350.5 349 349.75 349.25 348.75 348 348 348 348 346.5 346.5 347 346.25 345.5 345.5 345 345 344.25 343.5 344 343.75 343.5 343.5
349.25 348.5 348.75 349.25 349.25 349.25 349.25 348 348 348.5 348.25 349.25 349.25 350 351 350.75 350.25 350.25 349.75 348.75 349 350 349.25 350 350.5 350.75 350.75 351 351.75 352.75 352.75 352.75 353 353 353.5 354 354 354.5 354.75 354.25 354 354 354.25 354 354 353.5 353 353.25 353 352.25 352.75 352 352 351.25 351 351 351 350.75 350.5 350 349.5 349.5 350 348.75 349 349 348.25 348 347.75 347 347 346.75 345.5 346 345 344.25 344 343.5 344 344 343.5 343.75
348.5 349.25 349.25 349.5 349.5 349.25 348.75 348.25 347.5 348 348.25 349 349.25 349.75 350.5 351.25 350 349.5 348.75 349.25 350 349.5 349.75 349.75 350.5 351 351.5 352 352 352 352.5 353 353 353 353 353.5 354 354 354.75 355 354.5 354 354.25 354 354 354 354 353 352.75 353 353 352.25 352 351 351 351 351 351 350.25 350 349.75 349.5 349 348.5 348.75 349 349 348.25 347.75 347.75 347 347 347 345.25 345 344.25 344.25 343.25 344 343.75 343 342.75
349.25 349.75 349.5 349.5 349.25 349 348.25 348 347.5 347.75 348 348.25 349.25 349.75 350.25 351 350.5 349.75 349.5 350.5 350.25 349.5 348.25 349.5 350 350.5 351 351.25 351.5 351.75 352.75 352.5 352.75 353 353 354 354 354 353.75 355 355 354.75 354.5 354.75 354.75 354 353.5 353 353 353 353 352.5 352.5 352 351 351 352 351 350.5 350.75 349.75 350 349.25 348.5 349 349 349 349 348.5 348 347.5 347 347 347 346.25 345 344 344 344.25 343.25 342 341.75
349.75 348.75 348.75 349 349 349 348.5 348.5 349 348.75 348.25 348.5 349.75 350.25 350 351 351.25 350 350.75 350.5 349.75 349.5 348.5 348.5 349.25 350.25 350.5 351 351.25 352 352 352 352.75 352.75 353 353.75 354 354.25 354.25 354.5 355 355 354.75 355 354 354 353.5 353.5 353.5 353.5 353 352.5 352.75 352.75 351.75 351.75 351.75 350.75 350.5 350.75 350 349.5 349 349 349 349 348.75 349 348.25 348 347.75 347.75 347.75 347 345.5 345 345 344.75 344 341.25 339.25 341
349.25 348.5 348.5 348.5 349.25 349 349 348.25 348.75 349 348.75 348.75 348.5 349.75 350 350.5 351.5 350.75 350.25 350.25 350 350 349.25 350 350.25 350 351 350.5 351 352 351.75 352.5 353 353 353.25 353.5 354 354 354.5 355 355.25 355.75 355.5 354.5 354 354.25 354 354 354 354 353 352.5 352.25 352.5 352.75 352.25 352 351 351 350.25 350 349.75 349.25 349 349 349 349 349 349 348 348 347.75 347 346.5 345.5 345.75 345 345 344.5 340.5 340 341.25
350.25 349.25 349.5 349.5 349.5 349.25 349 349 349 349 349 349 348.5 349.75 350.5 350.5 351.5 350.25 350 350.25 350.5 350 350 350.5 349.75 349.5 350 350.25 351 351 352 352.75 353 353 353 353.25 354.5 354.5 355.5 355.5 355.5 355.75 355.25 355 354.25 355 354.5 354.25 354.25 354 353.75 353.25 353 352.5 352 352 351.75 351.5 351 350.75 350 350 350 349.25 349.25 349 349 349 348.5 347.75 348 347.25 347 346 346 345.5 345 345 344.25 340.25 341.75 342
350 350.75 349.5 350 349.25 348.75 349 349 349 348.75 349.25 349 349 349.25 350 350.25 351.5 350.75 350 350.25 349.75 350.25 350.5 350 350 349.5 350.25 351.25 351.5 352 353 353 353 353.5 353 354 354.75 355 354.5 356 355.75 356 356 355.75 355 355 354.25 354.75 353.75 353.5 354 354 353.75 352.5 352.75 352 351.5 350.75 351 350.5 350 350 350 349.5 349.75 349 349 348.75 348.25 347.75 347 347 347 346.25 346 345.75 345 344.5 344 341 342.25 342.5
350.75 350.5 349.75 350.25 349.5 349.5 349.25 349 349 349.5 349.25 349.25 349 347 348.5 349.75 351 351.5 350.5 350.25 349.25 350.25 351 350 349.25 349.75 351 352.25 352 352.75 353 353 354 354 354 354.25 355 355 355.5 356 356 356.5 356 355.25 355 355.5 354.75 354.75 354 353.5 353.75 354 353 352.75 352.75 352.25 352 351 350.25 350.75 350 350 350 349.75 349.75 349.5 349 348.5 347.5 346.25 346.25 346.75 346.75 346 346 345.75 345 344.75 344 343.5 343.25 343.25
350.5 350.25 349 349.5 350 350 349.5 349.5 349 349 349.75 349.25 349 348.5 349.25 349.75 350.5 351.25 350.75 350.5 350.25 351 350.5 350.25 350 349.25 351 352 352.75 353 353 354 354 354 354 354.5 354.5 355.75 355.75 355.25 356 356.75 356 355.25 355.25 355.25 355 354.5 354 353.75 353 353 353.25 353 352 352 351.5 351 351 350 350 350 350 350 350 349 348.75 347.75 346.75 343.75 343.25 346 346 346 346 345 345 344.5 344 344 343.75 343
350.75 351 350 350.25 350.5 349.5 349 349 349 349 349 349.5 349 349 349.75 350.25 350.75 351.75 350.25 350 350.75 350.75 350.5 350.75 350 350.25 350.5 352 352.5 353.5 353.5 353.5 354 354 354.75 354.5 355.5 356 356 355.75 356 357 356 356 355.25 355 354.75 355 354.25 353.75 353 353 353 352.75 352.5 352 351.25 351 351 351 350.25 350 350 349.5 349 349 348 346.75 345 343.5 344 345.5 346 345.75 345.25 345 344 344 343.75 343.75 343.25 342.75
350.25 350.75 350.5 350.25 350 350 349.75 349.25 349 349 349.5 350.5 350 350 350 350 351 352 350.5 350.5 350.75 351 351.25 350.5 350 350.5 350.25 350.5 351.5 353 354 353.75 352.75 353.5 354.5 355 355.75 356 356 356 356 357 356 356.5 356 356 355 354.5 354 354 353.5 353 353 353 353 352.25 351.75 351 350.5 350 350.5 350.25 350 349.5 349 348.25 348 347.25 345 345 342.75 345 345.5 345.25 344.75 344.25 343.5 343.5 343.5 343 343 341.75
350 350 350.5 349.25 348.75 349.5 349.75 349.5 349 348.75 349 348.5 350 350.75 350.5 350 350.5 351.75 351.25 351 351.75 351.25 350.75 350.75 350.5 350.75 350.5 351 351.5 352.25 353.5 354 353.75 354.25 354.5 355 355.5 356 356 356 356.25 356.5 356.75 356.5 356.25 355.75 355 355 354.5 354.25 354 353.25 353 353 353 353 352.5 351 350 350 350 350.25 350 349.75 349 348.75 347.75 347 346.75 346.5 345.25 345.75 345.75 345.5 344.5 344 343.75 343 343.5 342.75 341.5 341.75
350.25 350.5 350 348.75 348.5 348 348.5 349 348.75 348.75 348.75 349 349.25 350 350.5 350.75 350.5 351.5 351.5 350.75 350.75 351.25 351.5 351 350.75 351 351 351.5 352 352.5 352.75 353.5 354 354 355 355.5 356 356 356 356 356.5 357.25 357 357 356 356 355 355 355 354.75 354 354 353.75 353.5 353 352.75 351.75 351 350 349.75 350 350.5 350 349.75 348.75 348 347.75 347.75 347.25 347 346.75 346.5 346 345.75 344 344 343.5 344 343 342.5 342 341.5
350 350.75 350.75 349.75 349.5 349 348.25 349 348.25 348.25 348.75 349 350 350 350.25 351 350.5 352 350.75 350.25 349.25 350.5 350.25 350.5 350.5 350 350 351 351.5 352.25 352.25 352.75 352.75 353.25 354 354.5 355.5 356 356 356 356.5 357.5 357.5 357 356.25 356 355.75 355.75 355 355 354 354 354 353.75 353 352.25 351.5 349.75 348.75 350 350.25 350.25 350 349.5 349 349 348.75 348 347.75 347 347 346.25 345.75 345.25 344.5 344.25 343.75 343.75 343 342.25 342 341.75
350.5 350 350.5 350.5 350 349.75 349.5 349 349.5 348.75 349.25 349.25 349.5 349.5 350 350.5 351.25 351.5 350.25 350.25 350.25 349.75 349.5 349.5 349.25 349.5 350 351 350.75 351.25 351.25 351.25 352.5 352.75 352.5 355 355.5 356 356 356.25 356 357.25 357.5 357.5 357 356.75 356 356 355.5 355 354.5 354 354 353.25 352.5 352 351 349 349.5 350.75 351 350.5 350 349.75 348.75 348.5 348 348 347.75 345.5 346 346 345.75 345 344.75 344.5 344 343.5 342.75 342.25 342.5 342
350 350 350.25 350.5 350.75 350.5 350.25 349.25 349.75 349.25 349.25 349 349.5 349.5 349.75 350.75 351.25 351.25 349.75 349.75 349.5 349 349 348.75 348.25 349.25 350.25 349.25 350.25 351.25 351.25 351.75 352.5 353.75 353.5 354 354.5 355.75 355.5 355.25 356.25 356.75 357.25 357 357 356.75 356.25 356 355.25 355 354.75 354 353.25 353 352.5 352.25 351.75 350.75 351 351 350.75 350.25 349.75 348.75 347 347 347.5 348 347.5 347 346 345.75 345 345 345 344.5 344 343 343 342.5 342.75 341.75
350 350 350.5 350 350.5 350.5 351 349.75 350 350 349.5 349.5 350.25 350 350 351 351.5 350.75 349.75 349 350 349.5 349 349 349.5 351.25 350.75 350 350.25 351.25 351.75 352.5 353 352.75 353.5 353.25 354 354.75 354.25 355.25 355.5 356.25 356.75 357 357 356.25 355.75 356 355.5 355 354.75 354.25 353.25 353 353 352.75 352 351.5 351 351 350.5 350 349.25 348 348.5 348 347 347 347 346.5 345.5 345.25 345 345 345 344.25 343.75 343.5 343 343 342.75 341.75
350 350 350 350.25 350.25 350.25 350.25 350.5 350.5 350.5 350.75 350.25 349.25 349.75 350.25 351 351.25 350 350 349 350.25 349.75 349 349 349 351.5 351.75 351.25 350.25 351.25 351.25 351.5 351.75 352.5 352.25 352.75 354 353.75 352.25 353.75 354.75 355.5 356.25 357 355.75 355.5 355.25 355 355 354.75 354.25 354 354 353 353 352.75 352 352 351 351 350.25 349.5 349 348.25 348 347 346.5 347 347 346 345.25 345 345 345 344.75 344 343.5 343.75 343 342.75 341.5 339.75
350 350 350.25 350 349.5 349 350 350.25 350.25 350.25 350 350.5 350.75 350 350.25 351.5 350.25 350 350 350.25 349.75 349 349.5 349.25 350 351.75 353 351.5 350.5 350.75 351 351 351.75 352.25 352.75 351.5 352.5 352 352 353 354.25 355.5 356 356.5 356 355 355.25 352.75 353 354 353.5 353 353 353 353 352.25 352 351.75 351.25 351 350.25 350 349.25 348.5 348 346.5 346.5 346.25 346 345.5 345.25 345.25 345 345 344.75 344 344 343.25 342 341.25 340.75 339.75
350 350 349.25 348.75 348.5 348 348.5 349.5 350.5 350 350 349.75 350 350.25 350.5 351.25 350.75 350.75 350.5 349.75 350 350.5 350.25 351 352.25 353 351.5 351 350.75 351 351.5 351.75 352.5 352.75 352 352.25 351.75 352 352 351.75 353.5 353.75 354.75 355.25 355.5 355.25 355 354.25 352 352.25 353 352.75 352 352.25 352 352 351.5 350.75 350.5 350.5 350 349.75 349 349 348 347.75 347 346.75 346.75 345.75 345.75 345.5 345 345 344.75 344 343.75 342.75 341.5 341.25 340.5 339.75
350 349.75 349.25 348.5 347.5 348 348.75 349.5 350.5 350 349.75 349.75 350 349.75 349.75 349.25 350.25 349 349.5 349.75 349.75 349 350 353.25 352.5 351.5 350.5 350.75 352 351.5 351.5 352.5 352 352.75 353 353 352.25 351.75 352 352 352.25 353.75 355 355 355.25 355 354.75 353.5 351.5 351.25 351 351.75 351.75 351.5 351.75 351 350.75 350.25 350 350 349.5 349.25 349 348.25 347.75 346.75 346.75 347 346.25 346 345.75 345.25 345 345 344.25 343.25 343 343 341.75 340.75 339.75 339.5
350 349.25 349 349 348.25 348 348.75 349.75 350 349 348.5 349 350 349.75 350.25 349 350 348.75 348 348 349 349.25 351.25 353.25 351.75 353 351.5 351.75 353 351 351 352.5 353 352.75 353.25 352.75 352 352.5 352.75 352 353 352.75 354.25 355 354.75 355 354.25 350.75 349 349.25 348 348 350.25 348.25 350 350.25 350.25 348.75 349 349 349 349 348.25 347.5 346.75 346 347 347 346 346 345.75 345.5 345 344.5 344 343.5 342.75 342.25 340.75 339.75 339.75 339
349 349 348.25 348.5 348 348 348.5 349.75 349.25 348.5 347.75 348.75 349 348.75 349.5 349 348.75 347 347 347.25 348.5 350.25 351.75 353 352.5 353 351.75 351.75 353 352 351.25 353 353.75 353.5 353.75 353 352 353 353.75 352.5 352 353.5 354.5 354.5 354.5 354.5 353.5 351.5 349.75 349 348 347.25 347.75 347 348 350 349 348 348 349 348.5 348 347.75 347 346.5 346.5 347 347 346.5 346 345.75 345.25 345 344.25 343.75 343.25 341.75 341 340 340 339.75 339
348.5 348.25 348 348 348.75 349 349 349.5 349.25 347.75 346.5 347.25 347.75 346.5 347.75 347.75 347.25 346.25 346 346.75 347.5 349.25 351.5 352.5 352.75 352.75 351.25 352.25 353 352.25 351.75 352 353 354 354 354 353 353.25 354 352.75 351.75 353.25 354.25 354 354.25 354 353.25 352 350 349.25 349 348.75 349 348.25 347.25 348.5 347 348 348.5 349 348.5 348.25 347.75 347.5 346.75 346.75 347 347 346 346 346 345 344.75 343.75 342.75 342.5 341.75 340.75 340 340 339.25 339.5
348.5 348.25 348 348.25 349 348.75 349.25 349 349 348 346.5 345.75 345.25 346 347.25 346.75 346.75 346.25 345.5 346 347.25 348 351.5 352 352 352 352.5 352.75 353.5 353.25 353 353.25 353.25 354 354 354 354 354 354.75 353.75 354 353.75 354 354 354 353.75 353 351.25 349.75 349.5 350 349.5 348.75 347.75 347 346.75 347 347.75 348.75 349 349 348 348 347.25 347 347 346.75 346.25 346 346 345.25 345 344.5 342.75 342.25 341.25 341 341 340 340 339.5 339.25
347 347 347.5 348.5 349 349 348.25 348.75 348.75 347.5 346.75 346 345.75 346.75 348.75 348.75 349.5 346.75 347 347 347.25 350.25 351.75 352 352 352.5 352.5 352.75 353 353 353 353 352.75 353.25 353.75 354 354 353.75 353.75 354.25 354 354 354 354 354 353.75 352.75 351.5 349.75 349.25 349.5 348.5 347.5 347.5 347 347.25 348 348.25 348.25 348.75 349 348.25 347.5 347.25 346.5 346.5 346.25 346 345.75 345.25 345 345 344.5 342 341.25 341 341.5 340.5 340 339.75 339.5 340
345.75 346 347 349 349 348.5 348.5 348.5 348.75 348 347.25 346 346.25 348.25 349.75 350 348.25 347.75 348.5 347.75 351.25 352 352 352 352 352 352.75 353 353 353 353 353 353 352.5 352.75 353.75 353.25 353 353.25 353.5 354 353.75 353.75 354 353.5 352.75 351.75 350.25 349.75 350 349.75 349.5 349 348.25 346.75 347.5 348.25 348.5 348.75 349 348.5 348 347.25 346.75 346.25 345.75 345.75 346 345.75 345 345 344.5 343.5 342 341.25 341.25 340.75 340.25 340 340 339.5 340
345.5 346.25 347 348.25 348 348 348.5 349 349 348.75 347.75 347.75 347.25 349.25 350 350 348.75 349.25 349.75 351.5 351.5 352 352 352 352.5 352.25 352.5 353.25 353 353 353 353.25 353.25 353.25 353.25 353 353.5 353 353.25 353 353 353 352.25 352.25 351.25 350.5 350.25 349.75 350.5 350.5 348.5 347.75 347.25 347.25 347 346.75 347.75 349 348.5 348 347.75 347.75 346.75 346.25 344.75 344.25 343.75 344.75 345.25 345 344 343.75 343.75 342.5 342.5 342.25 341 340.5 340.75 340.25 339.75 339.5
