LSCAM_InData/LSCAM_InData/mintempcoldestmonth_aggr_cambodia.asc
ncols         292
nrows         251
xllcorner     800180
yllcorner     -2175230
cellsize      2000
NODATA_value  -9999
[rows 108 to 143 of 251, columns 82 to 163 of 292]
187 187 187 187.75 187.25 187.75 187.5 187 187.5 188 188 187.25 187.5 188 188 188 188.25 189 188.25 188 188 188.5 188.25 188.75 189.25 190 189.25 189 189 189.5 190 190 190.75 190 190 190 190 190.25 191.5 191.5 191 191 191 191 191 191 191.25 191.75 192.5 192 192 192 192 192 192 192 192.25 192.5 192.75 193 193 193 193 193 193 193 193 193 193 193 193.25 193.5 193.5 193.75 194.5 194.25 195 195 195 193.75 192 192.5
187.5 187 187.5 187.75 187.75 188 188 188 188 188 188 188 188 188 188 188.75 189 188.5 188.5 188.75 189 189 189 189 189.5 190 189.25 189.5 190 190 190 191 190.25 190 190.5 190.75 191 191.75 191.75 191 191 191.25 191.5 191 191.5 192 192.25 193 193 192.25 192 192 192 192 192 193.25 193 193 193 193 193 193 193 193 193 193 193.5 193.5 193.5 194 194 194 194 194 194.75 194.5 195 195 194 193 193.5 192.5
188 188 188 188 188 188 188 188 188 188 188.25 188 188.25 188.25 188.75 189 189 189 189 189 189 189 189.25 190 190 189.75 189.75 190 190 190 190.75 191 190.5 191 191 191 191.75 192 191.5 191.5 191.5 192 192 192 192.25 192.75 193 193 192.75 192 192 192 192 192.5 193.25 194 193 193 193 193 193 193 193.5 194.5 194 194 194 194 194 194 194 194 194 194.5 194.75 195 195 195 193.25 193.5 194 193
188 188 188 188 188 188 188 188 188 188.5 188.75 188.75 188.75 189 189 189 189 189 189 189 189.25 189.75 190 190 190 190 190 190 190.25 191 191 191 191 191 191 191.75 192 192 192 192 192 192 192.25 192.5 193 193 193 192.5 192.25 192.75 192.5 192.75 193.25 193.5 194 193.25 193 193 193 193.5 194 194 195 194 194 194 194 194 194 194 194 194 194.75 195 195 195 195.25 194.5 192.75 194 193.25 192.75
188 188.25 188 188 188.5 188.5 188.5 188 188.25 188.5 189 189 189 189 189 189 189 189 189 189.25 190 190 190 190 190 190 190 190.25 191 191 191 191 191 191.25 191.75 192 192 192 192 192 192 192.75 193 193 193 193 193 193 193 193 193 193 193.75 194 193.75 193.5 193.5 193.5 194.25 194.25 195 195 194 194 194 194 194 194 194 194 194 194.75 195 195 195 195 194.25 194 194.25 194.5 192.75 192
188.75 188.5 188.5 188.5 189 188.5 188.75 189 188.75 189.25 189 189 189 189 189 189 189 189.5 189.5 190 190 190 190 190 190 190.25 190.5 191 191 191 191 191 191 191.75 192 192 192 192 192 192 192 193 193 193 193 193 193 193 193 193.25 193.75 194 194 194 193.5 194 194 194 194.5 195 195 194.25 194.25 194.25 194 194 194.5 195 194.75 194.75 195.25 195 195 195.75 195.75 196.5 195 194.75 194 194.75 194.5 194.5
189 188.75 189 189.25 189 189 189 189 189.5 189.25 189.25 189.5 189.5 189.25 189.25 189.25 189.75 190 190 190 190 190 190 190 190.25 191 191 191 191 191 191 191 192 192 192 192 192 192 192 192.25 192.25 192.5 193 193 193 193 193 193 193.75 194 194 194 194 194 194 194 194.25 195 195 195 195 195 195 195 195 195.75 196 196 195.5 195.5 195.5 195.75 196.25 197 196.25 195.25 195 194.25 195 194.25 193.75 193
189 189 189.75 189.25 189.5 190 189.5 190 190 190 190 190 190 189.75 189.75 190 190 190.25 190.25 190 190.25 190.5 190.75 190.5 191 191 191 191 191.5 191.5 191.25 191.75 192 192 192 192 192.25 192 192.5 193 193 193 193 193 193 193 193.5 193.75 194 194 194 194 194 194 194 194.75 195 195 195 195 195 195 195 196 196 196 196 196 196 195.75 196.25 197 197 197 195.25 195 195 195.25 195 194.5 194 193.75
190 189.25 190 190.5 190 190.25 190.25 190.5 190 190.25 190.75 190.25 190 190.25 190 190.25 190.75 191 191.5 191 191 191 191 191 191 191 191.75 192 192 191.25 192 192 192 192 192.25 192.5 192.5 192.25 193 193 193 193 193 193 193.25 193.25 194 194 194 194 194 194 194 194 194.75 195 195 195 195 195 195 195 195 196 196 196 196 196 196.5 197 197 197 197 196.75 196.75 195.75 195.75 195 195 195 195 194.75
190 191 190.25 190.25 190.25 190.5 191 191 190.75 191 190.75 190.75 190.5 191 191 191 191.25 192 192 191 191.5 191.25 191 191.5 191.5 192 192 192 192.25 192 192 192 192 192.5 193 193 193 193 193 193 193.5 193.75 194 194 194 194 194 194 194 194 194 194.25 194.5 194.75 195 195 195 195 195.25 195 195.25 195.25 195.75 196 196 196 196 196.5 197 197 197 197 197 196.75 196.25 196 195 195 195 195 195 194.5
190.75 190.75 190.25 190.25 190.75 191 191 191 191 191 191 191 191 191 191 191 191.75 192 192 191.75 192 191.5 191.75 192 192 192 192 192.5 192.5 192.25 193 193 193 193 193.25 194 193 193 193.25 194 194 194 194.75 194 194 194 194 194 194.25 194.75 195.25 195 195 195 195 195 195 195.5 195.75 195.75 196 196 196 196 196 196 196.5 197 197 197 197 197 196.5 196.25 196 195.75 195 195 195.75 195.5 195.25 195
191 191 190.75 190.5 191 191 191 191 191 191 191 191 191 191 191.25 191.25 191.75 192 192 192 192 192 192 192 192 192 192.5 193 192.75 193 193 193 193 193.25 193.75 193.75 193.5 194 194 194 194 194.75 194.25 194 194 194.5 194.5 194.75 195 195.25 195.75 195 195 195 195 196 196.75 196.5 196 196 196 196 196 196 196 196.5 197 197 197 197 197 196.75 196.25 196.5 196.75 196.5 196.75 196.75 197 197 196.5 195.5
191 191 191 191 191 191 191 191 191 191 191 191 191.25 191.5 192 191.5 192 192 192 192 192.25 192 192 192 192 192.75 193 193 193 193 193 193 193.5 194 194 194 194 194 194 194 195 195 194.75 195 195 195 195 195.5 196 196 195.25 195.25 195.75 196 196 196.75 197 196.5 196 196 196 196 196 196 197.25 197 197 197 197 197 196.75 196 196 196.5 197 197 197 197 196.75 196.25 196.25 195.75
191 191.25 191 191 191 191 191 191.5 191.5 191.25 191.5 191.75 192 192 192 192 192 192 192 192.25 192 192.25 192.25 192.5 193 193 193 193 193 193.25 193.25 193.5 194 194 194 194 194 194 194 194.75 195 195 195 195 195 195 195.75 196 196 195.75 195.75 196 196 196 197 197 196.5 196.25 196 196.5 196.5 196.5 196.5 197.5 197 197 197 197 197 197 197 196.5 196.5 196.75 197 197 197 197 196.5 196 196 196.25
191.25 191 191 191 191 191 191.5 191.5 191.75 192 192 192 192.25 192 192 192 192.5 192.5 192.25 192 192.25 192.5 192.75 193 193 193 193 193 193 193.75 194 194 194 194 194 194 194.25 194.5 195 195 195 195 195 195 195.25 196 196 196 196 196 196 196 196.25 197 197 196.75 197 196.5 197 197 197.25 197.25 198 197.25 197 197 197 197 197 197 197 197 197 197 197 197 197 197 197.25 196.75 197 196.75
191.5 192 191.5 191.5 192 192 192 192 192 192 192.5 192 192 192.5 192.5 192.75 192.75 192.25 192.25 192.75 193.25 193.75 193 193.25 193 193 193 193 193 193.75 194 194 194 194 194 194 194.75 195 195 195 195 195 195 195 195.75 196 196 196 196 196 196 196.75 197 197 197 197 197 197.25 197.25 197.5 197.75 198 198 197 197.25 197.5 197.5 197 197 197 197 197 197 197 197 197 197 197.25 197.75 197.75 197.5 197.25
192 192 192 192 192.25 192 192.5 192.5 192.25 192.5 193 192.75 192.75 193 192.75 192 192 192 193 193 193 193.5 193.5 193.75 193.75 193.5 193 194 193.75 194 194 194 194.25 194 194.25 194.75 195 195 195 195 195 195 195.25 196 196 196 196 196 196 196.25 196.5 197 197 197 197 197 197 197.25 197.75 198 198 198 198 197.75 198 198 198.5 198 197.75 197.5 197 197 197 197 197 197.25 197.5 197.5 198 197.75 197 197.5
192.75 192.5 193 193 193 193 193 193 193 193 193 193 193 192.25 192 192.5 192.75 193 193.25 194 194 193.75 193.75 193.75 193.75 193.25 193.75 194 194.25 194.5 194.75 195 194.75 194.25 195 195.25 195 195.25 195.5 195.5 195.25 195.5 196 196 196 196 196 196.25 196.25 196.5 197 197 197 197 197 197 197.75 198 198 198 198 198 198 198 198 198.75 198.5 198.5 198.25 198.25 198 198 198 198 198 198 198 198 198 198 198 198.25
193 193 193 193 193 193 193 193 193 193 193.25 193.25 192.75 193 193.25 193.5 193.5 193.75 194 193.75 193.75 194 194 194.25 194.25 194 194 194.25 195 195 195 194.75 195 195 195.5 196 196 196 196 195.5 195.5 196 196 196 196 196.25 196.75 196.5 196.75 197 197 197 197 197 197 197.25 198 198 198 198 198 198 198 198 198.75 199 198.25 197.75 197.25 197.5 197.5 198.5 198.5 198.5 198.5 198.25 198 198 198 198 198.5 198.5
193 193 193 193 193 193 193 193 193.25 193.5 194 194 194 194 194 194 194 194 194 194 194.25 194.75 194.5 195 195 195 195 195 195 195 195 195.25 195.5 195.75 196 196 196 196 196.25 196 196 196 196.25 196.75 197 197 197 197.25 197 197 197 197 197 197 197.5 197.75 198 198 198 198 198 198 198.25 198.5 199 199 198.25 196.5 196.5 197.25 195.5 198.25 199.25 199.5 199.75 200 200 199.25 198.75 199 198 198.5
193.25 193.75 193.5 193.25 193.5 193.75 194 194 194 194 194 194 194 194 194 194 194 194 194 194 194.5 195 195 195 195 195 195.25 195 195 195.25 195.5 196 196 196 196 196.25 196.75 196.25 197 196.25 196.75 196.75 197 197 197 197 197.5 197 197 197 197 197.5 198 198.25 198.25 198 198 198 198 198 198.25 198.5 199 198.75 199 199 199 198.75 198.75 198.5 198.5 199.25 200 200 200 200 200 199 199 199 199 198.5
194 194 194 194 194 194 194 194 194 194 194 194 194 194 194 194 194 194 194.25 194.75 195 195 195 195 195 195 195 195 195.5 195.75 196 196 196 196 196.5 197 197 197 197 197 197 197 197 197 197.25 197.5 197 197.25 197.75 198 198 198 198.25 199 198 198 198 198.25 199 199 199.5 199.25 199 199 199 199 199 199 199 199.25 200 200 200 200 200 200 199.75 199.25 199.25 199 199.5 199.5
194 194 194 194 194 194 194 194 194 194 194 194 194 194 194 194 194 194.25 194.75 195 195 195 195 195 195 195.75 196 196 196 196 196 196 196 196.25 197 197 197 197 197 197 197 197 197 197.5 198 198 198 198 198 198 198 198.25 199 198.5 198.5 198.75 199 199 199.5 200 199 199 199 199 199 199 199.75 199.75 200 200 200 200 200 200 200 200 200 200 200 200 200.25 200.5
194 194 194 194 194 194 194 194 194 194 194 194 194 194 194.25 194.5 194.75 195 195 195 195 195 195.5 196 196 196 196 196 196 196 196 196 196 197 197 197 197 197 197 197 197 197.25 198 198 198 198 198 198 198 198.5 198.5 199 199 199 199 199 199 199.5 200 199.75 199 199.25 199.5 199.5 199.75 200.5 200.5 200 200 200 200 200 200 200 200 200 200 200 200 200.25 200.5 201
194 194 194.5 194 194.25 194 194 194 194 194 194 194 194.5 195 195 195 195 195 195.25 195 195 195 195.25 196 196 196 196 196 196 196 196 196 196.25 197 197 197 197 197.25 197 197 197.25 198 198 198 198 198 198 198 198.75 199 199 199 199 199 199 199 199.75 200 200 200 199.75 200 200 200 200.75 201 200.75 200 200 200 200 200 200 200 200 200.5 200.75 201 201 200.5 201 201
194 194.25 194.25 194 194 194 194 194.25 194 194 194.25 194.75 195 195 195 195 195.75 196 195 195 195 195 195.5 196.5 196.75 196 196 196 196 196 196 196 196.75 197.25 197.25 197 197.25 197.5 197.25 198 198 198 198 198 198 198 198 198 199 199 199 199 199 199 199 199.5 200 200 200 200 200 200 200.25 201 201 201 200.25 200.25 200.5 200.75 200.75 200.75 201 201.5 201.5 201 201 201 201 201 201 201
194.5 194.25 194 194 194 194 194.75 195 194.75 195 194.75 195 195.5 195.25 195.75 195.5 196 195.75 195 195 195 195.5 196.25 196.5 197 196.5 196 196 196 196 196 196.25 197.25 197.75 197.5 197.25 197 197.75 199 198 198 198 198 198.25 198.25 198 198.75 199 199 199 199 199 199 199 199.75 200 200 200 200 200 200 200 201 201 201 201 201 201 201 201 201 201.25 202 201.75 201 201 201 201 201 201 201 201
195 195 195 195 194.75 195 195 195 195 195.25 195.75 196 195.75 196 196 196 196 195.75 195.25 195.25 196.5 197 197 197 197 196.75 196.75 196.25 196.75 196.75 196 196.75 197.75 198 197.25 197 197.25 198 198.5 198.5 198 198.5 199 199 198.5 198.5 199 199 199 199.25 199.25 199.5 199.25 199.5 200 200 200 200 200 200 200.25 201 201 201 201 201 201 201 201 201.75 202 202 202 202 201 201.25 201 201 201 201 201 201
195 195 195 195 195.5 195.25 195.5 195.25 196 196 196 196 196 196 196 196 196 196 195.5 196.25 197 197 197 197 197 196.5 196 197 197.75 198 197.25 197.25 198 198 198 197.75 198 198.25 198.75 199 199 199 199 199 199 199 199 199.25 199.5 200 200 200 199.75 200 200 200 200 200.5 200.5 200.5 201 201 201 201 201 201 201 202 202 202 202 202 202 201.75 201.75 201.25 201 201 201 201.25 201.25 201
195.25 195.75 196 196 196 196 196 196 196 196 196 196 196 196 196 196 196 195.75 195.75 197 197 197 197 197 197 197 197 198 198 198 198 198 198 198.25 198.5 199 199 199 199 199 199 199.25 199.5 199.25 199.5 199.25 199.5 199.5 200 200 200 200 200 200 200.25 200.75 201 201 201 201 201 201 201 201 201 201.5 201.75 202 202 202 202 202 202 202 202 202 201.25 201.75 201.25 201.25 201.25 201
196 196 196 196 196 196 196 196 196 196 196 196 196 196 196 196 196 196 197 197 197 197 197 197 197 197 197 197.5 198 198 198 198 198 199 199 199 199 199 199 199 199 200 200 200 200 200 200.25 200 200.25 200.5 201 200.5 200.25 200.75 201 201 201.5 201.75 201 201 201 201 201.25 201.75 201.75 202 202 202 202 202 202 202 202 202 202 202.25 202.25 202 201.5 201 201 201
196 196 196 196 196 196 196 196 196.25 196.25 196.25 196.25 196 196 196 196 196 196.5 197 197 197 197 197 197 197 197 197 197 197.75 197.75 198 198 198.25 199 199 199 199 199 199 199 199.5 200 200 200 200 200 200 200 201 201 201 201 201 201 201 201.5 202 201.25 201 201.5 202 202 202.25 202.5 202.75 202 202 202 202 202 202 202 202.25 202.5 202.75 203 202.75 202.25 201.75 201.25 201.5 201
196 196 196 196 196 196 196.25 196.5 197 197 197 197 196.75 196.25 196 196 196.25 196.75 197 196.75 196.25 197 197 197 197 197 197 197 197 197.5 198 198 198 198.5 199 199 199 199 199 199 200 200 200 200.25 200.25 200.5 200.25 200.25 201 201 201 201 201 201 202 202 202 202 202 202 202 202 202.75 203 202.5 202 202 202.5 202.5 202.75 203 203.25 203 203 203 203 203 202.75 202.25 202 201.25 201
196.5 196 196 196 196.25 196.25 196.5 197 197 197 197 197 197 197 196.5 196.5 196.25 196.25 195.5 195.75 196 196 196.75 197 197 197 197 197 197 197 197.75 198 198 198.5 199 198.25 198.5 199 199 199 199.75 200 200 200 200 200.5 201 200.75 201 201 201 201 201 201.5 202 201.25 200.75 201.5 201.5 202 202 202.5 203 203 202.5 202.75 203 203 203 203.25 203.75 203.25 203 203 203 203 203 203 202.25 201 200 199.5
197 197 196.75 196.75 197 197 197 196.75 196.5 196.5 196.5 196.5 197 196.75 197 196.75 196 192.75 187.75 194 196 196 196 197 196.5 196.75 197 197 197 197 197.25 198 198 198.5 198.5 198 199 199 199 199 199.75 200 200 200 200.75 201 201 201 201 201 201 201 201.5 202 201.75 197.5 194 201.25 202 202 202.75 203 203 203 203 203 203 203 203.25 204 204 203 203 203 203 203 203 202.5 201.5 200 199.75 199
197 197 197 197 197 197 197 196.5 196 195.5 195.25 195.5 193 196.25 197 197 196.25 187.75 187.75 193.25 194 195 196 196 196 196 196 196 196 197 197 197.75 198 198.25 198.25 198 198.75 199.25 199 199.5 199.75 200.5 200.75 200.5 201 201 201 201.5 201.5 201 201.75 202 202 202 201.25 195.25 189.75 196 201.5 203 203 203 203 203 203 203 203 203.25 203.75 204 203.75 203.5 203.5 203.75 204 204 203.5 202.5 201.25 200.5 200 199.25
