LSCAM_InData/LSCAM_InData/mintempcoldestmonth_aggr_cambodia.asc
ncols         292
nrows         251
xllcorner     800180
yllcorner     -2175230
cellsize      2000
NODATA_value  -9999
[rows 144 to 179 of 251, columns 82 to 163 of 292]
197 197 197 197 197 197 196.5 195.5 194.75 194.25 194.75 195.75 196 197 197 197 195 194 190.75 187.5 189 192 196 193.25 193 193.75 195 195.75 196 196.25 194 194.25 197 196.75 197.75 198.75 200 200 199.25 200 200 201 200.75 200.75 201.25 202 202 202 202 201.75 202 202 202 202 201 200 199.5 200.25 202 203 203 203 203 203 203 203 203.75 204 204 204 204 204 204 204 204 204 203.75 202.75 201.75 200.75 199.5 199.75
197 197 197 197 197 196.5 193.5 188.75 194.5 196 196.5 197 197 197.25 194.75 196.25 192.25 189 188.5 183.5 183 187.25 195.75 186.5 183.75 184.75 187.5 193.25 192.75 191 194.25 186.25 197.5 197.5 198 199.5 200 200 199.75 200.25 201 201 201.25 201 202 202 202 202.25 202.25 202 202 202.25 202.5 201.75 202 201.25 201 201.75 202.5 203 203 203 203.25 203.5 203.25 204 204 204 204 204 204 204 204 204 204 204 204 203.75 202.5 201.5 200.75 200.5
197 197 197 197.75 197 196.25 189 194 196.5 196.75 197 197 197.25 197 195 196.5 197.5 196 193.75 194.25 195 196 196.25 194.5 191.75 189 189 187.5 186.75 182 189.5 191.5 198.25 198.75 199 200 200 200 200.5 200.75 201 201 201.75 201 201.5 202 202 202.75 202.5 202.5 203 203.5 203 201.25 201.5 202 202.25 202.75 203.25 204 204 204 204.25 204 204 204 204 204 204 204 204 204 204 204 204.5 204.75 204 204 203.5 202.5 202.5 202
198 198 197.75 198 196.25 192 196 196.25 196.75 197 197 197 197.5 197.5 197.5 197.75 198 198 198 198 197.75 197.75 197 196.5 197 196.25 197 197 196.5 193.25 194 196.25 199 199.25 200 200 200 200.75 201 201 201 201.25 202 201.75 202 202 202.5 203 203 203 203 203 203 202.25 202.25 203.5 203.5 203.75 204 204 204.25 204.75 204 204 204 204 204.5 204 204.5 204.75 204 204.5 204.75 205 205 205 205 204.5 204.75 204.25 204.25 203.75
198.25 198 198 198 195.5 195.25 196.5 197 197.25 197.5 197 197 197.25 197.25 197.75 198 198 198 198 198 198 198 197.5 198 198 197.5 197.75 198 198.5 198.75 199 199 199.5 200 200 200 200 201 201 201 201 201.5 202 202 202 202 202 202.5 203 203 203 203 204 204 203.75 203.75 204 204 204 204.25 204.75 205 204.25 204.25 204.5 204.5 205 205 205 205.25 205 205 205 205 205 205 205 205 205 205 204.75 203.5
198.5 198.25 198.5 198 196.75 196.25 197 197 197.5 197.25 197 197 197 197.25 197.5 198 198 198 198 198 198 198 198 198 198 198 198 198.5 199 199 199 199 199.75 200 200 200 200 201 201 201 201 201.75 202 202 202 202.25 203 203 203 203 202.75 203.5 204 204 204 204 204 204 204.25 205 205 205 205 205 205 205 205 205 205.5 205.75 205 205 205 205 205 205 205 205.5 205.5 205 204.25 204
199 199 199 197.75 197.5 194 196.5 197.75 197.75 197.5 197.5 197.75 197.25 197 197 196.75 196.5 195.75 197.75 198 198 198 198 198 198 198 198 198.25 199 199 199 199 199.5 200 199.75 200 200 200.5 201 201 201 201.75 202 202 202 202.25 203 202.75 202.5 202 202.5 203.25 203.75 204 204 204 204 205 204.75 205 205 205 205 205 205 205 205.25 205.75 206 206 205 205.25 206 206 206 206 206 206 205.5 205.25 204.75 203.75
199 199 199 198 197.5 197 196 196.25 196.5 197 196.75 197 193.75 195 193 189.25 191.75 196.75 197 194.5 194.25 193.5 196.25 196.75 198 198 198 198.25 198.75 199 199 199 199.25 200 200 200 200 200 201 201 201 201.75 202 202 202 202.25 203 202 202 202.5 203 203 203.75 204.25 204.25 204 204.75 205 205 205 205 205 205 205 205.5 205.5 206 206 206 206 206 206 206 206 206 206 206 206 205.75 205.25 204.75 204.25
199 199 198.5 197.25 198 197.75 195.75 196.75 193.5 190.5 194 192 183.25 186.25 182.5 191.25 190.5 194.75 197 196.25 191.75 187 194 197.25 198 198 198 198.75 199 199 199 199 199 199.75 200 200 200 200 201 201 201.25 201.75 202 202.25 202.5 202.75 202.5 200.75 200.25 202.25 203.25 203.75 204.25 205 205 204.75 205 205 205 205 205 205 205 205 205.75 206 206 206 206 206 206 206 206 206 206 206.25 206.75 206.75 206 206 205.75 205.25
196 194 198.25 198.5 198.75 198 197.75 195.5 191.25 181.25 183 189.5 178 177.5 180.75 186.5 192.25 191.75 195.5 196.25 196.25 196.5 197.5 198 198 197.75 198 198 198.75 198.75 198.75 199 199 199.5 199 200 200 200 200.75 201.25 201.75 201.75 202 203 203 203 203 201.75 201.25 203 204 204.25 205 205 205 205.25 205.5 205 205 205.25 205.75 205.5 206 206 206 206 206 206 206 206 206 206 206 206 207 207 207 207 206.75 206.75 206.5 206
194.25 185 189.75 198 199 199 198 197.5 195.75 194 187.5 185.75 187 181.25 186.25 191.25 193.25 194.25 197 196.75 197 197 197.25 198 197.25 197.25 197 197.25 197.75 198.5 199 199 199 199.25 199.5 199 199.75 200.25 201 201.25 202 202 202.25 203 203 203.75 203 203.25 203.5 204 204.5 205 205 205 205.75 205.25 205.5 205.75 205.5 206 206 205.75 206 205.75 205.75 206 206 206 206 206 206 206 206.5 207 207 207 207 207 207 207 207 206.75
197.25 195.75 193.75 196.75 198.5 199 198.25 198 197.5 197 195 190.5 189.75 188.75 185.25 192 196 196.25 197 196.75 197 196.75 197 197.25 196.75 193.75 194 196 197.25 198.25 199 198 198.25 198.5 198.75 199.5 199.75 200 201 201 201.75 202.25 202.75 203 203.25 204 203.75 204 204.25 205 205 205 204 205 205.25 206 206 206 206 206.25 206.5 206 206 206 206.5 206.5 206.25 206.5 206.75 206.75 206.25 206.75 207 207 207 207 207 207 207 207 207 207
190.5 197 197 197 198 198.25 198 198 198.5 197.75 195 188.5 193.5 191.5 196.25 196.5 195.75 196 196 196 196.5 196.5 197 197 196.5 191 189.25 195.75 197.75 199 197.75 195.5 196.5 197.25 198.75 198.5 200 200 200.75 200.75 201.5 202 202.75 203 203.25 204 204 204 204.75 205 205 205 203.75 204.75 205.25 206 206 206 206.25 207 207 206.5 206.75 207 207 207 207 207 207 206.75 207 207 207 207 207 207 207.25 207.25 207 207 207 207
193 197.25 198 195.5 197.75 197.5 198 198 198 198 195.5 186.75 195.75 196 197 195.75 189.25 187.25 189.25 195 195.75 196.75 197 196.75 192.5 187.5 188 196.75 196.75 198 198 195.25 196.25 197.5 197.75 196 198.25 199 199.75 200.75 201 202 203 203 203.25 204 204 204.25 205 205 205 205 205 205.25 206 206 206 206.25 207 207 207 207 207 207 207 207 206.75 207 207.25 207.25 207 207 206.5 206.5 207 208 208 208 207 207 207 207.5
194.75 198 197.75 197.5 195 195.5 197.25 198 198 198 197.5 195.5 197 197.25 195.75 187.75 169.25 164 185.5 195 196 197 197 196.75 187.25 180 172.5 188.25 191.5 196.5 198 197.25 196.25 198 197 191.5 192 191.5 192.5 196 200.5 202 202.5 203 203 203.75 204 204.5 204.5 205 205 205 205 205.5 206 206 206 207 207 207 207 207 207 207 207 207 207.25 207.75 208 207.5 206.5 206.75 207 206.75 207.5 208 208 207.75 207 207 207.25 208
192.25 193 193.75 197.25 191 193 196.25 197 197.25 197.75 198 198 198 196 180 168.75 167 163.5 188.25 195.25 197.5 197 196.5 196.25 189.25 176.75 168 177.5 171 181.25 189 196.25 188.75 193 196.75 194 195.75 182 188.75 198.75 201 202 202.75 203 203 203.75 204 204 205 205 205 205 205 205.5 206 206.25 206.5 206.75 207 207 207 207 207 207 208 208 208 208 208 207.5 206.25 206.75 207.5 207.5 207.75 208 208 207.75 207.75 208 208 207.75
187.5 193.25 189.5 194.75 195 185.5 189.75 194 193.25 197 198 198.25 198 187.5 173 164.25 175.75 169 190.75 195.75 196 195.75 190 181 180.25 177.5 167.5 162.25 164.75 161.25 164.75 186.75 195.75 194.75 198.25 197.25 198.75 185.25 197 201 201.75 202.25 203 203 203.75 204 204 204 204.25 205 205 205.5 205.5 206 206 206.75 206.25 206.25 207 207 207 207.25 207.25 208 208 208 208 208 208 207.5 207.5 207.75 208 208 208 208 209 209 209 209 209 209
188.25 193.5 186.5 187.5 195 191.25 183 185 186 194.75 197.5 198 196.75 192.5 182.75 179.5 167.75 165.75 193.75 195.25 196 193.75 175.5 175.5 175.75 168.25 171.75 168.25 163.25 150 150.75 167 194.75 199 199.5 199.75 200 201.25 201 201.5 202 202.75 203 203 203.75 204 204 204.25 204.75 205 205.25 205.75 206 206 206.25 207 207 206.75 207.75 208 208 207 208 208 208 208 208 208 208 208 208 208 208 208 208.75 208 209 209 209 209 209 209
192 191 182.25 185.75 195.25 197.75 189.75 180 182.5 188 191 196.25 198 193.25 177.5 181.5 165.25 174.5 187 187.25 189 190.25 169.75 170.75 160.5 151.25 161.25 159.25 162.25 170 170.5 171 197 199.25 200 201 200.75 201 201.25 202 202.75 203 203 203.75 204.5 204 204.5 205 205.5 205 205.75 206.25 206.75 206 206.75 207 207.5 207.75 208 208 208 208 208 208 208.25 208.5 208 208.25 208.5 208.25 208 208 208.25 208.5 209 209 209 209 209 209 209 209
194.75 188.5 183.25 191 193.5 193 193.25 189.75 186.5 191.5 188 188.75 198.75 197.75 191.75 184 186.5 176 175.5 170.75 177 185 169 155.5 136.5 134.75 144.75 153.25 153 169.25 190.25 198 199.5 200.25 200 200.75 201.5 201.75 202 202.5 203.5 203 203.75 204.5 204.5 204 205 205.25 206 205.75 206 206 207 206.25 206.75 207.25 207.5 207.5 208 208.5 209 208.75 209 209 209 209 209 209 208.5 208 208.5 209 209 209 209 209 209 209 209 209 209 209
195.25 190 180.25 191.25 187.75 195.5 189.75 193.75 194 192.5 193.75 195 198.5 198.25 197.25 196.25 188 177.75 171.75 175.75 168.75 178.25 156.5 151.25 127.25 116.5 131 142.75 140 157.75 178.5 186.25 189 194.75 199.75 201 201.25 202.75 202.25 203 203.75 203.75 204 204.5 204.75 204.75 205 205.5 206 206 206 206.75 207 207 207 207.75 208 208 208 208.75 209 209 209 209 209 209 209 209 208.75 208.75 209 209.25 209.5 209.5 210 209 209 209 209 209 209 209.5
192.75 194.5 183.75 189.75 190.5 196.75 186 184.25 192 188.5 188.5 191.75 197 198.5 198 194.25 187.75 178 172.5 175.75 170.5 173.25 166.25 157.25 135 114.5 115.75 128 128 144.5 159.75 163 173 184.25 193 200.75 202.5 202.5 203 203 204 204 204 204.25 204.75 205 205.25 206 206 206 206 207 207 207 207.5 208 208 208 208 209 209 209 209 209 209 209 209 209 209.75 209.5 209.5 210 210 210 210 209.75 209 209 209 209 209.5 209.25
190.5 192.75 185.5 182.25 185 194.5 191.5 181.75 187 191.25 186.75 187.5 195 197.25 198.5 195.75 191.25 181.5 176.5 177.5 179 177.75 184.5 165 160.25 139.5 131 128.25 133.5 142.5 141.25 156.25 184.5 200 199.75 201.25 202.5 203 203 203 204 204 204 204.5 205 205 205.25 206 206 206.25 206.75 207 207 207 207.25 208 208 208 208 209 209 209 209 209 209 209 210 210 210 210 210 210 210 210 210 209.75 209 209.5 209.5 209.25 209.5 209
188.25 187 191.75 178.75 176 187.25 195.25 191 188.5 189.25 177.75 178.5 184 192.75 197.25 198 195.5 193.5 188.75 187 185.25 183.25 194.75 191 185.25 164.75 145.25 133.75 150.5 162 155.25 169.25 191.75 199.75 201.75 202 202.25 203 203 203.25 204 204 204 205 205 205 206 206 206 206.5 207 207 207.5 207.75 208 208 208 208 208.25 209 209 209 209 209 209 209.25 210 210 210 210 210 210 210 210 210 209.5 210 210.5 210.25 210.5 210.5 210
184.25 180.75 190 177.5 168.5 181.75 193.5 193 183 179 177.25 178 182 192.75 193.5 197.5 197 196.25 190.75 187.75 188.75 189.75 195.5 196.25 192.5 172 151 143 158.75 184 187.5 180 191 198.5 202 202 202 202.75 203 203.75 203.75 204 204.25 204.75 205 205 206 206 206.25 206.75 207 207.25 208 208 208 208.5 208.5 209 208.75 209 209.25 210 209 209 209.25 209.75 210 210 210 210 210 210 210 210 210.5 210.75 211 211 211 210.75 210.5 211
178.75 169.5 185.75 182.25 164 174.25 191 193.25 188 176.75 173.75 180 181.25 190.5 187.75 191 197.75 196.25 183.25 174.75 191.5 195 196.25 196.5 190 167.75 166.25 160.5 164.75 185 198 192.25 185.5 199 202 202 202.25 203 203 203.75 203 203.5 203.75 204 204.5 205 205.75 206 206.5 207 207.25 208 208.75 208 209 209 209 209.25 209.75 209.75 210 209.75 209 209 210 209.75 210 210 210 210 210 210 210 210.25 210.5 210.25 210.25 210.5 211 211 211 211
156.75 157.75 175.5 179.25 161.75 166 184 187.75 189 190.5 180 175.75 188.25 185.25 182 181.25 195.5 196.75 191.25 171.5 187 194 196 197 191.75 183.75 175.5 174 192.75 193.5 196.75 199.25 198.75 199.75 201 202 202.25 203 203 202.75 202.25 202 202.75 203.25 204.5 205.25 205.75 206.5 207 207.75 208 208 209 209 209 209 209 209.5 210 210 210 210.25 210 209 210 210.5 210.25 210.25 210.25 210 210 210 210.75 210.75 210.5 210.5 210.5 211 211 211 211 211
146.5 150.5 163.5 162.75 160.75 151.5 174.5 190.25 187 177.75 182.25 165.5 180.5 183.75 174 177.25 194.25 197 195.25 177.75 173.5 179.75 187.5 198.25 197.25 196.25 194.75 191.25 195 196.25 199 199.75 200.5 201 201 202 202.5 203 202.5 201.75 201.25 201 202 202.75 203.75 205.5 205.5 207 207 208 208 208 209 209 209 209 209.5 210 210 210 210 210.5 210 210.25 211 211 211 211 210.5 210 210 210.25 211 210.5 210.5 210.5 210.75 211 211 211 211 211
137 141.5 148 151.25 143.25 146.5 171.5 185.25 177.5 163 173.5 169 170.5 188 186.5 181.25 189 197.25 196.75 181.25 163.75 179 184.75 199.25 198.5 198 197.5 197.75 197 193 198.5 200 201 201 201.75 202 202 202.5 201.75 199.5 195 198.25 201.5 203 204.25 205 206 207 207 208 208 208 209 209 209 209 209.5 210 210 210 210.5 211 211 211 211 211 211 210.5 210 210 210.25 211.25 211.25 211 211 211 211 211 211 211 211 211
142.25 137.25 152.5 148.5 141.75 135.5 152.5 175.75 181.5 163.5 168 176.25 170 182 192.75 189.5 185.5 195 197.75 179.5 166.5 188.5 192 198.75 199.5 199 199.25 198 198 198.5 199.75 200.25 201 201.5 202 202.25 202 202 200.75 199.75 188.25 198.25 202 203.75 205.25 206 206.25 207 207 208 208 208 209 209 209 209 209.75 210 210 210 210.5 211 211 211 211 211 211 210.75 210.75 210.75 211.5 210.5 211.75 211.25 211.75 211 211 211 211 211 211 211
152.25 150 159.5 156 151 139.5 146.75 155.25 176.75 158.75 151.75 174.25 176.25 188.5 193 196.75 195.75 198.25 198.25 193 177 192.5 196.75 199.5 200.25 200 199.75 198.5 199.25 199.75 200.25 200.75 201 202.25 203 203.75 203.5 202.75 201.75 202 200.75 201 202.5 204.25 205.75 206 206.75 207 207.25 208 208 208.75 209 209 209.25 210 210 210 210 210 210.5 211 211 211 211 211 211 211.5 211.25 212 212 212 212 211.75 212 211 211 211 211 211 211 211
173 171.5 151.25 149 155.75 148.5 143.5 144.75 158.25 159.5 147.5 170.5 186 191.25 193.25 198 199.75 200.75 200 197.25 192.5 197.75 199 200 201.25 201 201 199.25 199.25 200.75 201.5 202.75 202.75 203.25 204 204 204 204.75 204.75 203.75 203.5 204 204.5 205.75 206.5 207 207 207.25 207.75 208.5 209 209 209 209.5 209.75 210 210 210 210 210.25 210.25 211 211.25 211 211 211 211.75 211 211.75 212 212 212 212 212 212 211 211 211 211 211 211 211
163 177.75 153.25 141.5 145 148 141.25 140.25 134.25 147 159.25 179 189.25 192.25 191.5 196.75 200.25 201 201 200 198.75 199.75 200.5 201.25 201.25 201 201.25 202 201 201.5 202.5 202.75 203.25 203.75 204.25 204.75 205 205 205 204.75 205.5 205.5 205.5 206 206.75 207 208 208 208 209.25 209.25 209.75 209 209.25 209.25 210 210.5 210.25 211 211 211 211 212 211.5 211 211 212 212 212 212 212 212 212 212 212 211 211 211 211 211 211 211
171.75 181.5 166.5 149.75 143.75 147.5 140.75 139.75 134.5 146.25 154.5 170.25 191 194.5 197.25 199 200.25 201 201.25 202.5 202.25 201.75 201.25 201.5 202.5 203 203 203 202.75 203 203 203.75 204 204 204.25 204.75 205 205 205.5 205.5 206 206 206.5 206.75 207.5 207 208.75 208.25 208.5 209 209 209.5 209.75 209.5 210 210.25 210.75 210.5 211 211.25 211.5 211.75 212 211.75 211 211.25 212 212 212 212 212 212 212 212 212 211.75 211.75 211.75 211.5 211.5 211.75 211.5
182.25 168.5 153.75 144 142.25 157 155.75 156.25 154 153 170.5 179.25 193.75 194 196.25 199.75 201 201.5 201.25 202.75 203 203.75 202.5 202.75 203 203.25 203 203 203 203 203 203.5 203.75 203.25 204 204 205 205.5 206.5 206 206.25 207.5 207.75 207.25 207.25 207.5 208.75 209 209 208.5 209 209.25 210 210 210 210.75 211 211 211 211 212 212 212 212 211 212 212.25 212.5 212.25 212 212 212 212 212 212 212 212 212 212 212.25 211.75 212.5
177.5 168.25 166 156 160 157 159.5 149.25 155 165 181.75 189.5 191 191 192.5 200.5 201.5 201.75 202.5 203 203.25 204 203.25 202.75 203.75 203.75 202.75 201.5 201.75 202.75 202.5 197.75 202.75 201.5 203.25 204 204.75 205 205.25 206.75 206 207 208 208 208 208.5 209 209 209 209 209 209.5 210 210 210.25 211 211 211 211 211.5 212 212 212 212 212 211.75 212.75 213 212.25 212 212.25 212 212 212 212.5 212 212 212 212 212.25 212.75 212.75
