LSCAM_InData/LSCAM_InData/mintempcoldestmonth_aggr_cambodia.asc
ncols         292
nrows         251
xllcorner     800180
yllcorner     -2175230
cellsize      2000
NODATA_value  -9999
[rows 180 to 215 of 251, columns 82 to 163 of 292]
187.75 179.75 176 173.75 163.75 156.5 174 171.25 170 183 191.25 195.75 195.5 193.75 201 202 202.5 203 203 203 204 204 204 203.5 204 202.75 201.25 199 201.75 202.75 195.25 188.25 194.75 203 202.5 203.25 203.75 205.25 205.25 206.75 207 207 207.25 208 208 208 208.75 209 209 209 209 210 210 210 210 210.75 211 211 211 211.5 212 212 212 212 212.25 213 213 213 212.5 212.25 212 212 212.25 212.75 213 212.75 212 212 212.25 212.5 212.75 212.25
181.5 167.25 156.5 157 155 165 189.5 195.25 192.25 196.25 198.5 199.5 198.25 190 195 202 203 203.25 202.75 203.5 203 204 204.25 204.5 204.5 204.25 203.5 202.75 201.75 203 196.75 200.25 200.75 202.5 203.75 204 205.25 205.5 206.5 207 207 207 207.75 208 208 208 208.75 209 209 209 210 210 210 210 210.25 211 211 211 211 210.75 211.5 212 212 212 212 213 213 213 212.75 212.25 212 212 212.75 213 213 213 212.5 212.75 213 212.75 212.75 213
164.25 151.25 153.75 152.5 153 161 190.5 198.25 198.75 199 200 200.75 200.75 200.25 198.75 199.25 202.75 204 203.5 204 204 204.25 205.25 205.25 205.25 205.75 205.25 204 204.25 204.5 204.75 204.5 203.25 203.5 204.5 205.5 206 206 207 207 207 208 208 208 208 208 208.5 209 209 209 210.25 210 210 210 211.75 211.5 211 211 211.5 210 211.5 212 212.75 212 212.75 213 213 213 212 212 212.25 213 213.5 214 213.25 213 213 213 213 212.75 213 213
159 153.75 159.25 157 154 165.75 194 199.25 200 201.25 202 202.25 202.5 202.5 200.25 200.75 203 203.25 203.75 204.25 205.25 205.5 205.75 205 205.75 205.75 205.75 205.5 205.5 205.75 204 203.75 203 204 204.75 202 203.25 205.75 207 207 207.25 208 208 208 209 208.75 209.25 209 209 209.25 210 210.25 210 210.75 211.75 211.5 211.5 211.75 212 212 212.5 212.75 213 212.75 212.25 213 213 213 213 213.75 213.75 214 214 214 213.5 213 213 213 213 212.75 213 213
155.75 158.25 162.5 157.25 152.5 160.75 185.5 198.25 201 200.25 201.75 203 203 203.25 203.5 203.25 204 203 204 204.5 204 205.5 205.5 205.75 206.5 207 206.5 206.5 206.5 206 205.75 204.75 203.5 199.75 204.25 205.5 206 206.75 207 207.5 208 208 208 208.5 210 209 209 209 209.5 210.5 211 210.5 210.75 211 211.25 212 212 212 212 212.75 213 213 213 213 212.75 213 213 213.25 213 214 214 213.75 214 214 213 213.25 213 213 213 213 213 213
162 170 170.5 160.75 158.75 158.25 171 191.25 199.5 193.75 202.5 203 203.25 203.75 204 204 204.75 203.5 202 200.5 202 203.75 205.5 206.25 207 207 207 207 207 206.5 206 205.5 203.5 199.25 202.75 205.75 206.5 207 207 207.25 208.25 208 209 209.5 210 209 209 209.25 210.25 210.75 211 210.25 210 211 211.25 211.75 212 212 212 212.75 213 213 213 213 213 213 213.5 213 213.75 213.25 214 213.5 214 214 214 214 213.75 213.5 213.5 213 213.25 213
180.5 179.5 167.25 166.25 167.25 165.25 165 182.25 200 201.75 202.5 203 202 202.25 203.75 203.75 204.25 203.25 193.75 197.25 199 202.25 205.5 206.5 206.75 207 207.5 207.75 207.25 207.25 206.75 206 205.5 200 203.75 205.75 206.25 207 207.5 208.75 208.25 208 208.5 209.75 210 209.75 210 210 210.75 211 211 211 211 211 211.75 212 212 212 212.25 213 213 213 213 213 213 213 213.75 213 213 213 213.75 214 213.75 214 214 213.5 214 214 214 214 213.5 213.5
184.25 171.5 167.75 168.25 175 170.25 166.5 189 201.25 202.5 203 202.25 201 201.5 201.5 203.75 201.75 200.75 192 191 188.5 202.25 204.25 206.25 207 207 207.75 208 208 207.5 207 207 206.5 206.25 206.5 206.25 206.5 207.5 207.25 207 208.5 208.5 208.75 208.75 210 210 210.5 211 211 211 211 211 211 212 212 212 212 212 212.25 213 213 213.25 213 213 213 213.25 213.5 213.75 213 213 213.75 214 213.75 213.75 213.5 214 214 214 214 214 214 213.75
183 183.75 184.25 181.75 176 170 168 189 201.25 202.25 201.75 201.75 199.75 201.75 203.25 203.5 202.75 201 198.5 198.25 192.75 197.75 205 206.25 206 206.75 207.25 208.5 208.5 207.5 208 208 207.5 207 207.75 207.75 207.25 207.75 208 208.5 209 209 209.25 209.75 210 210 211 211 211 211 211 211 211 212 212 212 212 212 212.75 213.25 214 213.75 213 213 213 213.5 213.75 214 213.5 213.25 213 214 214 213.5 214 213.75 214 213.5 214 214 214 214
182 180.5 174 167.25 167 167.5 170.5 194 197.25 192.25 200.5 201.25 200.75 202.5 202.75 201 202.25 200 202 203 204 204 203.25 204.5 204.5 205.5 206 207 208.5 208.25 208.75 209 208.75 208.75 209 208.25 207.75 208.25 209 209 209.25 209.75 209.25 210 210 210 210.75 211 211 211 211 211 212 212.25 212 212 212 212.5 213 213 213.25 214 214 213.25 213.75 213.75 214 214 214 214.25 213.5 213.25 213.75 213 214.25 214 214 214 214 213.75 214 214
171.5 172 166.5 174.25 180.5 173.5 185 203 198.5 185.5 197.5 202.25 204.25 203.5 202.5 201.75 199.5 201.5 202 200.75 200.25 190.25 194 202 202.75 204.5 205.5 207 207.75 208.75 209.25 209.75 209.25 209.25 209.25 209 209 209 209 209.25 210 210 210 210 210 210 211 211 211 211.25 211.5 211.5 212.25 213 212.25 212 212 213 213 213 213.25 214 214 213.25 214 214 213.5 214 214 214 214 213.5 213.5 214.25 214 214.25 214 214 214 214 214 214
180.75 173.75 175 192.5 192.25 198 201.5 208.25 202.5 203.75 199.75 203.75 202.75 198.25 199 198.75 199.25 201 200.5 201 194.75 183.5 196.25 199 201.75 203.75 206 207 207.75 208.5 209.5 210 210 210 210 210 208.75 209.5 209.5 210 210 210 210.25 210 210.75 211.75 211.5 211 211 212 212.75 212.5 212.5 213 212.5 212.5 213 213 213 213 214 214 214 214 214 214 213.75 214 214 214 214 214 213.75 214.25 213.75 214 214 214.5 214 214 214 214
185.5 185.25 198.75 201.25 200.75 207.75 209.25 209 208 203.25 197.75 204 191.5 181.75 185.25 195 201 198.25 195.75 192.25 187 189.25 191.75 200.5 202 204 205.5 205.5 206.5 208.75 209 209.5 210 210 210 210 210 210 210 210 210 211 212 211 211.25 211.25 211 211.5 211.75 212.75 213 213 213 213 213 213 213 213 213 213.25 214 214 214 214 214 214 213.5 214 214 214.25 214 214 214 214.5 215 215 214.75 214.5 214.75 214 214 214
193.5 203.5 207.5 195.75 195.25 208.25 210 210 208.75 206.75 203.25 203.5 187.75 173.5 174.5 187.25 193.5 187 190.75 177.5 183.75 190.5 195.25 199 203.5 204.5 206.75 206.5 207.5 208.5 209 209 209.75 210 210 210.75 210 210.25 210.25 210.75 211.5 211.5 212 211.75 211.75 211.5 211.5 212.5 212.5 213 213 213 213 213 213 213 213 213 213.75 214 214 214 214 214 214 214 214 214 214.75 214.5 214 214 214 214 215 215 214.5 214.5 215 214.5 214.25 214
195.75 207.25 209.75 207 206 209.75 210.25 209.75 208.75 210.5 210 205 190 176 177.5 182.75 191.75 188 192.5 181.75 177.5 183 186.25 197.5 202.75 205 206.5 207.5 208 209 208.25 208.75 209.25 210.25 210 210.5 212 211.75 211.75 212 212 212 212 211.75 212 212.5 212.75 213 213 212.75 213 213 213 213 213 213 213 213 213.75 214 214 214 214 214 214 214 214.75 214.75 215 215 214.25 214 214 214 214 214 214.25 215 215 215 214.75 214.25
207 209.75 210.25 210.75 210.5 210.75 211.25 210.5 208.75 210.5 206.5 203.75 191.25 182.5 180.25 182 194 193.5 194 189.25 180.25 180.75 180.75 191.5 194.75 204.25 207 208.25 208.75 209.25 208.75 209 210 210.5 210 211.5 212 212 211.5 212 212 212 212 212 212.5 212.75 212 212.75 213 212.25 213 212.75 213 213 213 213 213 213 213.5 213.75 214 214 214 214 214 214.25 214.75 215 215 215 214.25 214 214 214 214 214 214.5 215 215 215 215 215
208.75 210.25 210.75 211 212 211.75 212 209.75 210.5 208.25 207.25 201.75 195 189.5 185.5 182.25 195.25 195.5 194.5 189.25 189.25 187.75 177.5 180.75 190.5 200.5 207.25 209.25 209 210 210.25 210.5 210.25 210.75 211.75 212 212 212 212 212 211.25 212 212 212 212 212 212 212.25 212.5 212 212 212 212.25 213 213 213 213 213 213 214 214 214 214 214 214.25 214.75 215 215 215 215 214.75 214 214 214 214 214 214 214.25 215 215 215 215
209.5 210.25 211.5 212 211.75 212 211.25 209.25 208.75 207 205 205.5 202.75 193.5 184 182.5 193.25 198 195.75 189.75 193.5 193.75 185.25 181.25 193.5 201.5 207.75 209.75 210 210.75 211 210.75 210 211.5 212 212 212 212 211.25 212 209.75 212 212 212 212 212 212 212 212 212 212 212 212 212.25 212.75 213 213 213 213.25 213.75 214 214 214 214 214 214.5 215 215 215 215 215 214.5 214 214 214 214 214 214 214 215 215 215
208 210.5 211.75 212 212.25 212 211.5 208.75 207.75 207.25 207 208.25 205.75 195.75 183.5 180.75 193 198 198.25 197 197.25 197.75 198 197.5 202.25 204.5 208 209.75 211 211 211 211 211 211 211.25 212 211.75 211.5 209.75 210.5 211.75 212 212 212 212 212 211.25 210.5 211.75 208.5 206.75 209 211.5 212 212 213 213 213 214 213 214 214 214 214.25 214.5 214.5 215 215 215 215 215 214.75 215 214 214 214 214 214 214 214.25 215 215
201.5 211 211.75 212 212.25 212.25 210.75 201.5 200.75 204 206.75 207 206.25 200.25 190.25 185.5 191.5 198 199 199 196.5 198 203.5 207.25 208.75 209.5 210 210.75 211 211 211 211 211 211 211 212 211.75 211 209.75 210.5 211.25 211 211 211.25 211.5 212 211.75 212 212.25 210.5 207.5 203.75 210.25 211 212.75 213 213 213 213.5 213.5 214 214 214 213.5 213.5 214.25 215 215 215 215 215 215 215 214.25 214 214 214 214 214 214 214.5 214.75
201.25 211.5 212.75 212.75 212.5 212 198.25 191.5 195.5 198.25 201 205.75 203.25 197.25 193.25 185.5 191.5 197.75 198.5 193.75 184.25 181.25 188.5 197 205 208.75 209.75 210.25 210 210.75 211 211 211 211 211 212 211.5 211 211 210.5 210 211 206.25 207.25 209.25 205.25 209.75 210.5 211.25 211.75 210.5 210.75 212 212 212.25 213 213 213 213.75 214 214 214 213.25 212.25 212.75 213.75 214.5 215 215 215 215 215 215 215 214.5 214.75 214 214 214 214 214 214.5
197.75 211.25 213 213 212.75 212 200.75 188.5 190.5 194.5 195.25 200 204.5 203.5 198.25 189.25 192 193 195.5 187.75 171 172.5 175.75 178.5 183.5 202.25 209.5 209.5 210 209.5 210 210 210.75 211 211 212 211.25 211 211 210 209.25 209.5 208.75 210.25 210.5 201.25 204.5 204.25 206.25 209.5 210.75 211 212.5 212 213 214 213 213.5 214 214.25 214 213.75 213.25 211.5 212.75 214.25 214.5 215 215 215 215 215 215 215 215 215 214.25 214 214 214 214 214
205.75 212.25 213 213 212.75 212.25 207.5 186.5 187 189.25 191 195.5 195.75 194.5 190.5 188.5 183 176.25 182.5 180.5 174.5 176.5 176.5 176.5 181 193.75 208.5 209.75 210 209.25 210 210.25 210.75 211 211 211.25 211.5 211 211.25 209.5 202.25 197.75 205.5 209.75 210 208 198.75 201.5 194.75 196.75 208.25 209 209.75 211.25 213.25 213.75 213.25 214 214 214.75 214 214.5 214 213 214.5 214.5 214.75 215.5 215.75 215.5 215.25 215 215 215 215 215 215 214.75 214.75 215 214.75 214.75
202.75 204.25 210.25 213.25 213 213 211.5 189.5 187 190 186 188 187.5 186 183.5 181.5 177 170.75 174 174.5 175.25 177 176 175.5 179 192 204.75 209.5 210 209.5 209.5 210 210.5 211 211.5 211 211.5 210.75 211.75 210.75 207.5 202 207.75 211 211.25 210.5 208 201.25 197 203.5 200.75 200.75 195.5 205.75 213 213.25 214 214 214 214.75 215 215 215 215 215.25 215 215 215.25 216 216 215.25 215 215 215 215 215 215 215 215 215 215 215
200.25 193 203.25 212.5 213.75 213 211.75 191.75 190.5 192.75 186.25 184 183 180.75 177.75 175.75 175.25 174.25 175 172 173.25 179.25 178.5 178.75 182.75 195.5 205.25 209.5 209.75 209.75 210 210 210.75 211.75 211.5 211 211.5 211 211.5 211.75 210.25 210.25 211 211.5 211.75 209.25 207.5 212 211.75 211.5 208.5 204.75 198 205 213 213.75 214 214 214.75 215 215 215 215 215.25 216 216 216 216 215.5 216 215.75 215.75 215 215 215 215 215 215 215 215 215 215
203 197.5 205 213 214.5 214.25 213.75 195.25 194 192.25 190.5 186.75 181.25 175.75 177 172.25 172.75 173.5 175.25 170.25 168.5 177 182.5 179.75 190.5 199.25 207.5 208.75 209 209.25 209.25 210 210.75 212 211.75 211.5 212.5 211.5 211.75 211.25 210.75 212 212 211.75 212 211.75 211.75 212 212.5 212.5 213 212.25 209.25 212.5 213.25 214 214 214 214.75 215 215 215 215 215.25 216 216 216 215.25 216 216 216 216 215.25 215 215 215 215 215 215 215 215 215
205.25 208.5 208.5 213.5 214.5 214.75 214.75 198.25 196.25 195.25 194.5 191.5 185 182.75 184.25 177 168.5 171.25 176.75 173.25 173 180.25 187.5 190.25 191 199.25 208.25 209 209.25 210.5 211 210.25 211 211.5 212 211.75 212 212 210.75 211.25 211 211.75 212 212 212.25 212 212 212 211.75 212.75 213 213 213 213 213.75 214 214 214.25 215 215 215 215 215.25 216 216 215.75 216 216 216 216 216 216 216 215.75 215 215 215 215 215 215 215 215
212.25 209.25 204.25 213 215 215 214.5 200.25 197 196.5 194.75 191.75 187.75 189.75 185.25 178.75 176.25 176.75 177.5 178.25 180.25 183 187.75 184.75 192 199.25 208 209.5 209.25 209.75 209.75 210.75 211.75 212 212 212 212 211.75 211.25 212 212 212.25 212 212 212.25 213 213 212.25 212 212.75 213 213.75 213.25 213.75 214 214 214 214.75 214.75 215 215 215 215.25 216 216 215.25 215.5 216 216 216 216 216 216 216 215.5 215 215 215 215 215 215 215
204.25 198.5 210 213.75 215 215 215.25 205.25 196 197.75 194.25 191 193.25 193 185 180.25 185.5 180 180.75 177.75 181 187.75 187.75 181.75 188.25 196.5 207.75 209.75 209.5 209.25 210.5 211.25 212 212 212 212 211.25 210.75 211.5 212 212.25 212.5 212 211 211 212.5 213 213 213 212.75 213.75 214 214 214 214.5 214 214.75 215 215 215.25 215 215 215.5 216 216 216 216 215.75 216 216 216 216 216 216 216 216 215.25 215 215 215 215 215
206.5 206.5 211.5 214.5 215 215.5 215.25 214.5 196.75 198.5 198.75 199.25 196.5 192.75 186.75 188.25 190.5 187.75 188 189 191 192.5 192 191.25 193.75 203.75 208.75 209.75 210.5 210.75 211.5 212 212 212 211.5 211.5 210.75 210.5 211 212 212 213 212.5 212 211.25 212.75 213.5 214 214 214 214 214 214.25 214.5 215 214.5 214.75 215 215 216 215.25 215 215.5 216 215.75 216 216 216 215.75 216 216 216 216 216 216 216 216 215.5 215 215.5 215 215
212.25 212 211.5 211 214 215.75 215.5 215.5 214.25 213.25 208.75 206 205.5 191.5 196.25 190.75 204 199.25 194.75 194.25 195.5 198.75 202 206.5 210.25 204.75 205.5 208.75 209.75 211 211.25 212 212 211.75 211 210.75 210.75 211.75 211 211.75 212.25 213 212.75 213 213 213.25 214.75 214 214.25 214.25 214.25 214.5 215 215 215 214.5 215 215.25 215.75 216 215.75 215 215 215.5 215.75 216 216 216 216 216 216 216 216 216 216 216 216 216 216 216 215.25 215
215 214.5 213.75 211.25 213.5 216 216.75 216.5 216.5 217 215.75 210.5 207.75 203.5 201 189.25 207.25 204.5 204.75 210 212.25 213.75 214 208.5 197.5 192.75 204.75 209.5 210 210.5 211 211 211.25 211 210.75 209.25 206.5 211.5 212 211.75 213 213.25 214.25 214 214 214.5 214.5 214.25 215 215 215 215 215 215 215 215 215.25 216 216 216 216 215.5 215 215.25 216 215.5 216 216.5 216.25 216 216 216 216 216 216 216 216 216 216 216 215.75 215
215 215 214.75 211.25 207.25 215.75 216.5 216.75 217 217 217 215.75 210.75 210.5 205.5 203.25 214 215 215.25 215.25 215.5 215.25 209.25 193.25 195.25 197 201.75 210 210.25 211 211 211 211.25 211 210 208.5 204.75 212.5 212.5 213.75 213 213.75 213.5 214.5 214.75 215 215 215 215 215 215 215 215.25 215.75 216 216 216 216 216 216 216 216 215.5 215.25 215.75 216 216 217 216.75 216 216 216 216 216 216 216 216 216 216 216 216 216
215.75 216 215.75 215 212.25 211.25 214 216.5 217 217 217 216.75 213.5 215.5 216 215.5 216 216 216 216.25 216 215.75 214.5 209.5 198 203.5 205.75 208.25 209.75 210.25 211 211.25 212.75 210.75 208.75 203.75 199.75 211.75 212.5 213.25 213.5 214 212 213.75 214.25 215 215 215 215 215 215.5 215.5 216 215.75 216 216 216 216 216 216 216 216 215.5 216 216.75 216 216.25 217 217 216.75 216 216 216.25 215.5 216 216 216 216 216 216 216 216
216.25 217 216.5 216.75 216.25 216.25 215.25 215.5 217 217 217 216.75 215.75 216 215.5 215.25 216 216 216 215.75 207.25 214.5 214.75 210.25 201.25 201.25 199.25 205.5 209.5 210.5 212 211.75 212 211.75 207.75 201 202 212.75 212.25 212.75 213.25 213.5 214 214 214 214.75 215 215 215 215 215 215 215.75 216 216 216 216 216 216 216 216 216 216 216 216.75 217 217 217 217 217 217 216.5 216.75 216.5 216.25 216 216 216 216 216 216 216
216.75 217 216.75 217 218 217.75 217.5 215.75 216.25 217 217 217 215.25 216.25 211 215.5 216 216 216.25 215.75 212 209.25 214 203.75 201.5 199.25 199.5 201.5 209.25 210.5 212.75 213 213 213 210 204 205 209 210.5 210.5 213 213 213 213.75 214 214.5 215 215 215 215 215 215 215 216 216 216 216 216 216 216 216 216 216 216 216.25 217 217 217 217 217 217 217 217 217 216.75 217 216.25 216 216 216 215.75 216
