LSCAM_InData/LSCAM_InData/mintempcoldestmonth_aggr_cambodia.asc
ncols         292
nrows         251
xllcorner     800180
yllcorner     -2175230
cellsize      2000
NODATA_value  -9999
[rows 108 to 143 of 251, columns 164 to 245 of 292]
191.5 191.5 191.25 191 191 190.75 190.5 190.5 190.25 191.25 191.5 192.75 192.25 190.25 191 191.75 192.25 192 190.25 179.75 175.25 187.5 189.75 190.25 191 191 191 191.25 191.75 192 192 192 192.5 192.25 193 193 193.5 193.25 193 193 192 192 192 191.5 191 190.25 189 190.25 190 190 190 189.25 188.75 188.75 188 187.25 187 185.25 184.75 185 185.25 184.75 185.25 185.75 185.75 182.5 183.75 184 183.5 183 184.25 184 182.5 182.25 183 183 183 183 182.25 180.75 180.25 178.5
191.75 191.75 191.75 191.25 191 189.5 190 190 190.5 191 191.75 192 192.5 191.5 192 192 193 192.25 191.25 188.25 181.75 188.25 190 190.25 190.75 191 191.5 192 192 192 192.5 192.75 192.75 192.75 193 193.25 193.5 193 193 193.25 192.25 192 192 192 192 191 191 191 190.5 189.75 190 190 189.25 188.5 188.25 187 187.5 185.75 186.5 186.75 185.5 185.75 186.75 186 186.25 184.75 184.5 184.25 184.25 184 184.25 184 184.75 184 183.25 183 183 182.75 182 181 180 179.75
192.25 192 192.25 191.25 191.5 189.75 190 189.5 190.25 190.75 191.5 192 193.5 192.75 192.25 193 193.25 192.25 191.75 189.75 186.5 188.5 189.75 190.75 191 191.25 191.5 192 192 192 192.75 193 193 193 193.25 193.75 193.25 193 193.25 193.25 192.75 192 192 192 190.75 191.5 191 191 190.75 190.25 189.25 189.75 189 188 188.25 187.5 187.5 187.75 187.25 186.5 185.5 187 187.25 187 186.75 185.25 185 185 185.5 185.25 185 184.5 185 184 183 183 182.5 181.75 181.75 180.5 180 180
192.25 192.5 192.25 191.75 191.25 191.25 191.25 190.75 191 191 191 192 192.25 193.5 193 193.75 193 192.25 192 191 188.5 190 189.5 189.75 191.25 192 192 192 192.25 192.5 193 193 193 193 193.75 194 194 193.75 193.5 193 193 192.25 191.25 191.25 190.5 191 190.5 190.25 190.5 189.75 189 189.5 190 189 188 187.25 187.5 188.25 188 188 187.5 188 187.75 187 187 186.75 186.25 185.75 184.75 185 185 184.25 184.5 184 182.75 182.75 182 182.25 181.5 180.5 180 181
193 193 192 192 191 191.25 191.75 191 191.5 192 191.25 191.75 192.5 193.25 194 192.75 191.75 191.25 190.75 189.75 191 189.5 189 190 190.75 191.25 192 192 192.25 193 192.75 193 193 193 193 193.75 194 194 194 194 192.5 192.5 192.25 191.25 190.5 190.75 190.25 190.25 189.75 189.75 189 189 189 188.5 188 188 188.5 188.25 188.75 188.25 188.5 188 188 188 187 187.25 186.5 185.5 184.75 184.25 183.75 183.5 184 183.75 182.75 183.25 183 183 182 181.5 180.5 181
193.25 193 193 192 191.5 191.5 192 191.5 192.75 192 191.75 192 193 193.75 194 193.25 192.25 189.75 189.5 190 192 190.5 190.5 191 191.5 192 192.25 192.75 192.5 192.5 193 193 193.25 193.5 193.25 193.75 194 194 194 194 192.5 192.5 192 192.25 192.25 191 190.75 190.25 190.25 190 190.25 189.25 189 189.25 188.75 188.25 188 189 189 189 189 188.75 188 187.75 187 186.75 186.75 186 185.25 185 185 184.25 184 184.25 184 184.25 183.75 183 181.5 181.25 181.5 181.5
192.75 192.25 192 192 192.5 192 193.25 192.25 192 191.25 192 192.25 192.75 193.5 194.5 193.25 192.5 192 191.75 192.25 192.25 191 191 191.25 191.25 191.5 192.5 193 193 193 193 193.75 194 194 194 194 194.5 194.25 193.75 193.5 194 193.5 192 192 192 191 191 191 191.25 190.25 190.25 189.5 189.25 189.25 189 189 189 188.75 188.75 189 189 188.5 188 188 187 186.5 186 186.25 185.75 185 185.5 185 184 184.75 185 184 183.75 182.5 182 182.5 182.25 183
193.5 193.75 192.75 193 193.25 193.75 193.5 192.75 192.5 192 192 192.75 193 193.75 194.5 193.75 193.5 193.75 192.75 191.75 191.5 191.25 190.75 191.5 191 191.25 192 192.75 193 193.75 193 193.75 194 194 194 194 194 195 193.25 193.25 193 193.5 192.75 192.25 192 192 191.25 191 191.25 190.75 190.5 190 190 190.5 189.5 190.25 189.5 190 190 189.5 189 188.25 188 187.75 187 187 187 187 185 185.75 186.5 186.25 184.5 185.5 185 185 184 183 183.75 183 182.75 183.25
194.25 194 193.5 194 193.75 193.75 193.25 193 192 192.5 192.5 192.75 193.75 193.5 194.5 194.25 193.75 193.25 192.75 191.75 191.5 191.25 191.25 191.75 192 192.5 192.5 192.5 193.5 194 194 194 194 193.5 194 194 193.75 194 194.5 194 193.75 193 193 193 192.5 192 192 192 191.25 191 191 191 190.25 190 189.75 190 189.75 189.75 190 189.25 189 188.75 188.5 187.75 187.5 187.5 187.25 187.25 186.25 186 186 186.5 185.5 185.75 185 184.5 183 183 184 183.5 183.5 183.25
193.75 194.25 194.25 194.5 194.25 194.25 193.75 193 192.25 192 192.25 192.75 193.25 193.75 194.25 194.75 194.25 192.25 192 192.5 192.75 192 191.25 191.75 192.25 192.75 193 193.25 194 194 193.75 193.75 193.25 192.5 193.25 193.5 193.5 193.5 194 194 194.5 193.25 193 193 192.75 192.75 192.5 192 191.5 191.5 191 191 190.25 190 190 190 190 189.75 189.75 189 189 188.5 188 187.75 188 188 188 187.25 187.5 187.5 187.25 187.25 187 185.75 185.25 184.25 184.25 183 184 184.25 182.5 183
194.5 195 194.5 195 194.75 193.75 193.75 192.5 192 192 192 192.25 193.25 193.75 194 194.5 194.5 193.5 193.25 193.75 193 192.25 190.75 191.25 192 192.5 192.75 192.75 193.25 193 193.75 193 193 193 193.25 193 193.25 193.5 193.75 194.25 194.5 194 193.5 193 193 193 192.25 192 192 192 191.5 191 190.75 190.5 190 190 191 190.25 189.5 189.75 189.25 188.75 188.25 188 188 188 188 188.5 187.75 187.25 188 187.75 187.5 187.25 186.25 185.5 184.25 184 184 183.25 181.75 181.5
195 194 194 194.5 194.75 193.75 193 193.75 193.25 193.75 193 192.75 193.75 194 194 194.75 194.75 194 194.75 194 193.25 192 190.75 191 191.5 192.25 192.75 192.75 193 193.5 193 192.5 193 192.75 193 193.25 193.75 194 193.75 194.25 195 194.5 194 193.75 193 192.75 192.25 192.5 192.5 192.25 192 191.25 191 191 190.25 190.5 190.5 190.25 189.5 189.75 188.5 188.5 188.25 188.5 188.25 188.25 188 188.25 188.5 188 187.5 188 188 187.25 186 185.5 185.5 185.5 185.25 181.5 178.5 180.75
196.25 194.25 194 194 195 194.75 194.5 193.5 193.75 194 194 193 193 194 194 194.5 195.5 194.75 194.5 194 193.5 192.5 191.75 192.25 192.25 192.25 193 192.5 192.5 193 192.25 192.75 193.25 193.25 193 193.5 194 194 194 194 195 194.5 194 193.5 192.75 193 193 193 193 192.25 192 191.75 191 191 191 191 190.75 190.25 189.25 189.5 188.25 189 189 189 188.75 189 189.25 188.25 188 188.5 189 188.25 187.75 187 186.5 186.25 186 186 185.25 180.25 179.25 181
196 195.75 195 195 195.5 195.25 195 195 195 194.25 194 193.75 193.5 194 194.75 194.75 195.5 194.75 194 194.25 194 193 192.75 193 192.25 192 192.25 192.75 192.5 192.25 192.25 193 193.5 193 193 193.75 194 194 194.75 194.75 194.75 195 194.25 194 193 194 193.5 193 193 193 192.5 191.75 191.5 192 191 190.5 190.25 190.75 189.75 189 190 190 189.25 189 189 188.75 189.25 189 188 188.25 189 188 188 187 187 186.25 186 186 186 181.25 182 183
196.5 196 196 195.75 195.25 194.75 195 195 195 195 195.25 194.25 193.5 193.5 194.25 195 195.5 195 194.75 194.75 193.75 193.25 193.25 193 192.25 192.25 192.75 193.25 193.5 193.25 194 194 193.5 194 194 194 194 194 194.25 195 195 195 195 194.75 194 194 193.25 192.25 192.5 192.25 193 192.25 192 192 191 190.5 190 190.25 189.5 189.5 189.5 189.25 190 189.25 189.25 189 189 188.75 188.25 188.25 188 188 188 187.5 187 187 186.25 185.5 185 181.75 183.25 183.5
197.75 197 196.25 196.5 195.75 195.5 195.5 195 195.25 195.5 195.5 194.75 194.25 192 193.5 194.75 195.5 195.75 195.25 194.25 193.5 193.5 194 193 192.25 192.5 194 194 194.75 194.5 194.25 194 194.75 194.25 194 194 194 194.25 194.75 195 195 196 195.25 194 194.5 193.75 193 193 192.5 192 192.5 192.25 192 192 191.25 191 191 190 189.25 190.5 189.25 190 190 189.75 190 189.5 189 188.75 187.5 186.5 186.5 188 188 187.75 187 187 186.5 186 186 185.25 185.75 185
197.75 197.75 196.5 196 196.5 196.25 196 196 196 195.75 196 194.75 194.5 193.5 194 194.5 195.25 196.25 195.25 194.75 194.25 194.5 193.75 193.25 193 192.25 193.25 194.25 195 194.75 194.25 195 194.75 194.75 194.75 194.75 195 195 195 194.75 194.5 195.75 195.25 194.25 193.25 193.25 193.5 193 192.5 191.75 192 192 192 192 191 191 190.5 190 190 190 190.75 190.5 190.25 190 190 189.75 189 188.25 187.25 184.25 183.25 187.25 188 187.75 187 187 186 186 185.75 185.25 186 185.75
198.25 198 198 197.75 196.75 196.5 196 196 196 196 196 196.25 195.25 194.5 194.75 195.25 195.75 196.75 194.75 195 195 195.5 193.75 194 193 193 193.25 194.75 195 195 195.25 195 194.75 195 195 195 195.25 195.25 195.5 195 194.5 195.5 194.5 194.25 193 193 193 193 192.25 191.5 192 191.75 192 192 191.75 191 191 190 190 190.25 190.5 191 190.25 190 189.75 189.25 188.5 187 186 184 184.75 186.5 187.75 187.25 187 186.5 186 186 185.5 185.75 185.75 184.75
198 198.25 197.75 198 197.25 197.5 197.25 196.25 196 196 196 196.75 196 196 195.75 195.25 196.25 197 195.75 195.25 195.25 195.25 194.75 194.25 193 193.5 193 193.25 194 194.75 195.75 195.25 194 194.25 195 195 195.25 195.75 196 194.5 195.5 195.25 194.75 194.25 194.25 194.25 193 193 193 192.75 192 191.75 192 192 192 191.75 191 190.5 190 190 190.25 191 190.5 190 189.5 189 188.5 187.75 185.25 185.75 183.25 186.75 187 187.25 187 186.25 185.5 185 185 185.25 186 184
198.5 198.75 198.25 196.75 196 196.75 197.5 196.5 196 196 196 195.5 196.75 196.75 196.75 196.25 196.25 197.75 196.5 196.25 196 195.75 195.25 194.5 194 193.75 193.25 194 194 194.25 195.5 195.5 195.25 195.25 195 195 195.5 196 196 196 195.75 195.75 195 195.25 194 193.5 193 193.25 193 193 192.75 192.75 192.5 192.5 192.5 192 191.75 190.5 190 190.25 190.25 191 191 190.25 190 189.5 188.75 188 188 188.25 186.75 188.25 187.5 187.5 186.5 186.25 186 185.5 185.5 185.25 184.25 183.75
199 199 198 196.25 196 196 196 197 196 196 196 196 196 196 197 196.75 196.5 197.5 197.25 195.75 195.75 195.75 196 195.25 194.75 194 193.75 194.5 194.75 195.25 195 195.5 196 195.25 195.75 195.75 196 196 196 196 196.25 196 195 195 194 194 193.25 193.75 193.75 194 192.5 193 193 193 193 192.25 191.5 191 190.25 189.75 190.75 191.5 191 190.5 190 189.25 189 189 188.5 189 188.75 189 188.5 187.5 187 186.75 185.75 185.75 186.5 185 184 184.25
199 199 199 198.5 198.25 197 196 196.5 196.25 196 196 196 196.5 196.5 197 197 197.5 198.75 197 195.5 195.25 195.5 194.75 195.25 194.5 194 193.5 194.25 194.5 194.5 194.75 195 195.25 194.75 194.5 195 196 196 196 195.25 195.5 195.75 195.5 195 194.5 194.25 194 194 194 194 193.5 193.5 193.5 193.25 192.75 192 191.5 190.25 189 191.25 191.75 192 191 190.5 190.5 190 190.5 189.75 189.5 188.25 188.75 189 188 187.5 187.25 187 186.75 186.5 186.25 185.75 185.75 185.25
200.75 200 199 199 198.5 197.75 198 197.75 197.5 197 196.75 196.75 197 196.5 197 197.25 198 198.25 196.75 196.25 195.75 194.75 194.5 194.25 193.5 193.75 193.75 194 193.75 194 193.5 194 194.25 194.25 193.75 195 196 196.25 196.25 195.75 195.5 195.5 195.75 195.5 195 195 195 194.5 194.5 194 194.25 194 193.75 193 192.5 192 191.5 189.5 190.75 191.5 192 192 191.25 191 190.5 190 190 190 190 187.5 189 189 188.5 188 187 187 187.25 186.5 186.5 185.5 186 186
201 200.5 199.75 199.25 199 199.75 199.25 198 198.5 197.25 197.25 197 197 196.5 197.25 197.75 198.25 198.25 197.25 196.25 195 194.5 194 193.75 192.75 193.5 193.75 193 193.5 194.25 194.25 194.75 194.5 194.75 194.75 195.25 195.5 196 196.5 195.75 195.75 195.75 195.5 195.75 195 195 195 195.5 195 195 194.5 194 193.25 193 193 193.25 191.75 191 191.5 192.25 192 191.75 191.25 190.75 189 188.5 189.25 189.25 189.75 189.25 189 189 188 188 187.75 187.5 187 186.25 186.25 186.5 186.75 185.75
201 201 200 200 200 199.25 199.75 198.5 199 198.75 198.25 198.25 197.75 197 197 198 198.5 197.75 197 195.5 195.25 195.25 194.5 194.5 195 196.75 195.25 194 194.25 194.25 195 196 196 195.5 195 194.25 194.75 195.5 194.75 195 195.75 195.25 196.5 196 195 195 195.25 195.25 195 195 195 194.25 193.5 193 193.25 193.5 192.5 192.25 193 192.75 192 191.75 191 190 189.75 190 189 190 190 189.5 188.75 188.75 188.5 188.25 188 187.5 186.75 187 187.25 186.75 187 186.5
201 200.5 200.75 200.5 200 199.25 199.25 199.5 199.5 199.5 199.75 199.25 198.25 197.75 198 198.25 198.75 197.75 197 196.5 196.75 195.25 194.75 194.5 194.75 197.25 197 195.5 194 194.75 194.75 195 194.75 194.25 194.25 194 195 194.75 193.25 194.5 194.5 195.25 196.75 197 196 196 195.5 195 195 195 195 194 194 194 193.5 193.5 194 193.5 192.75 192.75 192 191.5 191 190.5 190 189.75 188.75 189.75 190 188.75 189 189 189 189 188 187.75 187 187.5 188 187 185.5 184.25
201 201 201 200.25 199.5 198 199.25 199.25 199.75 199.5 199 200 199.75 199 198.5 199.75 198 198 197.25 198.25 196.75 196 195.25 195.25 196 197.25 198 196.5 194.25 194.25 194.5 195 195 194.25 193.75 193 194.25 193.25 193 194.25 194.75 196 197 197 196.5 196 195.5 193.5 193.75 194.25 194 194 194 193.75 193 193.5 194 193.5 193 193 192.5 192 191.25 191 190.25 189.5 189.25 189.5 190 188.25 189 189 189 189 188.5 188 188.75 187.5 186.25 185.25 185.5 184.5
201 201 200.25 198.75 198.75 198 198 199 200 199.75 199.5 199.5 200 199.75 199.5 200 199.25 198.75 198.25 197.75 197.75 197 196.75 197.5 198.75 198.75 197.25 196.75 195.75 195.25 195.75 196 196.25 196.5 196 195 193.75 193.75 193.5 193.5 194.75 195.5 196.25 196.75 196.75 196.25 196 194.5 192.75 193.5 193.75 193.5 193 193 193.5 194 193.5 193 193 192.75 192 192 192 191 191 190.5 190 189.75 189.75 189.5 189.5 189 189 189 188.5 188.5 188.75 188 186.75 185.75 185.75 184.25
201 201 201 200 197.75 198 199 199.5 200.5 200 199.75 199.75 199.75 199.5 199.75 198.5 198.75 197.75 197.75 198 197.75 197 198 200.25 199 197.5 197 196.5 197.75 196 196 196.75 196.25 196.5 197 196.25 194.75 193.75 194 194 194.25 195.75 196 196 196.5 196.5 196 194.25 192.5 192.5 192.5 192.75 193.25 193.75 193.75 193.75 193 192.5 192.5 192.25 192 192 191.25 191 191 190 190 190.5 190 190 190 189.5 189 189 188.25 188.25 187.75 187.25 187.75 186 184.75 184.5
201 201 201 201 199.5 198.75 199.75 200.25 200.25 199.25 199 199 200 200 200 198.25 199.25 197.25 196.75 196.75 197.5 197.25 199.25 201 198.5 199.75 198 198 199 197 196.5 197.25 197.5 197.25 197.25 196.25 195.25 195 195 194 195 194.75 196.5 196.5 196.75 197 196.25 193 191 191 190 189.75 191.75 189.75 191.75 192.75 193 191.25 191.75 192 192 191.5 191 190.75 190.5 189.75 191 191 190.5 190 190 190 189.25 189 188.25 188.75 188.5 186.75 186 185 185 185
200.75 201 200 200 200 198.5 199.75 201 200.25 199.5 198 199 199.75 199.75 199.75 199.25 197.75 196 195.75 196.25 196.75 199 200.25 201 200.25 200.5 198.5 198.5 199.25 198.5 195.75 198 199 198.5 197.5 197 195.5 196.75 197 195 194.25 196.25 196.75 196.75 197 197 196.75 193.75 191 191 190 189.25 189.75 189.25 190.25 192.75 191.75 191 191 192 192 191.5 191 191 190.25 190.5 191 191 191 190.5 190 190 189.75 189.25 188.75 188.5 187 186.25 186 185 185.25 185
201 200.5 199.75 200.25 200.75 200.5 200.75 201 200.75 199.25 197.5 198.25 198 197.5 198.25 198 197 195.25 195.25 195.75 196.25 197.75 200.25 201 201 200.75 198.75 200 200.5 198.75 198.5 198.25 199.25 199.75 199.75 199 197.25 197.5 197.75 195.75 195 196.5 197.75 197.75 197.25 197 196.5 194.5 192.25 191.5 191 191.75 191.5 190.75 190 191.25 189.75 191 191.75 192 192 192 191.5 190.5 190.75 191 191.5 191 191 190.75 190.25 190 189.5 188.75 188.25 188 186.75 186 186 185.5 185.75 186
201 201 201 201 201.25 201 201 201.25 201 199.5 198 196.75 196.75 197 197.5 197.5 197.25 195.5 195 195 196.5 197 201 202 201 201 200.75 199.75 200.75 200.75 200.5 199.5 199.5 200 200 199.75 199.5 199 198.75 197.75 197.25 197.25 197.75 197.5 197.5 197.5 196.75 195 192 192.5 192.75 191.75 192 191.25 190.25 190.25 190.75 191.5 192 192 192 192 192.25 191.75 191.5 192 191.75 191.25 191 191 190.25 190 189 188.75 187.5 187.25 186.5 186.25 186 186 186.25 186
199.75 200 201 201.5 202 201.75 201 201.5 201 199.5 198.5 197.5 196.75 198.25 200 200.25 200 197 197.25 196.25 197.25 200.25 201.5 202 201 201 201 200.5 201 201 200.5 200 199.5 199.5 199.75 199.5 199.5 199 199 199 198.25 198.75 198.25 197.75 198 197.75 196.75 195.5 193.25 193 193.5 192 190.75 191.25 190 190.75 192 192 192 192.5 192.5 192.25 192.25 192 191.75 192 191 191 191 190.5 190.25 190.75 190 187.5 187 187.5 188.25 187.25 186 186.25 186.25 186.5
199 199 201 202 202.75 202.25 201.75 201.25 201.25 200.25 199.5 198.75 198 200 201.75 202.25 199.75 198.75 199.75 198.75 202 202 202.25 202 201.75 201 201 201 201 201 200.75 200.25 200 199 199.25 199.5 199 199 199.25 199.25 199.25 199 198.75 199 198.25 197 196.5 195 194.5 194.25 194.25 193.5 193 192 191.5 191.25 192 192.25 193.5 193.5 193 192.5 192.25 191.75 191.5 191 191 191 191 190.5 190.25 190 189 188.5 187.5 188 187.5 186.75 186.75 186.75 186.25 186.5
199 200.25 201.5 203 203 202.75 202.25 201.75 201.5 201 201 200.25 200.25 202 203 202.75 200.5 200.75 202 203.75 202.25 202 202 202.75 203 202 202 201.75 201.25 201 201 201.25 201.25 200.75 200.25 200 199.5 199 199.25 199 199 198.25 198.75 197.25 195.75 195 194.5 194.75 195 195 193 191.75 191.5 191.5 191.5 191.25 192.75 193.75 193.25 193.5 192.75 192.75 192 191.5 190.25 189.25 189.5 190.75 191 191 190 189.75 190.5 189 189.25 189 187.25 187.75 187.75 187.25 187 186.5
