LSCAM_InData/LSCAM_InData/populationdensity.asc
ncols         292
nrows         251
xllcorner     800180
yllcorner     -2175230
cellsize      2000
NODATA_value  -9999
[rows 27 to 53 of 251, columns 61 to 121 of 292]
-9999 -9999 -9999 -9999 -9999 -9999 -9999 -9999 -9999 -9999 -9999 -9999 -9999 -9999 -9999 -9999 -9999 -9999 -9999 -9999 -9999 -9999 -9999 -9999 -9999 -9999 -9999 -9999 -9999 -9999 -9999 -9999 -9999 -9999 -9999 -9999 -9999 -9999 -9999 -9999 -9999 -9999 -9999 -9999 -9999 -9999 -9999 -9999 -9999 -9999 -9999 -9999 -9999 -9999 -9999 -9999 -9999 -9999 -9999 -9999 -9999
-9999 -9999 -9999 -9999 -9999 -9999 -9999 -9999 -9999 -9999 -9999 -9999 -9999 -9999 -9999 -9999 -9999 -9999 -9999 -9999 -9999 -9999 -9999 -9999 -9999 -9999 -9999 -9999 -9999 -9999 -9999 -9999 -9999 -9999 -9999 -9999 -9999 -9999 -9999 -9999 -9999 -9999 -9999 -9999 -9999 -9999 -9999 -9999 -9999 -9999 -9999 -9999 -9999 -9999 -9999 -9999 -9999 -9999 -9999 -9999 -9999
-9999 -9999 -9999 -9999 -9999 -9999 -9999 -9999 -9999 -9999 -9999 -9999 -9999 -9999 -9999 -9999 -9999 -9999 -9999 -9999 -9999 -9999 -9999 -9999 -9999 -9999 -9999 -9999 -9999 -9999 -9999 -9999 -9999 -9999 -9999 -9999 -9999 -9999 -9999 -9999 -9999 -9999 -9999 -9999 -9999 -9999 -9999 -9999 -9999 -9999 -9999 -9999 -9999 -9999 -9999 -9999 -9999 -9999 -9999 -9999 -9999
-9999 -9999 -9999 -9999 -9999 -9999 -9999 -9999 -9999 -9999 -9999 -9999 -9999 -9999 -9999 -9999 -9999 -9999 -9999 -9999 -9999 -9999 -9999 -9999 -9999 -9999 -9999 -9999 -9999 -9999 -9999 -9999 -9999 -9999 -9999 -9999 -9999 -9999 -9999 -9999 -9999 -9999 -9999 -9999 -9999 -9999 -9999 -9999 -9999 -9999 -9999 -9999 -9999 -9999 -9999 -9999 -9999 -9999 -9999 -9999 -9999
-9999 -9999 -9999 -9999 -9999 -9999 -9999 -9999 -9999 -9999 -9999 -9999 -9999 -9999 -9999 -9999 -9999 -9999 -9999 -9999 -9999 -9999 -9999 -9999 -9999 -9999 -9999 -9999 -9999 -9999 -9999 -9999 -9999 -9999 -9999 -9999 -9999 -9999 -9999 -9999 -9999 -9999 -9999 -9999 -9999 -9999 -9999 -9999 -9999 -9999 -9999 -9999 -9999 -9999 -9999 -9999 -9999 -9999 -9999 -9999 -9999
-9999 -9999 -9999 -9999 -9999 -9999 -9999 -9999 -9999 -9999 -9999 -9999 -9999 -9999 -9999 -9999 -9999 -9999 -9999 -9999 -9999 -9999 -9999 -9999 -9999 -9999 -9999 -9999 -9999 -9999 -9999 -9999 -9999 -9999 -9999 -9999 -9999 -9999 -9999 -9999 -9999 -9999 -9999 -9999 -9999 -9999 -9999 -9999 -9999 -9999 -9999 -9999 -9999 -9999 -9999 -9999 -9999 -9999 -9999 -9999 -9999
-9999 -9999 -9999 -9999 -9999 -9999 -9999 -9999 -9999 -9999 -9999 -9999 -9999 -9999 -9999 -9999 -9999 -9999 -9999 -9999 -9999 -9999 -9999 -9999 -9999 -9999 -9999 -9999 -9999 -9999 -9999 -9999 -9999 -9999 -9999 -9999 -9999 -9999 -9999 -9999 -9999 -9999 -9999 -9999 -9999 -9999 -9999 -9999 -9999 -9999 -9999 -9999 -9999 -9999 -9999 -9999 -9999 -9999 -9999 0.01210825 0.01197736
-9999 -9999 -9999 -9999 -9999 -9999 -9999 -9999 -9999 -9999 -9999 -9999 -9999 -9999 -9999 -9999 -9999 -9999 -9999 -9999 -9999 -9999 -9999 -9999 -9999 -9999 -9999 -9999 -9999 -9999 -9999 -9999 -9999 -9999 -9999 -9999 -9999 -9999 -9999 -9999 -9999 -9999 -9999 -9999 -9999 -9999 -9999 -9999 -9999 -9999 -9999 -9999 -9999 -9999 -9999 -9999 -9999 -9999 0.0123483 0.01225288 0.01564568
-9999 -9999 -9999 -9999 -9999 -9999 -9999 -9999 -9999 -9999 -9999 -9999 -9999 -9999 -9999 -9999 -9999 -9999 -9999 -9999 -9999 -9999 -9999 -9999 -9999 -9999 -9999 -9999 -9999 -9999 -9999 -9999 -9999 -9999 -9999 -9999 -9999 -9999 -9999 -9999 0.07477032 -9999 -9999 -9999 -9999 -9999 -9999 -9999 -9999 -9999 -9999 -9999 -9999 -9999 -9999 -9999 -9999 0.01014521 0.01299049 0.01326584 0.01673328
-9999 -9999 -9999 -9999 -9999 -9999 -9999 -9999 8.484015 -9999 -9999 -9999 -9999 -9999 -9999 -9999 -9999 -9999 -9999 -9999 -9999 -9999 -9999 -9999 -9999 -9999 -9999 -9999 -9999 -9999 -9999 -9999 -9999 -9999 -9999 -9999 -9999 -9999 -9999 0.1141505 0.114806 0.1185336 -9999 -9999 -9999 0.1222277 -9999 0.1722891 -9999 -9999 -9999 0.05126055 0.03509825 0.02313622 -9999 -9999 0.0118929 0.01097369 0.01282919 0.0135196 0.01489925
-9999 -9999 -9999 -9999 -9999 -9999 0.5455608 2.42092 11.32596 -9999 -9999 -9999 -9999 -9999 -9999 -9999 -9999 -9999 -9999 -9999 -9999 -9999 -9999 -9999 -9999 -9999 -9999 -9999 -9999 -9999 -9999 -9999 -9999 -9999 -9999 0.03596274 -9999 -9999 0.1805352 0.1912656 0.2169556 0.2289616 0.247375 0.2136438 0.1723277 0.172393 0.1984865 0.2251318 0.269821 0.3741131 0.4065287 0.0841537 0.06625517 0.04455138 0.02881292 0.01922739 0.01493708 0.01419944 0.01643237 0.01655343 0.01579168
0.01945561 0.02299674 0.02961795 0.03755862 -9999 -9999 0.3941448 1.239941 2.424459 -9999 -9999 -9999 -9999 -9999 -9999 -9999 -9999 -9999 -9999 -9999 -9999 -9999 -9999 -9999 -9999 -9999 -9999 -9999 -9999 -9999 -9999 0.09354393 0.08087803 -9999 -9999 0.06284719 0.05396635 0.05775366 0.2287566 0.3699238 0.3317888 0.3957223 0.494159 0.3688781 0.2565775 0.2575534 0.3288474 0.3871193 0.5042131 0.564213 0.7115064 0.1841403 0.08702864 0.05561175 0.03571706 0.02559976 0.01671564 0.01763393 0.01782572 0.01844536 0.01801775
0.02142552 0.0294927 0.03734769 0.04593016 0.06501635 0.1028186 0.2734224 0.5520581 0.1950552 -9999 -9999 -9999 0.03301918 -9999 -9999 -9999 -9999 0.05019683 -9999 -9999 -9999 -9999 -9999 -9999 -9999 -9999 -9999 -9999 -9999 -9999 0.213709 0.1593009 0.1473968 0.1615216 0.1343194 0.1032463 0.07722373 0.08283379 0.2701908 0.5948712 0.4518918 0.5503422 1.017086 0.6693066 0.3308874 0.3043934 0.363704 0.4718267 0.6253351 0.8151672 1.079753 0.2896354 0.09060013 0.05619868 0.03721691 0.02427 0.02082528 0.02211272 0.02368963 0.02278733 0.02286621
0.03041207 0.04164095 0.04892678 0.05406908 0.07020885 0.1426087 0.3786592 0.180096 0.1026001 0.07532974 0.05201932 0.04209179 0.03329577 0.02726071 0.02235634 0.0195434 0.03999991 0.04655065 0.04993455 -9999 -9999 -9999 -9999 0.04874428 0.05117687 0.03961594 0.05545624 0.1155033 0.2364872 0.644552 0.4469809 0.3400368 0.2759726 0.4515431 0.3536216 0.3491154 0.1211447 0.1360018 0.3286822 0.6894325 0.3411286 0.3719169 0.4782622 0.396209 0.3075576 0.2783464 0.1701822 0.1908322 0.196798 0.3046105 0.987318 0.517576 0.1148996 0.06182691 0.04149761 0.03117853 0.02298531 0.02776143 0.02938149 0.03063606 0.03172247
0.05013055 0.06214008 0.09827966 0.08769911 0.07776316 0.2759708 0.5562163 0.135652 0.07297646 0.05672535 0.05277465 0.04966573 0.03914475 0.03556351 0.03170107 0.02972619 0.04987689 0.07240617 0.06006277 0.05751563 0.05131653 0.05240153 0.06428478 0.06461786 0.06751218 0.04723608 0.08583546 0.1301332 0.2040238 1.156364 1.648991 1.023612 0.5327861 0.9621973 0.4980616 0.5266868 0.2154576 0.3186598 0.3755735 0.5783512 0.2623937 0.2805464 0.3095261 0.3244219 0.2751368 0.1181691 0.04135453 0.06238817 0.1388076 0.3090386 0.5675607 0.3742062 0.1533824 0.05982311 0.04162693 0.03246089 0.02680118 0.04579943 0.05534756 0.05806131 0.05886129
0.06228266 0.09488801 0.2170245 0.2019807 0.09979799 0.3684528 0.4498694 0.125584 0.06436057 0.05571257 0.06098372 0.05266845 0.04784244 0.04076464 0.03778331 0.03817451 0.06317161 0.1149043 0.1190173 0.1217696 0.0911463 0.07746185 0.1022124 0.1337911 0.1375524 0.07257979 0.1016283 0.235908 0.5013082 0.7622977 1.574312 1.778295 1.548664 0.7602625 0.5222444 0.4374668 0.2515555 0.1435523 0.1255243 0.09724784 0.09748253 0.1295569 0.2576823 0.2634709 0.09417164 0.03930844 0.04773697 0.1350543 0.3091366 0.1349566 0.1034722 0.2060873 0.1326712 0.05762636 0.04699138 0.04100093 0.0464975 0.07237013 0.09400064 0.1156478 0.1015662
0.1037422 0.1999577 0.3074158 0.1779282 0.1194247 0.2894429 0.4061595 0.1138036 0.06944767 0.06267928 0.06927023 0.06290086 0.04842387 0.04132746 0.04311294 0.04402482 0.07583931 0.1414853 0.155938 0.1491822 0.1347261 0.1055805 0.1695583 0.1958286 0.2010474 0.1023078 0.1149143 0.2851533 0.4568392 0.5032065 2.272127 2.313946 0.8274691 0.7455005 0.302227 0.1655326 0.1062931 0.08097485 0.09650615 0.09373125 0.07590665 0.07581303 0.08178248 0.06028233 0.06032375 0.05900765 0.07100096 0.4271574 0.6937544 0.1463108 0.08854423 0.1026653 0.07545612 0.04374032 0.03682087 0.03709506 0.04978336 0.08283024 0.3606115 0.6248504 0.2179367
0.1197529 0.1778237 0.1860473 0.1522417 0.2965298 0.5122631 0.2357943 0.08982959 0.09088653 0.1280747 0.1165603 0.07403611 0.05355181 0.05227976 0.05101853 0.05577296 0.08147161 0.1771067 0.1976411 0.1706383 0.1712837 0.1455397 0.1815017 0.2601104 0.4411562 0.1592894 0.1578946 0.3230222 0.7750133 0.790589 1.912533 0.9900234 1.604355 1.003883 0.5836833 0.1535676 0.1147482 0.1073138 0.1332697 0.1533523 0.1105837 0.1108657 0.1052946 0.1143525 0.1213425 0.156381 0.2164743 1.088776 0.3416071 0.1116716 0.07504847 0.05766581 0.04225263 0.03606242 0.03097316 0.03327467 0.04820396 0.07534903 0.3652158 0.7399009 0.6226006
0.1102156 0.1266752 0.1534611 0.2468017 0.911755 0.3835422 0.1414236 0.08253482 0.09872999 0.1912774 0.144063 0.08245967 0.06280336 0.05426252 0.05071188 0.04922763 0.07322043 0.2143567 0.2027405 0.1715459 0.1785773 0.1840897 0.2586726 0.5456601 0.5322505 0.1611815 0.1686632 0.3807864 0.9633086 1.76982 6.471433 4.39093 1.275688 1.247827 1.408055 0.3697593 0.311812 0.2614828 0.3409717 0.3130673 0.2034726 0.2081509 0.2154096 0.315557 0.305903 0.7672727 0.7731114 0.2861814 0.1194623 0.07735 0.05147631 0.04045643 0.0309747 0.03343722 0.03352525 0.03328298 0.03725634 0.06234828 0.09323055 0.1484098 0.194437
0.1453317 0.1624779 0.3716447 0.6846471 0.6470978 0.3158454 0.1145567 0.07288662 0.0667723 0.09653409 0.1035963 0.1035951 0.1049146 0.09202201 0.07705534 0.08185635 0.0930948 0.3360695 0.3621111 0.3216482 0.3656449 0.3408484 0.7824448 0.8988885 0.2313271 0.09644075 0.1365308 0.2379666 0.4818587 1.678384 3.830222 1.857663 0.8266865 0.4218484 0.4752028 0.2539259 0.2547831 0.1648601 0.179382 0.14332 0.1257794 0.109466 0.09040345 0.1713081 0.5822867 3.990018 0.9733491 0.1637625 0.08015877 0.0549836 0.03984673 0.03594962 0.02471962 0.02596758 0.02910108 0.03109152 0.03068557 0.04203391 0.06135901 0.07362188 0.07925972
0.1814542 0.2995603 1.023614 1.367967 0.3788741 0.2058308 0.1058442 0.06440765 0.06123812 0.05447984 0.06096354 0.08151724 0.0927706 0.0909355 0.0789018 0.09352411 0.07394178 0.2154066 0.3303182 0.516029 0.5631118 0.380033 0.6769791 0.4079183 0.1146428 0.1006143 0.129571 0.2556975 0.8804536 1.087319 0.9605896 0.5241905 0.2960418 0.2469845 0.2573617 0.1615391 0.1788819 0.1048163 0.06310498 0.06299726 0.0607173 0.1657717 0.289587 0.412995 1.440351 5.015715 1.480737 0.2172284 0.07964882 0.048818 0.03497446 0.03008451 0.02276006 0.02174402 0.0264334 0.02417224 0.02313805 0.02988517 0.03178376 0.03455023 0.04105395
0.3176092 0.6732245 0.988233 0.6598503 0.261729 0.1399293 0.09138601 0.06171251 0.05317403 0.05104826 0.08475651 0.08744305 0.05354953 0.04366657 0.03608877 0.03863177 0.03575411 0.1083676 0.1656427 0.2163579 0.2121943 0.2763733 0.8221507 0.4185375 0.1583988 0.2319433 0.1751759 0.1638256 0.468212 0.6032673 0.3198184 0.2314634 0.1860623 0.2002166 0.1904001 0.1045546 0.07989493 0.05782473 0.04301944 0.04324754 0.05959029 0.1708667 0.2470373 0.3526774 1.087387 3.063766 0.7920669 0.3570234 0.1038191 0.04242408 0.03438155 0.02640511 0.01697902 0.01763508 0.0218349 0.02504551 0.02156323 0.02311204 0.02467795 0.02209533 0.01994666
0.9747283 1.320466 0.6439987 0.3758294 0.1627999 0.1260755 0.08518401 0.06088884 0.05392036 0.04988881 0.05996345 0.05755486 0.04155328 0.03260384 0.02900353 0.03347625 0.03208841 0.08874237 0.1335036 0.1632229 0.2621177 0.2608666 0.2641062 0.2199728 0.4942075 0.3278415 0.1690094 0.2611643 0.2848882 0.3055787 0.222502 0.2692452 0.3289759 0.2169515 0.1439098 0.09144986 0.04379541 0.035016 0.02639003 0.03122845 0.1152055 0.1686175 0.2617181 0.3425754 0.7582607 0.6876487 0.4018894 0.2675066 0.1698776 0.05572008 0.02525518 0.01872324 0.01511438 0.0136871 0.01351393 0.0204848 0.0249963 0.02863322 0.02911085 0.02617131 0.02257863
7.450505 1.750796 1.095844 0.3295246 0.1492199 0.1431993 0.09461311 0.06555809 0.05783909 0.04838065 0.04071802 0.05359026 0.06075873 0.03837006 0.0310878 0.03279109 0.06081748 0.1367417 0.1442481 0.279243 0.8733423 0.4286235 0.1689883 0.12534 0.2005961 0.1465837 0.1705612 0.5112193 0.1803509 0.1262419 0.1246777 0.1499064 0.2589432 0.2492294 0.1242249 0.06962074 0.03008426 0.02173603 0.02050954 0.03235311 0.112543 0.1575449 0.2429055 0.2996113 0.7225807 0.6778452 0.2743559 0.189041 0.135669 0.09061054 0.03350537 0.01386938 0.01224938 0.01033001 0.01371302 0.02059902 0.04998116 0.05815297 0.03982958 0.04161749 0.04217527
11.96213 1.277181 0.6258398 0.2678912 0.1280989 0.1763222 0.1078616 0.08687645 0.1070069 0.07244651 0.04540807 0.07890411 0.1161464 0.06420967 0.03514836 0.03597004 0.08694778 0.1609322 0.1468475 0.3473488 1.024914 0.3090473 0.1280161 0.08236012 0.08525582 0.08769327 0.1355779 0.2414695 0.1320259 0.1098856 0.08972256 0.09868439 0.2254656 0.3069221 0.1188553 0.0631806 0.02432562 0.01670311 0.01580995 0.02509841 0.08646704 0.1323076 0.1741509 0.2172529 0.3587867 0.417706 0.2449262 0.1560346 0.1065269 0.07586776 0.04921947 0.02190576 0.008799875 0.00909108 0.01347167 0.02087395 0.07232305 0.09017035 0.09076013 0.1028935 0.05395388
4.092392 1.058707 0.4068981 0.3079105 0.1568235 0.09595313 0.07342863 0.08565108 0.1155183 0.0766713 0.04506176 0.0617357 0.0935415 0.06876248 0.03794868 0.03553774 0.0439871 0.07171054 0.1194454 0.2163816 0.3094046 0.1442021 0.07895024 0.06003185 0.0539066 0.07123723 0.0972149 0.1468091 0.1234097 0.2315573 0.147115 0.1071408 0.190494 0.2320532 0.1038853 0.05036891 0.01823677 0.01446985 0.01264202 0.01712142 0.05757157 0.08951916 0.1260563 0.1776035 0.2532936 0.350772 0.2170796 0.1558484 0.09407386 0.06768066 0.04850551 0.02477043 0.01133981 0.008416126 0.01162847 0.01808063 0.04040422 0.06371174 0.2170204 0.2022626 0.07372975
1.739938 1.288678 0.4274169 0.2526263 0.2166991 0.1049592 0.07053363 0.06665255 0.06309401 0.05477534 0.04462527 0.04353411 0.04510655 0.0447758 0.04677377 0.03601933 0.05013441 0.07448991 0.08772137 0.06963605 0.0914381 0.08285408 0.06644111 0.04649964 0.04343568 0.05975385 0.07923109 0.1420099 0.1005894 0.1672598 0.1309475 0.1316105 0.1437057 0.1268981 0.08695243 0.03699072 0.01566171 0.01275016 0.0117446 0.01309751 0.04604105 0.0648088 0.1032454 0.1803601 0.3671476 0.8531795 0.3401761 0.1728296 0.1157199 0.07168075 0.04620183 0.01797817 0.01560585 0.01566043 0.01133895 0.01425208 0.01929833 0.03543593 0.08593318 0.2693054 0.1573443
