LSCAM_InData/LSCAM_InData/populationdensity.asc
ncols         292
nrows         251
xllcorner     800180
yllcorner     -2175230
cellsize      2000
NODATA_value  -9999
[rows 27 to 53 of 251, columns 183 to 243 of 292]
-9999 -9999 -9999 -9999 -9999 -9999 -9999 -9999 -9999 -9999 -9999 -9999 -9999 -9999 -9999 -9999 0.006983993 -9999 0.008292146 0.009355905 -9999 -9999 0.01048094 0.01253805 0.01625929 0.01301111 0.01484047 0.0186193 0.01519714 0.01158941 0.01004358 0.007940869 0.006317091 0.005863613 0.005645433 0.005490039 0.005518572 0.005382874 0.005346891 0.00515756 0.005118501 0.005139509 0.005075318 0.005970859 0.006248323 0.005698653 0.005030615 0.005883764 0.006027875 0.006005464 0.005367732 0.004627463 0.004303384 0.004636831 0.00473633 0.004632963 0.004398044 0.004982724 0.005219249 0.005720061 0.005525959
-9999 -9999 -9999 -9999 -9999 -9999 -9999 -9999 -9999 -9999 -9999 0.007554489 -9999 -9999 -9999 0.006909812 0.008005638 0.0101272 0.01207624 0.01313266 0.01258196 0.01354307 0.01679712 0.0179516 0.01539475 0.01527491 0.01393296 0.01452601 0.01382373 0.01438996 0.01122694 0.009273943 0.007093979 0.006358624 0.006151825 0.006010516 0.005843226 0.005717714 0.005554235 0.005208716 0.005733281 0.006670123 0.006301522 0.006162652 0.006421993 0.006146535 0.005510089 0.005984856 0.006040365 0.005698751 0.00530311 0.004373646 0.003853383 0.004172907 0.004635856 0.004513036 0.004452682 0.004712571 0.005560638 0.005933489 0.005898893
-9999 -9999 -9999 -9999 -9999 -9999 -9999 -9999 -9999 -9999 -9999 0.008635216 0.006895137 0.006110694 0.007051938 0.009009583 0.01151894 0.0141495 0.01686709 0.02062316 0.01596529 0.01598921 0.01996999 0.01628021 0.01447807 0.01415572 0.01411525 0.01357628 0.01123997 0.01224928 0.0116781 0.01036418 0.00850756 0.007502217 0.006848793 0.006718444 0.006416282 0.006270278 0.005802269 0.005436516 0.006204779 0.007044781 0.00690043 0.005372157 0.005511297 0.005968459 0.006007082 0.005977522 0.00581289 0.005204737 0.004868592 0.004716536 0.004437009 0.004100345 0.004629267 0.004729814 0.00447133 0.004484643 0.005499457 0.00603837 0.005779265
-9999 -9999 -9999 -9999 -9999 -9999 -9999 -9999 -9999 -9999 -9999 -9999 0.007820015 0.007911366 0.009758542 0.01201598 0.01504465 0.02506685 0.03745482 0.03635797 0.02870035 0.02117849 0.01828569 0.01716006 0.01726508 0.01687307 0.01677275 0.01905939 0.01624017 0.01465227 0.01560674 0.01443707 0.01269895 0.011579 0.009893318 0.008803788 0.007963811 0.00728663 0.006816877 0.006030199 0.005857564 0.006175078 0.005831829 0.005471355 0.005497617 0.005956654 0.006459238 0.006412006 0.006359661 0.006248981 0.006343381 0.006108867 0.006081389 0.004779854 0.004734034 0.004755315 0.004725988 0.004599728 0.004620785 0.004917372 0.004927724
-9999 -9999 -9999 -9999 -9999 -9999 -9999 -9999 -9999 -9999 -9999 -9999 -9999 0.0106039 0.01188675 0.01417459 0.02075884 0.0426688 0.07117619 0.09112135 0.05276369 0.03541488 0.02158345 0.01940962 0.01494293 0.01483429 0.01647019 0.0157082 0.02030883 0.02458475 0.03057867 0.02595836 0.02074745 0.01763547 0.01533987 0.01326495 0.01175923 0.01014988 0.008246589 0.007084431 0.006352246 0.006026004 0.005943174 0.005630172 0.00553638 0.005430279 0.005294002 0.005979342 0.006658511 0.007013391 0.006831154 0.006921621 0.007316881 0.00635536 0.005859251 0.005955199 0.006114716 0.005258844 0.00473368 0.004855442 0.004920847
-9999 -9999 -9999 -9999 -9999 -9999 -9999 -9999 -9999 -9999 -9999 -9999 -9999 -9999 0.01441372 0.01506373 0.02824668 0.04754225 0.189031 0.2902907 0.08090967 0.04245357 0.02199249 0.01781575 0.0176103 0.0179842 0.01897894 0.02098476 0.02999501 0.04430592 0.08758789 0.05583039 0.03858547 0.03418927 0.02977678 0.02772091 0.02226864 0.01543538 0.01191412 0.009249649 0.007532165 0.006685051 0.006277861 0.006124888 0.005844102 0.005570443 0.005294241 0.005458474 0.007057972 0.007239774 0.006904441 0.008074556 0.008366358 0.007187941 0.007144916 0.006862945 0.006911912 0.006134884 0.004808268 0.005000446 0.005122826
-9999 -9999 -9999 -9999 -9999 -9999 -9999 -9999 -9999 -9999 -9999 -9999 -9999 -9999 0.01393879 0.01475512 0.02457698 0.05289309 0.1240077 0.1560054 0.05861044 0.03951799 0.02488515 0.01978385 0.0191557 0.02094681 0.02298354 0.02284785 0.03071691 0.05658071 0.1263558 0.1213717 0.09515189 0.07774016 0.06109699 0.05317736 0.04393833 0.02878907 0.01897754 0.01425082 0.01097642 0.007878303 0.007200948 0.007106531 0.006395593 0.006289155 0.006038915 0.005686833 0.006391766 0.007052761 0.007831084 0.008037355 0.008852452 0.008169773 0.008124048 0.007830528 0.007267781 0.006544782 0.005274905 0.005605197 0.005434342
-9999 -9999 -9999 -9999 -9999 -9999 -9999 -9999 -9999 -9999 -9999 -9999 -9999 -9999 0.01431671 0.01561626 0.02246881 0.03775692 0.04929628 0.05294199 0.04249185 0.02630595 0.02045971 0.02002171 0.02221853 0.02324157 0.02214566 0.0224577 0.03077019 0.04797979 0.1142918 0.2089787 0.3743258 0.2380427 0.2083216 0.1486433 0.06524843 0.04566805 0.03421533 0.02301356 0.01565828 0.01097398 0.008824541 0.00829921 0.007817186 0.007367763 0.007049628 0.006390894 0.006591036 0.007654969 0.009255766 0.009111697 0.009042514 0.008827048 0.008689034 0.008475382 0.00897226 0.008525368 0.007285418 0.007936188 0.00712243
-9999 -9999 -9999 -9999 -9999 -9999 -9999 -9999 -9999 -9999 -9999 -9999 -9999 -9999 0.01898038 0.01996122 0.02383693 0.02456328 0.02980758 0.03207591 0.02638372 0.02172923 0.01994658 0.0218273 0.02370424 0.02590524 0.02786659 0.03571166 0.03919032 0.05521248 0.08553614 0.1391955 0.188492 0.167222 0.3374648 0.353489 0.1170119 0.06568245 0.04595519 0.03006291 0.02091674 0.01512458 0.01181129 0.01119415 0.01100276 0.009961546 0.008542372 0.007594767 0.007267477 0.007603193 0.00891515 0.009228461 0.009468372 0.0105008 0.01039939 0.01009993 0.01037895 0.01001892 0.009660892 0.009494404 0.009264766
-9999 -9999 -9999 -9999 -9999 -9999 -9999 -9999 -9999 -9999 -9999 -9999 -9999 -9999 -9999 0.02125515 0.02168156 0.01801787 0.02003581 0.02512643 0.02259455 0.02294133 0.02191368 0.02237104 0.02619947 0.02717212 0.03050015 0.03981499 0.05014117 0.07752125 0.09537948 0.1116746 0.1215286 0.1548161 0.3044669 0.4660543 0.171535 0.09320027 0.06261402 0.03974085 0.02788288 0.01815131 0.01941699 0.02239423 0.02371914 0.01781271 0.01133551 0.00961388 0.008698337 0.008051467 0.009351788 0.01051863 0.01036059 0.01028733 0.01222536 0.01410846 0.01448362 0.01429406 0.01258135 0.0131782 0.01481889
-9999 -9999 -9999 -9999 -9999 -9999 -9999 -9999 -9999 -9999 -9999 -9999 -9999 -9999 -9999 -9999 -9999 -9999 0.01602636 0.01963001 0.02038599 0.01966643 0.02138381 0.02269005 0.02432884 0.02868708 0.02995462 0.04338671 0.07312692 0.1236368 0.1315999 0.1213326 0.1484253 0.4083595 0.6540132 0.7154257 0.1916884 0.1051158 0.0621098 0.04187762 0.03159015 0.02472764 0.03746608 0.04470556 0.04589261 0.03651889 0.02260599 0.0162475 0.01355475 0.009534836 0.008211149 0.008901561 0.01058478 0.01511611 0.02154756 0.02319715 0.02340813 0.02430147 0.0215592 0.02235302 0.02471846
-9999 -9999 -9999 -9999 -9999 -9999 -9999 -9999 -9999 -9999 -9999 -9999 -9999 -9999 -9999 -9999 -9999 -9999 -9999 0.01704563 0.01758289 0.01899787 0.01983083 0.0214752 0.02664045 0.03025111 0.038642 0.05976002 0.1352523 0.2558745 0.2270528 0.1698679 0.2526415 1.465775 1.444449 0.3067681 0.1297744 0.08181258 0.05736787 0.05512054 0.04821383 0.03947699 0.05089755 0.1225952 0.16513 0.05203898 0.03333997 0.02469936 0.01869374 0.01473288 0.009497661 0.009879557 0.01560698 0.0232754 0.04196449 0.03790098 0.03364962 0.03238688 0.03463985 0.03440546 0.03896555
-9999 -9999 -9999 -9999 -9999 -9999 -9999 -9999 -9999 -9999 -9999 -9999 -9999 -9999 -9999 -9999 -9999 -9999 -9999 0.01471221 0.0173338 0.01985051 0.02140777 0.02379082 0.03369419 0.0361716 0.04434276 0.07787006 0.1496762 0.3880179 0.3212228 0.1941348 0.3219668 1.434652 0.7429321 0.1824678 0.1231339 0.07999111 0.07131629 0.08097376 0.07526386 0.06144197 0.08327419 0.1804741 0.2029246 0.07139132 0.07240151 0.05743724 0.03768588 0.01711674 0.01359974 0.01280361 0.01986893 0.04080362 0.08560542 0.07479513 0.04997114 0.04942858 0.05654398 0.061807 0.07916205
-9999 -9999 -9999 -9999 -9999 -9999 -9999 -9999 -9999 -9999 -9999 -9999 -9999 -9999 -9999 -9999 -9999 -9999 -9999 0.01813883 0.01533006 0.01839853 0.02320337 0.02790975 0.03579596 0.04835217 0.05825428 0.08526496 0.1315686 0.1715955 0.2049115 0.1836489 0.2383802 0.84672 0.4645573 0.1441839 0.09489363 0.07194652 0.09356745 0.2067433 0.1601512 0.07721411 0.1610295 0.3081902 0.1245308 0.05969346 0.08056047 0.05647769 0.04087683 0.01781718 0.01492695 0.01576703 0.02348273 0.03986584 0.07927546 0.09184045 0.09924569 0.08404637 0.1136912 0.1518756 0.1110532
-9999 -9999 -9999 -9999 -9999 -9999 -9999 -9999 -9999 -9999 -9999 -9999 -9999 -9999 -9999 -9999 -9999 -9999 -9999 -9999 0.02049287 0.02157471 0.02098225 0.02820866 0.03985509 0.05317508 0.05753148 0.07515764 0.1091514 0.1076435 0.1199331 0.1255167 0.1658561 0.3813567 0.1776206 0.1026197 0.06240421 0.05812119 0.07307464 0.203599 0.2724649 0.0888915 0.08752272 0.1002619 0.05272567 0.03782673 0.04264501 0.06465819 0.06426968 0.02528688 0.01703539 0.0198031 0.02972769 0.04855677 0.09945462 0.1702197 0.2040131 0.1134775 0.164968 0.1880686 0.1425464
-9999 -9999 -9999 -9999 -9999 -9999 -9999 -9999 -9999 -9999 -9999 -9999 -9999 -9999 -9999 -9999 -9999 -9999 -9999 -9999 -9999 0.01941124 0.02153604 0.02830259 0.03806174 0.05460753 0.07310519 0.1034025 0.1275074 0.1349957 0.1322058 0.1263313 0.1506562 0.2707926 0.1171115 0.06780713 0.03895898 0.03736645 0.05053762 0.08998093 0.1117452 0.05904131 0.04468207 0.04116762 0.03444242 0.02759685 0.03026384 0.07279576 0.07454608 0.02581657 0.01950465 0.02348954 0.04314592 0.08670595 0.1314703 0.134728 0.1993463 0.3447549 0.3498466 0.2815612 0.3239185
-9999 -9999 -9999 -9999 -9999 -9999 -9999 -9999 -9999 -9999 -9999 -9999 -9999 -9999 -9999 -9999 -9999 -9999 -9999 -9999 -9999 -9999 -9999 0.0246246 0.03336788 0.05299111 0.09361935 0.2929197 0.4403237 0.2997417 0.1507695 0.1914075 0.3712593 0.1658456 0.06840601 0.04641903 0.02870695 0.02758114 0.03361794 0.04064388 0.04024102 0.031729 0.02106633 0.02204431 0.02170474 0.0205138 0.02097228 0.03118592 0.04244541 0.02857528 0.02226675 0.03100108 0.06560124 0.1727009 0.3308949 0.161728 0.4122669 1.36159 0.8744633 0.5779959 0.6119882
-9999 -9999 -9999 -9999 -9999 -9999 -9999 -9999 -9999 -9999 -9999 -9999 -9999 -9999 -9999 -9999 -9999 -9999 -9999 -9999 -9999 -9999 -9999 0.03414408 0.0303885 0.0460107 0.08901767 0.358264 0.4209266 0.2031237 0.1824117 0.3865219 0.298206 0.1011658 0.04935449 0.0329171 0.0224537 0.01915467 0.01967582 0.02113358 0.02005307 0.01698374 0.01475956 0.01534424 0.01625277 0.02022892 0.02256858 0.03593757 0.07580033 0.06087507 0.02945307 0.03530747 0.07364526 0.1301454 0.1576597 0.1830188 0.7491385 3.135325 2.065001 1.025797 0.6295593
0.6508079 1.885306 -9999 -9999 -9999 -9999 -9999 -9999 -9999 -9999 -9999 -9999 -9999 -9999 -9999 -9999 -9999 -9999 -9999 -9999 -9999 -9999 -9999 0.05238603 0.04450737 0.04724196 0.06580777 0.09325508 0.1146134 0.183579 0.2350166 0.1876891 0.1094433 0.05287358 0.03728377 0.02128921 0.01693478 0.0139598 0.01402917 0.01399788 0.0137751 0.01175087 0.01014303 0.01155985 0.01325818 0.01794294 0.01859924 0.03322912 0.07435204 0.05687508 0.02941505 0.03609366 0.06629148 0.1260075 0.4461042 0.2997244 0.7155559 0.6264555 0.4364036 0.3373542 0.2559408
0.241899 -9999 -9999 -9999 -9999 -9999 -9999 -9999 -9999 -9999 -9999 -9999 -9999 -9999 -9999 -9999 -9999 -9999 -9999 -9999 -9999 0.09003346 0.06516427 0.07996009 0.07529642 0.05247226 0.0460746 0.05770887 0.1213936 0.3531338 0.2576302 0.1016274 0.05925919 0.03511532 0.02177333 0.01569372 0.01326974 0.01288901 0.01255433 0.01282329 0.0113502 0.009114631 0.009014256 0.01000182 0.01201959 0.0127092 0.01569709 0.02263078 0.02593253 0.02410183 0.02410062 0.0312444 0.06021291 0.1304456 0.4222854 0.2698062 0.4106627 0.1856377 0.1030282 0.126619 0.1569993
0.190127 0.7013547 0.4282262 -9999 -9999 -9999 -9999 -9999 -9999 -9999 -9999 -9999 -9999 -9999 -9999 -9999 -9999 -9999 -9999 -9999 0.03825615 0.04784969 0.0951284 0.1554972 0.1058259 0.06620629 0.03577247 0.0458268 0.1141796 0.2523046 0.1443058 0.06330901 0.04838584 0.0259865 0.01507006 0.01328313 0.01230489 0.01241202 0.01387826 0.01267702 0.01041602 0.008023037 0.009063663 0.01043589 0.01032268 0.01216807 0.01299429 0.01517696 0.02062417 0.02111677 0.02293518 0.0267047 0.04202131 0.07401356 0.1374777 0.1510074 0.4007984 0.1734179 0.06788496 0.04779429 0.0837704
0.1081452 0.2053678 0.2167397 -9999 -9999 -9999 -9999 -9999 -9999 -9999 -9999 -9999 -9999 -9999 -9999 -9999 -9999 -9999 -9999 0.03070999 0.03996117 0.04974233 0.1406119 0.2497026 0.1189707 0.05780064 0.03114761 0.03687777 0.06770583 0.1091327 0.0796067 0.04645528 0.02644038 0.02063306 0.01662522 0.01157936 0.01043936 0.01064471 0.011029 0.01084889 0.008758961 0.007468773 0.008368814 0.00996332 0.01082944 0.01106136 0.01201128 0.01321034 0.02163421 0.02576621 0.0303674 0.03704945 0.03567896 0.05399874 0.1511432 0.1726097 0.1281347 0.08873922 0.09182729 0.05494376 0.03981467
0.06183518 0.0839058 0.116309 0.410974 -9999 -9999 -9999 -9999 -9999 -9999 -9999 -9999 -9999 -9999 -9999 -9999 -9999 -9999 -9999 0.02972765 0.02896929 0.04437061 0.08315849 0.1104957 0.05819431 0.04295355 0.02999699 0.0318085 0.05077857 0.05259001 0.04890375 0.03190319 0.01996158 0.01764767 0.01685255 0.01483665 0.009323681 0.009730972 0.008984609 0.007839244 0.007240405 0.006888007 0.006734732 0.008216602 0.009504122 0.01001696 0.0125361 0.01457805 0.02155112 0.03656392 0.04879347 0.05388742 0.04998206 0.0567903 0.10217 0.1103687 0.1178547 0.1007741 0.1330719 0.07218251 0.03382379
0.0345386 0.04739484 0.07772714 0.1449549 0.2757624 0.513478 -9999 -9999 -9999 -9999 -9999 -9999 -9999 -9999 -9999 -9999 -9999 -9999 -9999 -9999 0.0251664 0.03606423 0.04396352 0.04192646 0.03596939 0.02597829 0.02151798 0.03050101 0.03773585 0.03710678 0.02796199 0.02043834 0.0152392 0.01453857 0.01469768 0.01440034 0.01069163 0.008328958 0.006773217 0.00668454 0.006403621 0.006283592 0.006170499 0.006498849 0.007835438 0.01025837 0.01494962 0.021175 0.03186592 0.05710663 0.1755542 0.1957245 0.1003109 0.06309842 0.04672974 0.03206837 0.04429376 0.05886221 0.08274279 0.03920855 0.02594082
0.02594766 0.02968504 0.05081319 0.06801982 0.09524467 0.1568436 0.1862956 0.09348102 -9999 -9999 -9999 -9999 -9999 -9999 -9999 -9999 -9999 -9999 -9999 -9999 0.02714525 0.0320874 0.02749936 0.02536822 0.02329609 0.02023045 0.01941749 0.02446057 0.02709163 0.02418106 0.01903134 0.01503206 0.01289515 0.01167724 0.01199629 0.01073173 0.00975713 0.008992334 0.007514301 0.006256715 0.006059327 0.00631104 0.006350261 0.006580649 0.008100421 0.01277472 0.01811286 0.02604581 0.03709226 0.07440216 0.3434196 0.5727538 0.3722603 0.1073371 0.04266457 0.02023922 0.02198645 0.02647706 0.03265723 0.02856915 0.01933941
0.01925568 0.02211897 0.02578482 0.03770851 0.05331709 0.06444607 0.07009108 0.06539521 0.07289348 0.1354304 0.5203749 1.966025 1.374413 1.595161 0.3213197 0.1473923 0.07570145 0.03705401 0.0263136 0.02082775 0.01877477 0.0195458 0.02214942 0.02450308 0.02103798 0.01903214 0.01792324 0.02032831 0.01970045 0.01915971 0.01578204 0.01227947 0.01124173 0.01049111 0.009972883 0.009540644 0.00897311 0.008125292 0.008064533 0.007320772 0.005995824 0.006143249 0.007110536 0.01047177 0.01255712 0.01551677 0.01820088 0.02232986 0.04412996 0.06508433 0.1413518 0.3280537 0.4343024 0.09987515 0.05123711 0.0216301 0.02356774 0.02775034 0.02968361 0.02876791 0.02343822
0.01609237 0.02080568 0.02240794 0.02715492 0.03773716 0.0426404 0.04717091 0.04730965 0.05774204 0.114258 0.3470331 2.166719 3.34859 1.653739 1.07089 0.2591498 0.1185661 0.03882875 0.02856669 0.02227945 0.01771369 0.01635775 0.01962633 0.01831614 0.01655657 0.01758726 0.02303271 0.02416916 0.01953913 0.0166862 0.01577714 0.01382098 0.01097727 0.009834714 0.009545472 0.009392641 0.009039305 0.008190952 0.007949219 0.008085947 0.008121293 0.007231874 0.01030325 0.01274268 0.01399923 0.01669009 0.02210148 0.03292654 0.04811283 0.07602501 0.1136832 0.09425027 0.08215867 0.06313914 0.03680052 0.02870793 0.02673401 0.02700839 0.02340573 0.02612565 0.03109667
