LSCAM_InData/LSCAM_InData/populationdensity.asc
ncols         292
nrows         251
xllcorner     800180
yllcorner     -2175230
cellsize      2000
NODATA_value  -9999
[rows 135 to 161 of 251, columns 122 to 182 of 292]
0.639096 0.5501305 0.1679842 0.1465399 0.1136994 0.1147145 0.1295416 0.1382751 0.1302677 0.104871 0.08528084 0.07889074 0.06892035 0.07948534 0.0881976 0.09991183 0.1069808 0.1089711 0.1139605 0.1317865 0.1262967 0.1164419 0.1196873 0.1229862 0.1250611 0.1469208 0.2303559 0.3206559 0.4205733 0.5699791 0.7917884 1.178481 1.363355 1.589602 3.370586 9.489952 6.780076 3.661543 2.278548 2.792892 2.671069 2.457824 4.668794 1.458082 0.8151732 0.4608365 0.3661395 0.3128592 0.2135376 0.1534585 0.1188823 0.1646192 0.2287892 0.3235358 0.3666777 0.3311582 0.2892324 0.3608011 0.3972906 0.4709623 0.6945627
0.7052331 0.4326525 0.2136732 0.1496081 0.1331341 0.1512348 0.1659378 0.1855863 0.2772734 0.198089 0.09616351 0.09001093 0.08051611 0.09101652 0.09695682 0.09706743 0.1104062 0.1161536 0.1264442 0.1360911 0.1300584 0.13139 0.1029205 0.08137121 0.08982617 0.1131465 0.1701083 0.2951787 0.3566852 0.4243159 0.5196851 0.8871468 1.395037 1.699707 2.323595 3.478721 3.023365 3.90407 2.083982 4.232365 2.250297 1.392115 1.507595 1.483113 0.7231731 0.4133266 0.3930656 0.3594487 0.2354578 0.1867545 0.1748425 0.2563803 0.3304771 0.5584211 0.6803436 0.5050687 0.4984711 0.552054 0.5935898 0.5647894 0.7077119
3.783321 0.5614246 0.2209707 0.1675276 0.1384797 0.1878376 0.2189365 0.2179208 0.3280243 0.2104921 0.1079488 0.09360787 0.08466775 0.0875565 0.1069793 0.1144957 0.118754 0.120692 0.1358097 0.1455069 0.1357437 0.1012239 0.08180193 0.07838161 0.08071552 0.09533507 0.1439903 0.221007 0.2661282 0.3307054 0.3810139 0.5339147 1.141096 1.687756 4.04971 2.703758 1.548588 1.605276 1.949374 1.502681 1.100012 0.8597405 1.519997 1.603363 0.7395166 0.6441454 0.5363986 0.3683944 0.2667605 0.1966661 0.2202192 0.3167628 0.4210872 0.6824028 0.7464889 0.7141636 0.6919501 0.8259389 2.193301 1.007769 0.7059994
2.770609 1.940745 0.3553002 0.3192644 0 0 0.215239 0.2120938 0.2220282 0.1772417 0.1189955 0.1034039 0.0894987 0.1039044 0.131503 0.1667262 0.1848888 0.1612639 0.161103 0.1873656 0.1165388 0.09835836 0.08443697 0.08035412 0.09838674 0.1119961 0.1307936 0.1612036 0.2261277 0.2967789 0.4532546 0.7166836 1.092375 3.016505 5.143773 6.691062 2.521236 1.277388 2.805761 1.623019 1.009707 0.834277 0.7863634 0.6639137 0.5482714 0.8199507 0.9676573 0.5001684 0.337539 0.270695 0.2878978 0.3110114 0.4924175 0.6615958 1.054077 1.619058 1.147082 0.969192 1.344476 1.100063 0.9151965
1.797382 1.25253 0.5320391 0.2600974 0.2376916 0.263896 0.2431267 0.2414634 0.2841926 0.2841751 0.1425593 0.1260088 0.1057386 0.1278674 0.2027212 0.2870855 0.3281182 0.2733108 0.3198275 0.3200992 0.1816632 0.1089419 0.1091117 0.1135593 0.1038247 0.1112554 0.1178081 0.1813462 0.2374867 0.2722736 0.4216072 0.7203735 1.049699 3.203706 2.354803 2.976909 2.38111 1.002571 1.271457 2.367162 3.613096 2.483403 1.586054 1.207943 0.7691854 0.5849825 0.8462154 0.6507031 0.4669349 0.4275894 0.4238102 0.3771214 0.4701696 0.6089035 1.126699 3.287978 1.798421 2.162456 1.267908 1.527737 1.549729
1.160543 0.7889791 0.4550218 0.2172473 0.2468794 0.3047155 0.3460885 0.3687922 0.4112789 0.5036822 0.2082114 0.1598306 0.1401284 0.1819798 0.3055262 0.7296388 1.0153 0.7535316 0.5881904 0.4640371 0.2705918 0.1650495 0.1175228 0.1372883 0.1088296 0.1302167 0.1535324 0.2045172 0.2568896 0.3215952 0.4424445 0.7352512 2.146899 5.566717 3.657008 5.539257 2.521057 1.048936 1.103153 1.564534 3.950287 3.885636 3.528093 2.158898 1.000586 1.067168 0.9640671 0.9602816 0.8367364 0.9652304 0.7136745 0.513127 0.4502115 0.5213768 0.8713784 1.305691 1.308718 1.635572 0.9179369 1.433467 1.414874
4.560008 1.140346 0.4333103 0.2186292 0.1707424 0.1964268 0.2740528 0.475166 0.6940247 0.6410702 0.3307107 0.1831717 0.1461271 0.1959487 0.4069796 1.701936 2.903608 1.980387 2.151843 0.5707152 0.3210042 0.2110209 0.1182748 0.1231676 0.1324362 0.1443936 0.16183 0.2075736 0.2679809 0.3670737 0.4592074 0.7285552 1.307197 1.875649 4.145743 3.078552 1.378372 1.177433 1.51645 2.233398 1.644577 3.721648 2.147666 1.067596 2.218332 2.738611 1.646944 4.44131 2.357083 2.634525 1.750314 1.043367 0.8792844 0.6305852 0.6181219 0.6493416 0.8426829 1.248855 1.42507 0.8013778 1.091305
5.325318 2.510081 0.4607592 0.3189297 0.2035165 0.2117961 0.2334384 0.5508177 2.188489 1.150851 0.443576 0.2701994 0.2043401 0.2030765 0.2824696 0.4014646 0.5280712 0.8449844 2.240984 0.6890913 0.296023 0.2233704 0.1286904 0.1314298 0.1322128 0.1462391 0.1644772 0.1980549 0.253832 0.3346939 0.4242935 0.5845541 0.7320292 1.433424 3.792694 1.552502 1.397528 1.469748 2.124634 2.602824 2.007992 1.449707 1.411979 1.619018 2.353249 4.517236 3.608917 14.93284 6.415025 2.718788 2.543167 1.376431 2.218308 2.006343 1.131647 0.6202387 0.6631403 1.110013 1.516695 1.127257 1.457591
4.270938 2.566421 1.061556 0.4836572 0.3510273 0.4923962 0.356622 0.6586053 3.16937 2.183966 0.5076751 0.3437462 0.3004641 0.3419591 0.3744437 0.2700625 0.3539831 0.5273814 1.196528 0.5729209 0.3420607 0.3273077 0.2119764 0.1738426 0.1525515 0.1469648 0.1621543 0.1957765 0.2198111 0.2825574 0.3726201 0.4715403 0.7292745 1.356982 2.458027 6.692901 3.50574 2.308656 2.600635 2.217961 1.724007 1.302226 0.8748715 1.613907 4.819829 4.976686 2.404761 5.084228 7.326883 3.231883 2.705985 2.518603 9.527946 6.37609 2.5339 0.8508877 0.8538483 2.081884 2.612534 2.875041 3.016739
3.231846 3.833451 2.801992 1.009157 0.4413823 0.4896267 0.4521445 1.052807 2.379806 1.696962 0.485269 0.3587837 0.3793826 0.8554024 1.874914 0.5024949 0.3829185 0.8600055 3.041694 0.689425 0.8301181 1.070564 0.2905363 0.2022159 0.1709011 0.1632526 0.1550129 0.1791389 0.2143766 0.2640911 0.3464974 0.4390488 0.6494054 1.108312 3.360612 6.643464 2.5183 1.371776 0.9979333 0.9459565 1.034885 0.8580491 1.055408 3.285159 5.486917 7.06777 2.061782 1.406809 1.636696 1.409929 1.190599 2.445241 4.473242 4.669147 2.167853 2.028986 1.949162 2.653431 4.788947 2.723569 8.148395
0.7418599 1.383582 1.220192 0.6730022 0.3759336 0.3147168 0.598849 1.225969 0.8222173 1.138526 0.9616681 0.3897422 0.6030997 1.437873 1.007876 0.5716794 0.4851602 0.9914053 2.251889 0.5755057 0.5536383 0.7513914 0.2835301 0.2154082 0.1859446 0.1624136 0.1665572 0.1772696 0.2212854 0.2572396 0.2985841 0.3770736 0.5355422 0.7328627 1.28084 3.895637 5.287971 2.506576 1.455928 0.7598814 1.135463 1.068082 1.259538 2.813795 3.02252 7.005817 2.202681 1.526417 1.575246 1.613987 1.327845 1.723654 3.505226 4.219084 1.608675 1.183935 0.8834204 1.245381 2.344928 6.327914 10.44108
0.4736428 0.7253383 0.8634134 0.5291788 0.6702045 0.3775816 0.5631835 0.9694431 1.065906 0.7210742 1.099202 0.4894761 0.5576714 1.523048 0.6548129 0.5849449 0.9816118 3.623086 2.044829 0.5388142 0.387595 0.3163014 0.2600773 0.209267 0.1864671 0.1706017 0.1822055 0.2163953 0.2516131 0.2756474 0.2922475 0.3343975 0.4374975 0.626161 0.8079603 1.627116 7.169278 2.373314 1.234637 0.9885938 1.77281 1.342676 1.51555 1.465977 2.236683 3.936063 2.159541 1.344533 1.625444 1.260996 1.30855 1.044941 1.549556 1.441965 1.011814 0.7207638 0.6476633 0.720697 1.527069 5.719968 8.063363
0.506797 0.4653444 0.2807792 0.4768876 0.4385121 0.663727 1.362129 0.7361341 0.7616369 0.688206 0.7750709 1.610511 0.6045613 0.9616472 2.254172 1.60941 2.161971 1.526845 1.074013 0.4986117 0.3479315 0.2490124 0.2323793 0.2149269 0.1787515 0.1891904 0.2121158 0.2874188 0.3373409 0.272314 0.2712155 0.275961 0.3331831 0.4989161 0.6717734 1.101778 4.727456 4.533106 5.31159 3.6175 4.665987 2.099402 1.095404 0.8398502 0.7637265 1.087434 3.0004 1.360855 1.649896 0.8445641 0.4411508 0.4468032 0.6876093 0.722111 0.7187718 2.03202 1.363699 0.8419443 1.732213 9.104899 4.056378
0.206541 0.2094032 0.2848993 0.6764749 0.76315 0.6434203 2.697415 3.029644 1.976078 1.04176 0.9406503 4.007326 5.270116 1.82216 4.833722 3.706226 1.21508 0.6213136 0.4826259 0.4722269 0.3581089 0.3017311 0.229418 0.20823 0.182558 0.185749 0.2213216 0.4833755 0.8539233 0.5132136 0.43438 0.4549427 0.5539718 0.7154831 1.139403 4.012688 8.514296 9.2759 7.224345 2.888724 1.494062 0.6507756 1.223145 0.7709754 0.7501987 1.535156 2.576692 2.186464 1.202135 0.7138736 0.445454 0.3042406 0.3391792 0.4811742 0.4458231 0.7113497 0.8054463 0.7665175 4.368333 18.59824 5.413327
0.1739995 0.2257426 0.5426794 0.3821633 0.4728889 1.345153 1.981826 7.316911 3.840874 4.552441 3.23796 3.577584 36.26087 7.470774 7.241352 3.352851 1.050889 0.6180102 0.5228598 0.5357499 0.5885661 0.4141453 0.3369305 0.2196999 0.2041461 0.1754773 0.1987065 0.3208739 0.4923572 0.3624646 0.4674572 0.5348088 0.7163022 0.8620753 1.091382 3.01449 4.31122 4.010951 2.517183 1.180663 0.7122824 0.5352803 0.5384419 0.5020546 0.6073207 1.315042 1.372866 2.142848 1.797683 0.8780242 0.5351822 0.2961466 0.2514177 0.3207084 0.3475008 0.4089494 0.4776487 0.5980659 4.377548 10.01221 5.958961
0.2570823 0.6851201 0.6058615 0.7577079 1.526357 1.240035 3.246517 4.265661 2.853015 2.768524 6.73909 25.72123 86.55309 5.665049 1.91681 0.9660766 1.082528 1.500217 1.529515 1.965194 1.266334 0.6007219 0.362398 0.2233415 0.2026467 0.2089072 0.2302551 0.2411634 0.2673036 0.2863075 0.4248726 0.6569577 0.6651917 0.9980623 0.6920627 1.297892 1.901379 2.8492 1.632399 1.268409 1.014698 0.6900167 0.539143 0.6507033 0.6797308 0.7328731 1.080394 4.634232 7.129197 1.387247 0.6322609 0.2683405 0.2604227 0.3926177 0.5581371 1.028812 1.66124 0.9445226 2.526994 5.270787 3.349347
0.3942095 1.223501 0.4941899 0.2518376 0.3822316 1.259255 1.647243 1.889864 1.336205 3.344871 5.43809 14.54424 14.85502 2.268029 1.334984 1.138418 0.7584592 0.6975394 0.9880441 2.221256 2.363515 0.6764256 0.404915 0.3166401 0.2948139 0.2457365 0.231586 0.2427475 0.2774603 0.3105968 0.5555088 0.7695342 0.7968099 1.884404 0.9278557 2.415862 4.30051 6.12605 1.803662 1.989112 1.920903 1.114917 1.989691 2.867118 1.35245 0.8488149 0.9446656 2.915275 6.4892 1.646452 0.6781694 0.4013437 0.3808376 0.5586986 0.7031271 0.9037082 1.291726 0.9992304 1.653567 5.124021 5.150862
0.8014949 0.7501533 0.3237954 0.2226457 0.4553972 2.329944 1.189162 0.7214056 0.5545697 1.466258 2.632661 5.053861 9.31841 1.959736 0.9054628 2.199166 2.271049 1.335434 1.348034 1.315502 2.05565 0.7898926 0.6985203 1.025888 1.056634 0.4651249 0.297533 0.3051895 0.3287591 0.4008659 0.6650226 0.8520344 1.615237 3.171195 1.175097 1.215934 1.837016 5.548974 2.019687 1.681295 1.94701 2.009172 1.947497 3.837545 5.124865 1.507404 0.7559603 1.025799 1.864223 2.13641 0.8972247 0.585948 0.548761 0.8437982 2.803716 1.16488 0.7365373 0.8705639 2.242767 5.32665 5.709349
2.369317 0.821077 0.3245612 0.3120841 0.5207034 1.58305 1.552147 0.6703174 0.5183012 1.276808 1.776825 5.003769 2.729489 1.44412 0.6595967 0.461165 1.224602 0.8424246 1.218535 1.215264 0.9872587 2.087579 3.192947 2.652337 2.332207 0.810649 0.4332578 0.4675251 0.5509593 0.8426912 0.854748 0.8663902 1.017944 1.769807 1.169665 0.9100476 2.204956 2.659866 3.636393 3.929594 5.528638 2.937927 1.855259 4.8543 3.458504 1.547921 0.7526605 0.6773757 1.237443 2.468826 1.120191 0.7797092 0.7770775 1.319526 2.187786 1.228026 0.6992487 0.8412996 2.999713 7.279385 4.468844
0.9516075 0.6166767 0.2840601 0.2809107 0.8830737 0.6753733 0.5282646 0.8299855 1.861234 2.088712 2.280743 3.109139 6.101513 2.733411 0.7486169 0.4787126 0.4522483 1.036089 0.9885004 1.505658 1.64692 6.316675 5.308252 8.205398 5.685711 1.038695 0.5886178 1.434548 1.694784 4.381372 1.657722 0.8037357 1.435375 1.372268 0.9570749 1.371789 2.562639 2.362812 2.26208 1.919766 3.068586 5.406003 5.182369 3.405336 2.180892 2.021662 1.106835 0.9877196 1.409859 2.446222 2.347927 2.211277 1.907138 1.827982 1.615542 1.706606 0.8941258 1.775703 3.437298 12.16356 2.152099
0.4354183 0.3092855 0.2335649 0.2810425 0.9699121 0.4942089 0.4054271 1.221497 2.704034 2.698195 1.523521 4.503992 6.986006 1.60773 1.825889 0.6071892 0.4612157 0.7897808 0.6796394 1.030226 2.235462 2.051361 3.181641 7.020143 4.333859 0.658438 0.7525683 2.797353 3.161665 5.845866 1.99918 0.919854 0.8680222 1.686717 1.656399 2.727473 1.765786 3.618846 2.103398 1.903664 2.35482 3.841152 6.052372 4.448481 3.716748 2.540672 1.991287 2.281254 1.959613 1.580752 2.34145 1.981263 2.937222 1.610868 2.952014 3.367082 1.315314 3.422507 4.617924 4.88659 4.476758
0.500927 0.3097613 0.2156311 0.2337282 0.4044643 0.323213 0.3282847 0.7857593 2.70209 1.455956 3.080865 2.039758 1.773379 1.572284 1.234774 1.468582 0.6739005 0.7499209 0.5414432 0.5993057 1.392834 0.9850684 1.967898 3.922226 0.6726313 0.5619889 1.356588 1.264795 3.504727 5.290373 2.297865 1.134686 1.452469 1.598183 4.816458 2.469266 2.62946 2.531798 2.893247 2.193424 2.209938 2.085124 2.064787 2.921195 6.127125 3.79135 1.950005 2.408677 1.985633 1.225248 2.304185 2.584555 1.927691 2.134956 4.293976 3.874996 1.785981 2.789402 6.095695 4.667001 3.175754
0.2543076 0.2614958 0.215015 0.1960372 0.2669444 0.2930466 0.5160353 1.054472 1.066922 3.454007 2.773202 1.141025 0.6470664 1.855507 2.264712 1.410845 1.875815 1.322488 0.7744032 0.9962601 1.639908 0.8008889 1.195977 2.206399 0.9311599 0.459248 0.7891378 1.359732 4.26492 6.359105 2.798759 2.83652 1.755412 2.489123 2.982367 3.709389 3.402619 3.140807 2.732538 3.078298 2.707031 3.201548 3.466742 3.58627 6.967391 11.09171 3.605402 4.364014 3.411544 1.912719 4.194433 2.914047 3.924733 2.749204 2.330216 3.574883 1.70749 2.764308 2.934972 5.171616 5.043184
0.1612528 0.300999 0.2933432 0.2208925 0.2455463 0.3090488 0.654524 1.852738 2.321952 1.62825 0.9603016 0.7750407 0.5618278 1.111401 3.002309 2.972193 3.177146 1.51386 1.939372 3.061132 2.129594 0.8703561 0.5756037 0.990033 0.5336084 0.4824644 1.333474 2.821984 4.585596 6.5195 2.717185 1.426931 0.7973614 1.624371 5.540292 9.304831 4.645718 3.314827 4.302284 5.190918 3.637918 5.295816 3.58576 3.475869 6.575721 9.723152 4.416825 6.686758 3.164425 2.299536 2.199642 2.38642 2.462864 4.70587 6.455762 4.051921 5.080209 5.813364 4.329019 3.742929 3.139039
0.1576435 0.2472384 0.2557395 0.2528557 0.2685207 0.2997488 0.5226238 1.331381 2.056384 0.8643692 0.8240359 1.178765 0.6418974 0.7583201 1.238931 2.272247 2.591376 1.739786 4.756848 3.697314 1.052633 0.630808 0.4670305 0.4486194 0.4447189 0.4668548 0.9204887 1.891431 4.32276 5.323199 1.899984 1.354065 1.785911 3.129819 9.022443 10.08505 5.883132 4.716453 5.088183 3.163701 4.083698 3.839074 6.265182 4.894414 3.542677 4.632964 2.210841 3.374279 4.050483 3.229205 2.656464 3.524315 3.36792 3.600271 4.553089 11.06912 24.76911 33.05392 3.190883 1.338403 1.115101
0.1479177 0.2131956 0.2738041 0.2999254 0.3697032 0.3960685 0.3037743 0.4845998 0.6932681 0.4603798 0.5064973 0.5780467 0.7706264 0.9564793 1.318173 2.548219 3.108907 5.004006 2.473391 2.756532 0.8470514 0.59863 0.4103206 0.4535655 0.4389936 0.5000857 0.7296372 1.927014 3.802754 6.986487 2.699185 1.792252 3.000929 2.222131 2.856986 3.720062 3.971529 2.587869 6.048563 3.122214 1.457918 1.620815 2.292564 3.69244 3.408122 2.169108 2.427038 1.776687 1.361041 2.380562 1.841381 3.293843 2.043323 2.658864 3.316589 11.57566 66.82871 75.86808 6.111019 2.095919 1.248134
0.2111941 0.2630309 0.3265734 0.4603666 1.478902 0.8020646 0.3595712 0.3534779 0.5198906 0.408505 0.5738199 0.7327357 0.7474385 0.8047595 1.401973 1.338734 3.020363 4.080631 2.740202 1.417568 0.7061191 0.5451744 0.5773256 0.5496559 0.5301559 0.5635418 0.7948261 3.150943 3.434904 8.508512 3.385953 2.749076 3.452409 4.114305 3.529953 5.746977 5.035239 1.302314 1.715104 1.213114 1.008413 1.420058 1.504876 1.346219 2.127761 3.032214 4.257027 1.163029 0.7487085 0.9155365 0.813566 1.323328 1.302184 1.81405 3.582114 9.879166 26.6669 14.4271 10.93227 3.119012 4.895196
