LSCAM_InData/LSCAM_InData/populationdensity.asc
ncols         292
nrows         251
xllcorner     800180
yllcorner     -2175230
cellsize      2000
NODATA_value  -9999
[rows 81 to 107 of 251, columns 183 to 243 of 292]
0.1603327 0.3760748 0.1516376 0.1812619 0.1280125 0.07071181 0.05267369 0.08125221 0.1730409 0.5422338 0.4644363 0.2288571 0.2916534 1.440159 1.16176 0.4309683 0.1492494 0.08479693 0.04376434 0.05766377 0.1478532 0.6112297 0.7535742 0.2218893 0.05892167 0.01901841 0.01316163 0.01206286 0.01363268 0.015477 0.01757288 0.01522562 0.01439843 0.01364081 0.01194093 0.01030957 0.008369569 0.002463062 0.002811374 0.003550046 0.004001138 0.00416159 0.003685559 0.003373531 0.003331934 0.003048613 0.003370631 0.003580181 0.003283547 0.003405007 0.004964897 0.005120798 0.007602448 0.006084821 0.006346049 0.007693417 0.008574233 0.008109903 0.008718657 0.009108612 0.009404766
0.03414678 0.05159554 0.08427534 0.4001223 0.2945613 0.07578263 0.05146577 0.07077765 0.1597843 0.3528862 0.3088491 0.2683983 0.3375652 0.5027099 1.624107 0.9854708 0.2895715 0.1255433 0.05505464 0.05851235 0.1168437 0.6794621 1.191748 0.1286598 0.06169912 0.02237842 0.01479671 0.01108886 0.01061157 0.01140157 0.01250962 0.01120568 0.01080375 0.01013813 0.009137827 0.008435494 0.007343969 0.002172279 0.002682457 0.002570265 0.002721614 0.003130635 0.003187421 0.003303372 0.003071807 0.003024787 0.003282615 0.003139508 0.003316732 0.002731257 0.002662525 0.002206572 0.002755371 0.004384757 0.007216728 0.007771801 0.007819218 0.007922036 0.007753284 0.008800486 0.008876355
0.01508896 0.01751335 0.02355233 0.05549296 0.05008368 0.04850107 0.04195094 0.05501439 0.1126605 0.2587063 0.3027344 0.5222334 0.8866243 1.074855 1.924738 1.79551 0.483232 0.1361144 0.0670538 0.04825152 0.08525416 0.2230853 0.1789202 0.08320697 0.05419522 0.01900989 0.01429114 0.01340089 0.0131704 0.01275232 0.0129465 0.0115405 0.01024186 0.009164091 0.008844862 0.008019568 0.006821163 0.001939614 0.002168051 0.002420455 0.002388099 0.002390604 0.002510417 0.002691157 0.002576593 0.002589398 0.002602983 0.002343681 0.002574306 0.002472159 0.002135867 0.002152554 0.002294677 0.002562851 0.003599796 0.006116522 0.008216006 0.008010115 0.00818924 0.00819667 0.008484944
0.007085192 0.008710597 0.01467876 0.02067867 0.02031639 0.0167673 0.01571199 0.04229101 0.07108513 0.1008102 0.1453186 0.08622365 0.1228248 0.1414827 0.4826041 0.8824911 0.3488825 0.1196094 0.05880468 0.04297136 0.06360501 0.09700499 0.06997928 0.0518723 0.02396636 0.01547485 0.0143954 0.01412611 0.01477733 0.01315388 0.01770112 0.0162215 0.01263245 0.01040535 0.009259705 0.008563817 0.006783589 0.002065105 0.002245113 0.002182805 0.002027778 0.001940104 0.002135973 0.002201629 0.002026177 0.001929509 0.00201476 0.001995047 0.001940677 0.002075145 0.002086568 0.002231069 0.002399333 0.002635284 0.002866109 0.002936789 0.003346079 0.00588369 0.007218437 0.008152246 0.008321361
0.005109687 0.005515209 0.006999531 0.009667302 0.009548719 0.007909237 0.008211583 0.01371409 0.04314121 0.05727647 0.0414545 0.04701929 0.09423718 1.034738 0.5591127 0.453286 0.2165391 0.1083908 0.06143845 0.04899267 0.05162278 0.04052222 0.03055014 0.02651268 0.01658964 0.01382391 0.01315111 0.01344551 0.01671564 0.022766 0.02655917 0.02760984 0.01628036 0.01209826 0.01057066 0.01015463 0.01066557 0.005367006 0.00288551 0.002730059 0.002527579 0.002197245 0.002035215 0.002084458 0.002131799 0.001777187 0.001624274 0.001586074 0.001651173 0.001678969 0.001841628 0.002165559 0.002416845 0.002566051 0.002591825 0.002620979 0.00231126 0.002548912 0.003372892 0.005746062 0.007464331
0.003859699 0.004465719 0.005196276 0.005864211 0.006241034 0.006897542 0.0090703 0.01181056 0.01486084 0.02005395 0.02944919 0.0572588 0.1355408 0.5068023 1.446327 0.5037087 0.2516701 0.1328333 0.08317095 0.06622775 0.05224239 0.03261894 0.02162281 0.02358609 0.01602785 0.01392469 0.0134846 0.01313294 0.02439575 0.02806379 0.02856343 0.01790557 0.01553643 0.01408952 0.01450206 0.01435536 0.01824532 0.01666568 0.005966253 0.004398975 0.00380549 0.002749746 0.002508271 0.002373901 0.002343557 0.001985929 0.001631217 0.001504366 0.001531409 0.001669827 0.001695707 0.002009679 0.002163754 0.00227667 0.002272203 0.002326267 0.002010468 0.002525921 0.002236203 0.002302174 0.00493195
0.003422012 0.00354017 0.004501869 0.004702551 0.004630922 0.006448597 0.01037823 0.01774454 0.014875 0.01668513 0.0227424 0.0598038 0.1419365 0.5476796 1.560864 0.4937057 0.3272914 0.2523295 0.1970836 0.1355155 0.05472386 0.03431088 0.02209834 0.02108455 0.01625518 0.0143892 0.0143312 0.01710432 0.02820426 0.02654405 0.01929083 0.01531583 0.0124207 0.01391865 0.01834738 0.0194317 0.02185419 0.02555563 0.01957482 0.009099713 0.004295003 0.00390486 0.003319221 0.002686673 0.002330868 0.002225366 0.001892277 0.001645704 0.001697529 0.001759509 0.001896119 0.002043442 0.002006646 0.002009619 0.001881598 0.001909905 0.001949617 0.001936053 0.001953467 0.001996133 0.002227258
0.003507961 0.003487037 0.004157604 0.004231651 0.004290985 0.006377648 0.01918317 0.03768554 0.02522149 0.01820038 0.0200355 0.05073982 0.09320947 0.2626138 0.4363393 0.6727867 0.9179325 0.3278302 0.2649523 0.1425884 0.07089119 0.04330941 0.02527154 0.02046767 0.01984226 0.01610389 0.0156849 0.02452949 0.03384247 0.02395732 0.0166154 0.01390138 0.01194639 0.01142726 0.01685875 0.02265993 0.02804086 0.03077033 0.03235252 0.03183303 0.01863392 0.004720468 0.003582281 0.003392645 0.00301674 0.003000365 0.00222829 0.001841898 0.00198642 0.002113204 0.001913308 0.00206945 0.001936668 0.002050786 0.001866715 0.001843565 0.001829159 0.001960469 0.001942174 0.001927824 0.002042189
0.003546319 0.00342559 0.00358692 0.003580848 0.004168643 0.006499234 0.01123841 0.02148176 0.01578468 0.01363886 0.01515803 0.03650841 0.0676247 0.2378757 0.2605222 0.749067 0.8788343 0.3199329 0.2760402 0.1644938 0.07157391 0.0478183 0.02731193 0.02106585 0.02398672 0.02279779 0.01948747 0.0362862 0.03505504 0.0208062 0.01576179 0.01513146 0.01450202 0.01213816 0.01520727 0.02503584 0.02893831 0.03642479 0.04051323 0.03663326 0.02766094 0.01472759 0.004097477 0.003429624 0.003221522 0.002987461 0.002636512 0.002234474 0.002252894 0.002252797 0.00221981 0.002338722 0.002279249 0.002092854 0.002209065 0.002236623 0.002301195 0.002514921 0.002464293 0.001995943 0.002152995
0.003458197 0.003438977 0.003391538 0.003528844 0.004369489 0.0055445 0.007231945 0.007441026 0.009194403 0.009599928 0.01204026 0.02327396 0.04773618 0.0724858 0.08912244 0.08431435 0.1815993 0.1875172 0.1876907 0.1214039 0.06569687 0.04415682 0.02773242 0.02345397 0.02406417 0.02920128 0.03003407 0.0407939 0.03010202 0.01924616 0.0137731 0.013975 0.01304135 0.01315089 0.01860717 0.02335517 0.02962692 0.0379473 0.04033098 0.02853416 0.01830523 0.01618353 0.005236473 0.003838291 0.003256425 0.003123477 0.002689187 0.002310658 0.002326254 0.002541611 0.002265881 0.002326131 0.002309723 0.002334655 0.002704259 0.002730988 0.003304575 0.004200907 0.004050091 0.003423045 0.002729662
0.00369059 0.003534622 0.003471279 0.003586428 0.004139109 0.004301844 0.004541886 0.004982294 0.005316468 0.006464088 0.008997301 0.01298901 0.02459471 0.03267331 0.03356948 0.05257179 0.1378575 0.128977 0.08603849 0.0747647 0.05481115 0.03768757 0.0277075 0.02619713 0.03629605 0.05448528 0.05594746 0.04884311 0.03407636 0.02145476 0.01808996 0.01621208 0.01415289 0.01394899 0.02219383 0.02264096 0.02730203 0.02106783 0.007578226 0.008184213 0.006172991 0.005798789 0.004386936 0.00396392 0.003561292 0.003341563 0.002667111 0.002320017 0.002385195 0.002764145 0.002506366 0.002384441 0.002296835 0.002541265 0.002812617 0.003076129 0.003950138 0.004767649 0.004850628 0.004151837 0.003536914
0.003669561 0.003663262 0.003532721 0.003371918 0.003432697 0.00352399 0.003557192 0.003835785 0.004293432 0.004760429 0.006335172 0.009211771 0.01266942 0.01428585 0.0170477 0.02070983 0.04488208 0.04950642 0.05428623 0.04168632 0.03568774 0.03718797 0.03757841 0.04052591 0.05873704 0.119388 0.2569982 0.1017412 0.04285064 0.02366078 0.01936049 0.01564481 0.01677929 0.01964665 0.02158479 0.02214044 0.02382236 0.01415796 0.006383574 0.006110256 0.005674122 0.00516314 0.004514308 0.004302847 0.003880595 0.003364121 0.002535112 0.002177588 0.002397163 0.002723051 0.002402284 0.002244526 0.002420922 0.002324346 0.002474083 0.003009043 0.004103168 0.005486812 0.005646088 0.004332863 0.003856505
0.008191489 0.008564181 0.007052822 0.004473255 0.003538791 0.003479098 0.003409012 0.003500532 0.003759865 0.004058777 0.004690521 0.005953059 0.007615192 0.008994471 0.0103199 0.01282465 0.02974187 0.03365749 0.03675927 0.04008901 0.0435895 0.04557282 0.04949965 0.04920319 0.06684144 0.1682643 0.5381129 0.192707 0.05337297 0.03013345 0.02149121 0.01964278 0.02209908 0.02347111 0.02102936 0.0199517 0.02055874 0.0131046 0.005193782 0.005594944 0.005891078 0.005929423 0.005053809 0.004310161 0.004020414 0.003493019 0.002855632 0.002850512 0.002903066 0.002742321 0.002506482 0.002205953 0.002105964 0.002034655 0.002190595 0.0030387 0.004487214 0.004967706 0.005129396 0.004249557 0.003482115
0.0119123 0.01254101 0.00979763 0.009229755 0.00916641 0.00497519 0.003699676 0.003790032 0.003845843 0.003844495 0.004391623 0.004851616 0.004993033 0.006123171 0.007447204 0.01304458 0.02473968 0.03466759 0.04091812 0.05114731 0.06120529 0.0780426 0.08446322 0.06641132 0.06492834 0.07046998 0.1254805 0.08767781 0.05717587 0.02959209 0.02583387 0.02883128 0.02518116 0.02690814 0.02285917 0.02030758 0.01935233 0.01623368 0.005411293 0.005353323 0.005850856 0.005903248 0.006167569 0.005883031 0.005067693 0.003976723 0.003579014 0.003300468 0.003363393 0.002917566 0.002572291 0.002533178 0.002110941 0.001878256 0.002174229 0.002950385 0.003899358 0.004639184 0.004422212 0.004016182 0.002866166
0.02269423 0.02401176 0.01243575 0.01027824 0.01264716 0.01082503 0.007440622 0.004833987 0.004318031 0.004347919 0.004727456 0.005692068 0.005777601 0.006623762 0.01174344 0.01895917 0.0231467 0.0326138 0.03686938 0.06281359 0.1002212 0.2150973 0.1497128 0.07524505 0.05765469 0.0525388 0.06131503 0.06018636 0.0531325 0.04378302 0.04578615 0.03364626 0.02825256 0.03155123 0.02735817 0.0229359 0.0244298 0.0252497 0.01727266 0.005925124 0.007158218 0.007759744 0.008019635 0.008378004 0.007399509 0.006053616 0.005151743 0.005322819 0.004371383 0.003279293 0.002890511 0.00256655 0.002158911 0.002028315 0.00226602 0.00246066 0.002494863 0.003115404 0.002830388 0.002859603 0.002763249
0.01819862 0.01939847 0.01155121 0.0168179 0.02559022 0.02003679 0.01468529 0.01637232 0.01249921 0.007505411 0.008558821 0.01126281 0.009417073 0.01423038 0.01592807 0.02020477 0.02527974 0.03117419 0.03525006 0.06478047 0.1047979 0.3630985 0.2728733 0.08112226 0.05775858 0.04323524 0.04445868 0.05108785 0.07266203 0.09837092 0.06354397 0.04279761 0.03286905 0.04288148 0.03360675 0.02984379 0.02636771 0.025685 0.02838867 0.02257135 0.008735496 0.01018879 0.009606283 0.02439327 0.02109724 0.007650319 0.00789248 0.0082009 0.005829839 0.004705592 0.003040987 0.002401595 0.002350205 0.002459124 0.002336374 0.002420678 0.002951997 0.00301843 0.002658887 0.002818114 0.002774666
0.01041921 0.01067242 0.01001097 0.01474257 0.02372103 0.02600766 0.02618564 0.02722332 0.02756631 0.02036545 0.02511729 0.02866638 0.01747075 0.01489891 0.01748169 0.02259163 0.02901583 0.03157317 0.03931357 0.05383242 0.07442622 0.1629203 0.1872977 0.08895985 0.06302214 0.04902112 0.04765135 0.0844071 0.1855653 0.2801165 0.1511506 0.07006479 0.04071559 0.05080053 0.04042058 0.0356017 0.02955734 0.03163867 0.04119296 0.03996104 0.03445752 0.02181424 0.01264439 0.02847616 0.02186946 0.009118977 0.02004665 0.02785696 0.01156428 0.005727038 0.003166088 0.002955149 0.00313147 0.002725765 0.002612104 0.003468088 0.003973437 0.003494589 0.003312131 0.00260148 0.002494686
0.009503215 0.00941576 0.01010653 0.009899897 0.01075743 0.01709713 0.02049287 0.02699193 0.0278246 0.0285753 0.02146744 0.01528687 0.01526787 0.01725851 0.02001137 0.04189977 0.08400336 0.05296377 0.03453385 0.04650042 0.06680816 0.06854539 0.07082505 0.07090401 0.06277558 0.05578522 0.06536172 0.1280887 0.3222323 0.4972772 0.2417482 0.1203751 0.05277077 0.06981786 0.06485197 0.05273182 0.03956514 0.04375592 0.04895965 0.06205023 0.05939932 0.04972012 0.02424819 0.01296206 0.01930723 0.01401153 0.03268437 0.03371287 0.0122742 0.005371556 0.004122316 0.00355855 0.003411214 0.002719895 0.003024419 0.004060888 0.005461319 0.004696942 0.00388982 0.00463543 0.004422438
0.009384891 0.008989473 0.008821187 0.01007884 0.01016729 0.01098878 0.01174092 0.02240458 0.02792735 0.02806356 0.02931706 0.01865618 0.01501914 0.01652048 0.02341705 0.04743865 0.09474902 0.08064637 0.08479039 0.05230006 0.04930864 0.05079342 0.04591718 0.05001383 0.05625198 0.04719877 0.07153056 0.1605594 0.6294826 1.744152 0.3797682 0.1483449 0.08124246 0.107261 0.09607948 0.07724448 0.06133616 0.06581892 0.07557674 0.09262949 0.0833963 0.06925921 0.05076926 0.05317538 0.1372467 0.1347938 0.1044904 0.03728031 0.009867323 0.006013928 0.004163398 0.003716885 0.003224343 0.002566276 0.003556163 0.004580753 0.005564025 0.005777401 0.007359632 0.006026721 0.004745936
0.01027888 0.009246706 0.009107191 0.009570423 0.009447145 0.0100631 0.01166584 0.01298597 0.02198698 0.02702068 0.03163113 0.02801615 0.01658701 0.01875238 0.02229696 0.02675893 0.04706998 0.1115712 0.1635353 0.08998392 0.05159643 0.04129509 0.03872722 0.04878556 0.04580616 0.04276219 0.05961142 0.1242166 0.3302873 0.5327709 0.2601809 0.13949 0.09432742 0.1170916 0.1240379 0.0966957 0.08072262 0.09865639 0.1635657 0.1257365 0.1054547 0.1002537 0.08133439 0.06969917 0.1443059 0.2302677 0.2258498 0.1669891 0.07410809 0.02065779 0.00417716 0.003521298 0.002814224 0.002902954 0.003870451 0.004689118 0.005885035 0.01072955 0.01050205 0.007959723 0.00509033
0.01110802 0.009752255 0.009817728 0.009509312 0.009746324 0.01093657 0.0128629 0.0135327 0.01224644 0.01719193 0.03064577 0.03149049 0.01778799 0.01847763 0.02124879 0.02565738 0.04259768 0.1330778 0.1692058 0.07393253 0.05446754 0.04019387 0.04358944 0.05170671 0.05512277 0.04949546 0.05425643 0.07535081 0.1412519 0.1875286 0.1495919 0.09439995 0.09615126 0.1198886 0.144063 0.1115055 0.08836092 0.1673974 0.5693829 0.3515628 0.3773659 0.4373722 0.1289237 0.09071678 0.1987598 0.2672372 0.2630622 0.2777341 0.2230812 0.09861787 0.05061507 0.009847854 0.003435692 0.003242082 0.003367031 0.004951285 0.009952026 0.01385453 0.01596085 0.008544194 0.006697647
0.01097344 0.01023468 0.01014278 0.01059012 0.01155702 0.01243186 0.01236199 0.01340611 0.01238797 0.01232563 0.02568997 0.03286508 0.03168114 0.0212448 0.02007682 0.02553279 0.03799533 0.04853303 0.08236375 0.0710487 0.06616171 0.05757088 0.07575244 0.07773409 0.06157757 0.05445751 0.05002226 0.05490772 0.06551436 0.08262844 0.07434937 0.06462274 0.08314571 0.09113132 0.1025924 0.08968738 0.09099946 0.1114896 0.2336761 0.2234575 0.5240499 0.7406821 0.1480346 0.08611783 0.1926458 0.2824244 0.3781741 0.9592032 0.8677609 0.192564 0.07961547 0.03783654 0.02045776 0.004265155 0.004215316 0.00681723 0.009215824 0.03348019 0.0431647 0.01456826 0.007518355
0.01084315 0.01052416 0.01161063 0.01349438 0.01410014 0.01417338 0.0125042 0.01303643 0.01406016 0.01601243 0.01781466 0.02684573 0.03479359 0.03549686 0.02214096 0.02284376 0.03210685 0.0412138 0.0485699 0.06398686 0.07261778 0.108839 0.1233709 0.08556275 0.06711045 0.05301082 0.03939738 0.0335057 0.03532306 0.0472677 0.04651731 0.05037994 0.06189757 0.07010532 0.07900386 0.0708271 0.06321961 0.08453056 0.08594325 0.08111272 0.1117943 0.1230904 0.0825869 0.07455323 0.1376698 0.200828 0.2696221 0.5290382 0.6295887 0.1710867 0.07782055 0.04304912 0.0334671 0.01864247 0.005368264 0.007134119 0.01002533 0.03215763 0.03476303 0.01056795 0.0074842
0.0131267 0.01223841 0.01345098 0.02130803 0.02032316 0.01460107 0.01443546 0.01523763 0.01658557 0.01726897 0.01749734 0.01776468 0.0296358 0.036029 0.0247044 0.0231654 0.02634475 0.03400457 0.04473202 0.06631935 0.08586757 0.2240106 0.2002706 0.08996613 0.07707989 0.0536137 0.04443811 0.03685833 0.03823316 0.05249105 0.04996223 0.05122843 0.05575874 0.05512983 0.05460106 0.04629447 0.04257371 0.04303546 0.04516358 0.04657577 0.05945698 0.06336614 0.0527609 0.04850092 0.08196624 0.1129642 0.1363467 0.1552775 0.1398946 0.08932601 0.05520752 0.03568734 0.03204835 0.02225197 0.005177652 0.005488015 0.008938245 0.009054758 0.009484135 0.008366428 0.006553928
0.01433541 0.01408886 0.01790434 0.0346828 0.03032981 0.02674943 0.03141496 0.02096884 0.01840296 0.01819955 0.01722537 0.01750656 0.01936094 0.02286645 0.03226645 0.04551887 0.04067529 0.039043 0.05970601 0.07771957 0.1081807 0.1373129 0.117045 0.08339708 0.06563569 0.05403479 0.04326693 0.03720696 0.04625401 0.05661525 0.06545658 0.05789157 0.05444271 0.0495225 0.04279034 0.03373106 0.03261943 0.03075362 0.0292339 0.03274361 0.03347685 0.03551532 0.0340816 0.03215429 0.04542381 0.06807549 0.070674 0.06883113 0.05672117 0.0457272 0.03358166 0.03029037 0.02564321 0.01991935 0.004858237 0.004612989 0.005759528 0.00668239 0.006936577 0.005368232 0.004729882
0.01582173 0.01547468 0.01755607 0.02916526 0.03579226 0.03771227 0.03996449 0.03200635 0.02243831 0.02122009 0.02174728 0.02123213 0.02467143 0.03128715 0.04699728 0.08654662 0.09738258 0.1422353 0.1745896 0.2116479 0.3483587 0.2512642 0.08566032 0.06221075 0.04508613 0.04022171 0.03568895 0.04649058 0.04928565 0.07172196 0.1013832 0.1005846 0.08390103 0.05621876 0.03997953 0.03189422 0.02653971 0.02588428 0.02578878 0.02842246 0.02900109 0.02893127 0.02821046 0.02678309 0.03375101 0.05055636 0.05467844 0.04998896 0.04743379 0.03631886 0.02863985 0.03000677 0.02680563 0.01740875 0.004583803 0.005020319 0.004899585 0.005550783 0.005152927 0.004817656 0.00505687
0.01828282 0.01576192 0.01807019 0.0203743 0.02739626 0.03193107 0.04680987 0.05373082 0.05207275 0.03450507 0.03542054 0.03302222 0.0403314 0.04935558 0.05721016 0.1112438 0.1902906 0.298418 0.3484946 0.2710156 0.639363 0.2885197 0.08860603 0.06197343 0.04591241 0.04155469 0.0371228 0.03511297 0.05658051 0.09516706 0.2357728 0.3363393 0.1172944 0.06845342 0.03595942 0.029903 0.02526348 0.02275462 0.02374455 0.02329051 0.0231354 0.02323034 0.02104529 0.02318039 0.02658575 0.04585782 0.04674241 0.04769009 0.04026667 0.03112507 0.02769822 0.03205448 0.02510865 0.01326365 0.005301626 0.005499362 0.0046766 0.005760991 0.005329763 0.005200348 0.004563202
