LSCAM_InData/LSCAM_InData/precdriestmonth_aggr_cambodia.asc
ncols         292
nrows         251
xllcorner     800180
yllcorner     -2175230
cellsize      2000
NODATA_value  -9999
[rows 65 to 129 of 251, columns 0 to 95 of 292]
-9999 -9999 -9999 -9999 -9999 -9999 -9999 -9999 -9999 -9999 -9999 -9999 -9999 -9999 -9999 -9999 -9999 -9999 -9999 -9999 -9999 -9999 -9999 -9999 -9999 -9999 1 1 1 1 0.25 0 0 0 0 0 0 0 0 0 0 0 0 0 0 0 0 0 0 0 0 0 0 0 0 0 0 0 0 0 0 0 0 0 0 0 0 0 0 0 0 0 0 0 0 0 0 0 0 0 0 0 0 0 0 0 0 0 0 0 0 0 0 0 0 0
-9999 -9999 -9999 -9999 -9999 -9999 -9999 -9999 -9999 -9999 -9999 -9999 -9999 -9999 -9999 -9999 -9999 -9999 -9999 -9999 -9999 -9999 -9999 -9999 1 1 1 1 1 0.5 0 0 0 0 0 0 0 0 0 0 0 0 0 0 0 0 0 0 0 0 0 0 0 0 0 0 0 0 0 0 0 0 0 0 0 0 0 0 0 0 0 0 0 0 0 0 0 0 0 0 0 0 0 0 0 0 0 0 0 0 0 0 0 0 0 0
-9999 -9999 -9999 -9999 -9999 -9999 -9999 -9999 -9999 -9999 -9999 -9999 -9999 -9999 -9999 -9999 -9999 -9999 -9999 -9999 -9999 -9999 -9999 -9999 1 1 1 1 1 0.5 0 0 0 0 0 0 0 0 0 0 0 0 0 0 0 0 0 0 0 0 0 0 0 0 0 0 0 0 0 0 0 0 0 0 0 0 0 0 0 0 0 0 0 0 0 0 0 0 0 0 0 0 0 0 0 0 0 0 0 0 0 0 0 0 0 0
-9999 -9999 -9999 -9999 -9999 -9999 -9999 -9999 -9999 -9999 -9999 -9999 -9999 -9999 -9999 -9999 -9999 -9999 -9999 -9999 -9999 -9999 -9999 1 1 1 1 1 1 0 0 0 0 0 0 0 0 0 0 0 0 0 0 0 0 0 0 0 0 0 0 0 0 0 0 0 0 0 0 0 0 0 0 0 0 0 0 0 0 0 0 0 0 0 0 0 0 0 0 0 0 0 0 0 0 0 0 0 0 0 0 0 0 0 0 0
-9999 -9999 -9999 -9999 -9999 -9999 -9999 -9999 -9999 -9999 -9999 -9999 -9999 -9999 -9999 -9999 -9999 -9999 -9999 -9999 -9999 -9999 -9999 1 1 1 1 1 1 0 0 0 0 0 0 0 0 0 0 0 0 0 0 0 0 0 0 0 0 0 0 0 0 0 0 0 0 0 0 0 0 0 0 0 0 0 0 0 0 0 0 0 0 0 0 0 0 0 0 0 0 0 0 0 0 0 0 0 0 0 0 0 0 0 0 0
-9999 -9999 -9999 -9999 -9999 -9999 -9999 -9999 -9999 -9999 -9999 -9999 -9999 -9999 -9999 -9999 -9999 -9999 -9999 -9999 -9999 -9999 -9999 1 1 1 1 1 0.5 0 0 0 0 0 0 0 0 0 0 0 0 0 0 0 0 0 0 0 0 0 0 0 0 0 0 0 0 0 0 0 0 0 0 0 0 0 0 0 0 0 0 0 0 0 0 0 0 0 0 0 0 0 0 0 0 0 0 0 0 0 0 0 0 0 0 0
-9999 -9999 -9999 -9999 -9999 -9999 -9999 -9999 -9999 -9999 -9999 -9999 -9999 -9999 -9999 -9999 -9999 -9999 -9999 -9999 -9999 -9999 1 1 1 1 1 1 0.25 0 0 0 0 0 0 0 0 0 0 0 0 0 0 0 0 0 0 0 0 0 0 0 0 0 0 0 0 0 0 0 0 0 0 0 0 0 0 0 0 0 0 0 0 0 0 0 0 0 0 0 0 0 0 0 0 0 0 0 0 0 0 0 0 0 0 0
-9999 -9999 -9999 -9999 -9999 -9999 -9999 -9999 -9999 -9999 -9999 -9999 -9999 -9999 -9999 -9999 -9999 -9999 -9999 -9999 -9999 -9999 1 1 1 1 1 1 0 0 0 0 0 0 0 0 0 0 0 0 0 0 0 0 0 0 0 0 0 0 0 0 0 0 0 0 0 0 0 0 0 0 0 0 0 0 0 0 0 0 0 0 0 0 0 0 0 0 0 0 0 0 0 0 0 0 0 0 0 0 0 0 0 0 0 0
-9999 -9999 -9999 -9999 -9999 -9999 -9999 -9999 -9999 -9999 -9999 -9999 -9999 -9999 -9999 -9999 -9999 -9999 -9999 -9999 -9999 -9999 1 1 1 1 1 1 0.75 0 0 0 0 0 0 0 0 0 0 0 0 0 0 0 0 0 0 0 0 0 0 0 0 0 0 0 0 0 0 0 0 0 0 0 0 0 0 0 0 0 0 0 0 0 0 0 0 0 0 0 0 0 0 0 0 0 0 0 0 0 0 0 0 0 0 0
-9999 -9999 -9999 -9999 -9999 -9999 -9999 -9999 -9999 -9999 -9999 -9999 -9999 -9999 -9999 -9999 -9999 -9999 -9999 -9999 -9999 1 1 1 1 1 1 1 1 0.25 0 0 0 0 0 0 0 0 0 0 0 0 0 0 0 0 0 0 0 0 0 0 0 0 0 0 0 0 0 0 0 0 0 0 0 0 0 0 0 0 0 0 0 0 0 0 0 0 0 0 0 0 0 0 0 0 0 0 0.25 0 0 0 0 0 0 0
-9999 -9999 -9999 -9999 -9999 -9999 -9999 -9999 -9999 -9999 -9999 -9999 -9999 -9999 -9999 -9999 -9999 -9999 -9999 -9999 -9999 1 1 1 1 1 1 1 1 0.75 0.25 0 0 0 0 0 0 0 0 0 0 0 0 0 0 0 0 0 0 0 0 0 0 0 0 0 0 0 0 0 0 0 0 0 0 0 0 0 0 0 0 0 0 0 0 0 0 0 0 0 0 0 0 0 0 0 0 0 0 0 0 0 0 0 0 0
-9999 -9999 -9999 -9999 -9999 -9999 -9999 -9999 -9999 -9999 -9999 -9999 -9999 -9999 -9999 -9999 -9999 -9999 -9999 -9999 2 1.25 1 1 1 1 1 1 1 1 1 1 0.5 0.5 0.5 0.5 0.5 0.5 0.5 0.5 0.5 0.5 0.5 0.5 0.5 0.5 0.75 0.5 0.5 0.5 0.5 0.5 0.5 0.25 0 0 0 0 0 0 0 0 0 0 0 0 0 0 0 0 0 0 0 0 0 0 0 0 0 0 0 0 0 0 0 0 0 0 0 0 0 0 0.25 1 0.5 0
-9999 -9999 -9999 -9999 -9999 -9999 -9999 -9999 -9999 -9999 -9999 -9999 -9999 -9999 -9999 -9999 -9999 -9999 -9999 -9999 2 2 1 1 1 1 1 1 1 1 1 1 1 1 1 1 1 1 1 1 1 1 1 1 1 1 1 1 1 1 1 1 1 1 1 1 1 1 0.75 0.5 0 0.25 0 0 0 0 0 0 0 0 0 0 0 0 0 0 0 0 0 0 0 0 0 0 0 0 0 0 0 0 0 0 0.25 1 1 0.75
-9999 -9999 -9999 -9999 -9999 -9999 -9999 -9999 -9999 -9999 -9999 -9999 -9999 -9999 -9999 -9999 -9999 -9999 -9999 2 2 2 1.5 1 1 1 1 1 1 1 1 1 1 1 1 1 1 1 1 1 1 1 1 1 1 1 1 1 1 1 1 1 1 1 1 1 1 1 1 1 1 1 1 0.5 0.25 0 0 0 0 0 0 0 0 0 0 0 0 0 0 0 0 0 0 0 0 0 0 0 0 0 0 0 0 0.75 0.5 0.75
-9999 -9999 -9999 -9999 -9999 -9999 -9999 -9999 -9999 -9999 -9999 -9999 -9999 -9999 -9999 -9999 -9999 2.5 2 2 2 2 2 1.25 1 1 1 1 1 1 1 1 1 1 1 1 1 1 1 1 1 1 1 1 1 1 1 1 1 1 1 1 1 1 1 1 1 1 1 1 1 1 1 1 1 1 1 0.5 0.25 0 0 0 0 0 0 0 0 0 0 0 0 0 0 0 0 0 0 0 0 0 0 0 0 0 0.25 0.5
-9999 -9999 -9999 -9999 -9999 -9999 -9999 -9999 -9999 -9999 -9999 -9999 -9999 -9999 -9999 3 3 3 2 2 2 2 2 2 1.25 1 1 1 1 1 1 1 1 1 1 1 1 1 1 1 1 1 1 1 1 1 1 1 1 1 1 1 1 1 1 1 1 1 1 1 1 1 1 1 1 1 1 1 1 1 0.75 0.25 0 0 0 0 0 0 0 0 0 0 0 0 0 0 0 0 0 0 0 0 0 0 0.25 0.5
-9999 -9999 -9999 -9999 -9999 -9999 -9999 -9999 -9999 -9999 -9999 -9999 -9999 -9999 3 3 3 3 2.5 2 2 2 2 2 1.75 1 1 1 1 1 1 1 1 1 1 1 1 1 1 1 1 1 1 1 1 1 1 1 1 1 1 1 1 1 1 1 1 1 1 1 1 1 1 1 1 1 1 1 1 1 1 1 0.75 0.5 0.25 0 0 0 0 0 0 0 0 0 0 0 0 0 0 0 0 0 0 0.25 0.75 1
-9999 -9999 -9999 -9999 -9999 -9999 -9999 -9999 -9999 -9999 -9999 -9999 4 4 3.5 3 3 3 3 2.25 2 2 2 2 2 2 1.25 1 1 1 1 1 1 1 1 1 1 1 1 1 1 1 1 1 1 1 1 1 1 1 1 1 1 1 1 1 1 1 1 1 1 1 1 1 1 1 1 1 1 1 1 1 1 1 1 0.5 0 0 0 0 0 0 0 0 0 0 0 0 0 0 0 0 0 0 0 0.75
-9999 -9999 -9999 -9999 -9999 -9999 -9999 -9999 -9999 -9999 -9999 -9999 4 4 3.5 3 3 3 3 2.75 2 2 2 2 2 2 2 1.25 1 1 1 1 1 1 1 1 1 1 1 1 1 1 1 1 1 1 1 1 1 1 1 1 1 1 1 1 1 1 1 1 1 1 1 1 1 1 1 1 1 1 1 1 1 1 1 1 1 0.25 0 0 0 0 0 0 0 0 0 0 0 0 0 0 0 0 0 0.25
-9999 -9999 -9999 -9999 -9999 -9999 -9999 -9999 -9999 -9999 -9999 4 4 4 4 3.25 3 3 3 3 2.25 2 2 2 2 2 2 2 1.25 1 1 1 1 1 1 1 1 1 1 1 1 1 1 1 1 1 1 1 1 1 1 1 1 1 1 1 1 1 1 1 1 1 1 1 1 1 1 1 1 1 1 1 1 1 1 1 1 1 0.5 0 0 0 0 0 0 0 0 0 0 0 0 0 0 0 0 0
-9999 -9999 -9999 -9999 -9999 -9999 -9999 -9999 -9999 -9999 -9999 -9999 -9999 4 4 3.75 3 3 3 3 3 2.25 2 2 2 2 2 2 2 1.75 1.25 1 1 1 1 1 1 1 1 1 1 1 1 1 1 1 1 1 1 1 1 1 1 1 1 1 1 1 1 1 1 1 1 1 1 1 1 1 1 1 1 1 1 1 1 1 1 1 1 1 0 0 0 0 0 0 0 0 0 0 0 0 0 0 0 0
-9999 -9999 -9999 -9999 -9999 -9999 -9999 -9999 -9999 -9999 -9999 -9999 -9999 -9999 -9999 4 3 3 3 3 3 3 2 2 2 2 2 2 2 2 2 1.75 1.25 1 1 1 1 1 1 1 1 1 1 1 1 1 1 1 1 1 1 1 1 1 1 1 1 1 1 1 1 1 1 1 1 1 1 1 1 1 1 1 1 1 1 1 1 1 1 1 0.75 0 0 0 0 0 0 0 0 0 0 0 0 0 0 0
-9999 -9999 -9999 -9999 -9999 -9999 -9999 -9999 -9999 -9999 -9999 -9999 -9999 4 4 4 3.5 3 3 3 3 3 2.75 2 2 2 2 2 2 2 2 2 2 1.75 1.25 1 1 1 1 1 1 1 1 1 1 1 1 1 1 1 1 1 1 1 1 1 1 1 1 1 1 1 1 1 1 1 1 1 1 1 1 1 1 1 1 1 1 1 1 1 1 0.75 0 0 0 0 0 0 0 0 0 0 0 0 0 0
-9999 -9999 -9999 -9999 -9999 -9999 -9999 -9999 -9999 -9999 -9999 -9999 4 4 4 4 4 3.25 3 3 3 3 3 2.75 2 2 2 2 2 2 2 2 2 2 2 2 1.75 1.5 1 1 1 1 1 1 1 1 1 1 1 1 1 1 1 1 1 1 1 1 1 1 1 1 1 1 1 1 1 1 1 1 1 1 1 1 1 1 1 1 1 1 1 1 0.5 0 0 0 0 0 0 0 0 0 0 0 0 0
-9999 -9999 -9999 -9999 -9999 -9999 -9999 -9999 5 5 5 4.25 4 4 4 4 4 4 3 3 3 3 3 3 2.75 2 2 2 2 2 2 2 2 2 2 2 2 2 2 2 1.5 1.25 1 1 1 1 1 1 1 1 1 1 1 1 1 1 1 1 1 1 1 1 1 1 1 1 1 1 1 1 1 1 1 1 1 1 1 1 1 1 1 1 1 0 0 0 0 0 0 0 0 0 0 0 0 0
-9999 6 6 6 5.75 5 5 5 5 5 5 5 4.25 4 4 4 4 4 3.75 3 3 3 3 3 3 2.75 2 2 2 2 2 2 2 2 2 2 2 2 2 2 2 2 2 1.5 1.75 1.5 1 1 1 1 1 1 1 1 1 1 1 1 1 1 1 1 1 1 1 1 1 1 1 1 1 1 1 1 1 1 1 1 1 1 1 1 1 0.25 0 0 0 0 0 0 0 0 0 0 0 0
6 6 6 6 6 5.25 5 5 5 5 5 5 4.75 4 4 4 4 4 4 3.75 3 3 3 3 3 3 3 2.75 2 2 2 2 2 2 2 2 2 2 2 2 2 2 2 2 2 2 2 1.75 1.5 1.75 1.5 1 1 1 1 1 1 1 1 1 1 1 1 1 1 1 1 1 1 1 1 1 1 1 1 1 1 1 1 1 1 1 1 0.5 0 0 0 0 0 0 0 0 0 0 0 0
-9999 6 6 6 6 6 5 5 5 5 5 5 5 4.5 4 4 4 4 4 4 3.5 3 3 3 3 3 3 3 2.75 2.25 2 2 2 2 2 2 2 2 2 2 2 2 2 2 2 2 2 2 2 2 2 2 1.5 1.5 1 1 1 1 1 1 1 1 1 1 1 1 1 1 1 1 1 1 1 1 1 1 1 1 1 1 1 1 1 0.25 0 0 0 0 0 0 0 0 0 0 0 0
-9999 -9999 6 6 6 6 5.75 5 5 5 5 5 5 5 4.5 4 4 4 4 4 4 3.25 3 3 3 3 3 3 3 3 2.75 2.25 2 2 2 2 2 2 2 2 2 2 2 2 2 2 2 2 2 2 2 2 2 2 2 1.5 1.25 1 1 1 1 1 1 1 1 1 1 1 1 1 1 1 1 1 1 1 1 1 1 1 1 1 0.75 0 0 0 0 0 0 0 0 0 0 0 0 0
-9999 -9999 6 6 6 6 6 5.25 5 5 5 5 5 5 5 4.25 4 4 4 4 4 4 3.75 3 3 3 3 3 3 3 3 3 2.75 2.5 2 2 2 2 2 2 2 2 2 2 2 2 2 2 2 2 2 2 2 2 2 2 2 2 1.25 1 1 1 1 1 1 1 1 1 1 1 1 1 1 1 1 1 1 1 1 1 1 1 0.5 0 0 0 0 0 0 0 0 0 0 0 0 0.5
-9999 -9999 6 6 6 6 6 6 5.25 5 5 5 5 5 5 4.75 4 4 4 4 4 4 4 3.75 3 3 3 3 3 3 3 3 3 3 3 2.5 2 2 2 2 2 2 2 2 2 2 2 2 2 2 2 2 2 2 2 2 2 2 2 1.75 1 1 1 1 1 1 1 1 1 1 1 1 1 1 1 1 1 1 1 1 1 1 0.5 0 0 0 0 0 0 0 0 0 0 0 0.75 1
-9999 -9999 6 6 6 6 6 6 5.75 5.25 5 5 5 5 5 5 5 4.25 4 4 4 4 4 4 4 3.25 3 3 3 3 3 3 3 3 3 3 3 2.5 2.5 2.25 2 2 2 2 2 2 2 2 2 2 2 2 2 2 2 2 2 2 2 2 2 1.75 1.25 1 1 1 1 1 1 1 1 1 1 1 1 1 1 1 1 1 1 1 1 0.25 0 0 0 0 0 0 0 0 0.25 1 1 1
-9999 -9999 6 6 6 6 6 6 6 6 5 5 5 5 5 5 5 5 4.25 4 4 4 4 4 4 4 3.75 3.25 3 3 3 3 3 3 3 3 3 3 3 3 2.75 2.5 2.25 2 2 2 2 2 2 2 2 2 2 2 2 2 2 2 2 2 2 2 2 1.25 1 1 1 1 1 1 1 1 1 1 1 1 1 1 1 1 1 1 1 1 0.25 0.5 0 0 0 0.25 0.5 1 1 1 1 1
-9999 -9999 6.25 6 6 6 6 6 6 6 5.75 5 5 5 5 5 5 5 5 4.25 4 4 4 4 4 4 4 4 3.5 3 3 3 3 3 3 3 3 3 3 3 3 3 3 3 2.5 2 2 2 2 2 2 2 2 2 2 2 2 2 2 2 2 2 2 2 1.75 1 1 1 1 1 1 1 1 1 1 1 1 1 1 1 1 1 1 1 1 1 1 1 1 1 1 1 1 1 1 1
-9999 -9999 7 6.75 6 6 6 6 6 6 6 5.75 5.25 5 5 5 5 5 5 5 4.5 4 4 4 4 4 4 4 4 3.5 3.5 3 3 3 3 3 3 3 3 3 3 3 3 3 3 3 3 2.75 2.25 2 2 2 2 2 2 2 2 2 2 2 2 2 2 2 2 2 1.25 1 1 1 1 1 1 1 1 1 1 1 1 1 1 1 1 1 1 1 1 1 1 1 1 1 1 1 1 1
-9999 -9999 7 7 6.75 6 6 6 6 6 6 6 6 5.25 5 5 5 5 5 5 5 4.75 4 4 4 4 4 4 4 4 4 4 3.5 3 3 3 3 3 3 3 3 3 3 3 3 3 3 3 3 3 2.5 2 2 2 2 2 2 2 2 2 2 2 2 2 2 2 2 1.25 1 1 1 1 1 1 1 1 1 1 1 1 1 1 1 1 1 1 1 1 1 1 1 1 1 1 1 1
-9999 -9999 7 7 7 6.75 6 6 6 6 6 6 6 6 5.25 5 5 5 5 5 5 5 5 4.25 4 4 4 4 4 4 4 4 4 4 3.5 3 3 3 3 3 3 3 3 3 3 3 3 3 3 3 3 3 2.5 2 2 2 2 2 2 2 2 2 2 2 2 2 2 2 1.5 1 1 1 1 1 1 1 1 1 1 1 1 1 1 1 1 1 1 1 1 1 1 1 1 1 1 1
-9999 -9999 7 7 7 7 6.75 6.25 6 6 6 6 6 6 6 5.5 5 5 5 5 5 5 5 5 4.5 4 4 4 4 4 4 4 4 4 4 4 3.5 3.5 3.25 3 3 3 3 3 3 3 3 3 3 3 3 3 3 3 2.5 2.25 2 2 2 2 2 2 2 2 2 2 2 2 2 1.75 1 1 1 1 1 1 1 1 1 1 1 1 1 1 1 1 1 1 1 1 1 1 1 1 1 1
-9999 -9999 7 7 7 7 7 7 6.25 6 6 6 6 6 6 6 5.75 5.25 5 5 5 5 5 5 5 5 4.75 4 4 4 4 4 4 4 4 4 4 4 4 3.75 3.5 3 3 3 3 3 3 3 3 3 3 3 3 3 3 3 2.25 2 2 2 2 2 2 2 2 2 2 2 2 2 1.75 1 1 1 1 1 1 1 1 1 1 1 1 1 1 1 1 1 1 1 1 1 1 1 1 1
-9999 -9999 7 7 7 7 7 7 7 6.75 6 6 6 6 6 6 6 6 5.25 5 5 5 5 5 5 5 5 5 4.5 4 4 4 4 4 4 4 4 4 4 4 4 4 4 3.5 3.25 3 3 3 3 3 3 3 3 3 3 3 3 2.75 2.25 2 2 2 2 2 2 2 2 2 2 2 2 1.75 1.25 1 1 1 1 1 1 1 1 1 1 1 1 1 1 1 1 1 1 1 1 1 1 1
-9999 -9999 7.25 7 7 7 7 7 7 7 6.75 6.25 6 6 6 6 6 6 6 6 5.25 5 5 5 5 5 5 5 5 4.5 4.75 4.25 4 4 4 4 4 4 4 4 4 4 4 4 4 3.75 3.5 3.5 3 3 3 3 3 3 3 3 3 3 3 2.5 2 2 2 2 2 2 2 2 2 2 2 2 2 1.25 1 1 1 1 1 1 1 1 1 1 1 1 1 1 1 1 1 1 1 1 1 1
-9999 -9999 -9999 7.75 7 7 7 7 7 7 7 7 6.5 6 6 6 6 6 6 6 6 5.5 5 5 5 5 5 5 5 5 5 5 4.75 4.25 4 4 4 4 4 4 4 4 4 4 4 4 4 4 4 3.5 3 3 3 3 3 3 3 3 3 3 2.75 2 2 2 2 2 2 2 2 2 2 2 2 2 1.25 1 1 1 1 1 1 1 1 1 1 1 1 1 1 1 1 1 1 1 1 1
-9999 -9999 -9999 8 7.75 7 7 7 7 7 7 7 7 6.5 6 6 6 6 6 6 6 6 6 5.25 5 5 5 5 5 5 5 5 5 5 4.75 4.5 4 4 4 4 4 4 4 4 4 4 4 4 4 4 4 3.25 3 3 3 3 3 3 3 3 3 3 2.25 2 2 2 2 2 2 2 2 2 2 2 2 1.75 1.25 1 1 1 1 1 1 1 1 1 1 1 1 1 1 1 1 1 1 1
-9999 -9999 -9999 -9999 8 8 7.75 7 7 7 7 7 7 7 6.75 6.5 6 6 6 6 6 6 6 6 5.75 5.5 5 5 5 5 5 5 5 5 5 5 5 4.5 4.75 4.25 4 4 4 4 4 4 4 4 4 4 4 4 4 3.25 3 3 3 3 3 3 3 3 3 2.25 2 2 2 2 2 2 2 2 2 2 2 2 2 1.25 1 1 1 1 1 1 1 1 1 1 1 1 1 1 1 1 1 1
-9999 -9999 -9999 -9999 8 8 8 8 7.25 7 7 7 7 7 7 7 6.75 6 6 6 6 6 6 6 6 6 6 5.5 5 5 5 5 5 5 5 5 5 5 5 5 5 4.5 4.5 4 4 4 4 4 4 4 4 4 4 4 3.25 3 3 3 3 3 3 3 3 3 2.5 2 2 2 2 2 2 2 2 2 2 2 2 2 1.75 1.5 1 1 1 1 1 1 1 1 1 1 1 1 1 1 1 1
-9999 -9999 -9999 -9999 -9999 8 8 8 8 7.75 7 7 7 7 7 7 7 7 6.5 6.25 6 6 6 6 6 6 6 6 6 5.5 5.5 5 5 5 5 5 5 5 5 5 5 5 5 5 4.75 4.5 4.5 4.25 4 4 4 4 4 4 4 3.5 3 3 3 3 3 3 3 3 3 2.75 2 2 2 2 2 2 2 2 2 2 2 2 2 2 1.75 1.25 1 1 1 1 1 1 1 1 1 1 1 1 1 1
-9999 -9999 -9999 -9999 -9999 8 8 8 8 8 7.75 7.5 7 7 7 7 7 7 7 7 6.75 6.25 6 6 6 6 6 6 6 6 6 6 5.5 5 5 5 5 5 5 5 5 5 5 5 5 5 5 5 4.75 4.25 4 4 4 4 4 4 3.75 3 3 3 3 3 3 3 3 3 2.75 2 2 2 2 2 2 2 2 2 2 2 2 2 2 2 1.75 1.5 1.5 1 1 1 1 1 1 1 1 1 1 1
-9999 -9999 -9999 -9999 -9999 8 8 8 8 8 8 8 8 7.25 7 7 7 7 7 7 7 7 6.5 6.25 6 6 6 6 6 6 6 6 6 6 5.75 5.5 5 5 5 5 5 5 5 5 5 5 5 5 5 5 4.25 4 4 4 4 4 4 3.75 3 3 3 3 3 3 3 3 3 3 2 2 2 2 2 2 2 2 2 2 2 2 2 2 2 2 2 2 1.75 2 1.75 1.5 1.5 1.5 2 2 2 2
-9999 -9999 -9999 -9999 -9999 -9999 8.25 8 8 8 8 8 8 8 7.75 7.25 7 7 7 7 7 7 7 7 6.75 6 6 6 6 6 6 6 6 6 6 6 6 5.5 5.5 5 5 5 5 5 5 5 5 5 5 5 5 4.5 4 4 4 4 4 4 3.75 3.25 3 3 3 3 3 3 3 3 2.75 2 2 2 2 2 2 2 2 2 2 2 2 2 2 2 2 2 2 2 2 2 2 2 2 2 2 2
-9999 -9999 -9999 -9999 -9999 -9999 -9999 9 8.5 8 8 8 8 8 8 8 8 7.25 7 7 7 7 7 7 7 7 7 6.5 6 6 6 6 6 6 6 6 6 6 6 5.75 5 5 5 5 5 5 5 5 5 5 5 5 4.25 4 4 4 4 4 4 3.75 3 3 3 3 3 3 3 3 3 2.75 2 2 2 2 2 2 2 2 2 2 2 2 2 2 2 2 2 2 2 2 2 2 2 2 2 2
-9999 -9999 -9999 -9999 -9999 -9999 -9999 9 9 9 8.5 8 8 8 8 8 8 8 7.75 7.25 7 7 7 7 7 7 7 7 7 6.5 6 6 6 6 6 6 6 6 6 6 5.75 5.75 5.75 5.25 5 5 5 5 5 5 5 5 5 4.25 4 4 4 4 4 4 3.75 3 3 3 3 3 3 3 3 3 3 2.25 2 2 2 2 2 2 2 2 2 2 2 2 2 2 2 2 2 2 2 2 2 2 2 2
-9999 -9999 -9999 -9999 -9999 -9999 -9999 -9999 -9999 9 9 8.75 8.5 8 8 8 8 8 8 8 7.75 7 7 7 7 7 7 7 7 7 7 6.75 6.25 6 6 6 6 6 6 6 6 6 6 6 5.75 5.5 5 5 5 5 5 5 5 5 4.25 4 4 4 4 4 4 4 3.25 3 3 3 3 3 3 3 3 3 2.25 2 2 2 2 2 2 2 2 2 2 2 2 2 2 2 2 2 2 2 2 2 2 2
-9999 -9999 -9999 -9999 -9999 -9999 -9999 -9999 -9999 -9999 9 9 9 8.75 8.25 8 8 8 8 8 8 8 7.5 7.25 7 7 7 7 7 7 7 7 7 7 7 6.5 6 6 6 6 6 6 6 6 6 6 5.75 5.25 5 5 5 5 5 5 5 4.25 4 4 4 4 4 4 3.75 3 3 3 3 3 3 3 3 3 3 2.75 2.25 2 2 2 2 2 2 2 2 2 2 2 2 2 2 2 2 2 2 2 2 2
-9999 -9999 -9999 -9999 -9999 -9999 -9999 -9999 -9999 -9999 9 9 9 9 9 8.75 8 8 8 8 8 8 8 8 7.75 7 7 7 7 7 7 7 7 7 7 7 7 6.5 6 6 6 6 6 6 6 6 6 6 5.25 5 5 5 5 5 5 4.75 4.25 4 4 4 4 4 4 3.75 3.25 3 3 3 3 3 3 3 3 3 3 2.25 2 2 2 2 2 2 2 2 2 2 2 2 2 2 2 2 2 2 2 2
-9999 -9999 -9999 -9999 -9999 -9999 -9999 -9999 -9999 -9999 -9999 9 9 9 9 9 9 8.5 8 8 8 8 8 8 8 8 7.5 7.25 7 7 7 7 7 7 7 7 7 7 7 7 6.5 6 6 6 6 6 6 6 6 5.75 5 5 5 5 5 5 5 4.25 4 4 4 4 4 4 4 3 3 3 3 3 3 3 3 3 3 3 2.5 2 2 2 2 2 2 2 2 2 2 2 2 2 2 2 2 2 2 2
-9999 -9999 -9999 -9999 -9999 -9999 -9999 -9999 -9999 -9999 -9999 -9999 -9999 9 9 9 9 9 8.75 8 8 8 8 8 8 8 8 8 7 7 7 7 7 7 7 7 7 7 7 7 7 6.75 6.5 6 6 6 6 6 6 6 5.75 5 5 5 5 5 5 4.75 4 4 4 4 4 4 4 3.75 3 3 3 3 3 3 3 3 3 3 3 3 2.25 2 2 2 2 2 2 2 2 2 2 2 2 2 2 2 2 2
-9999 -9999 -9999 -9999 -9999 -9999 -9999 -9999 -9999 -9999 -9999 10 10 9 9 9 9 9 9 9 8.25 8 8 8 8 8 8 8 7.5 7 7.25 7.25 7.25 7 7 7 7 7 7 7 7 7 7 6.5 6 6 6 6 6 6 6 5.25 5 5 5 5 5 5 5 4.25 4 4 4 4 4 4 4 3.25 3 3 3 3 3 3 3 3 3 3 3 2.75 2.25 2 2 2 2 2 2 2 2 2 2 2 2 2 2.25 2.5
-9999 -9999 -9999 -9999 -9999 -9999 -9999 -9999 -9999 -9999 -9999 10 10 9.5 9.5 9 9 9 9 9 8.5 8 8 8 8 8 8 8 8 8 8 8 8 8 7.5 7.5 7 7 7 7 7 7 7 7 6.5 6 6 6 6 6 6 6 5.75 5 5 5 5 5 5 4.75 4 4 4 4 4 4 4 4 3 3 3 3 3 3 3 3 3 3 3 3 3 2.75 2.5 2.25 2 2 2 2 2 2 2 2 2.5 2.75 3 3
-9999 -9999 -9999 -9999 -9999 -9999 -9999 -9999 -9999 -9999 -9999 10 10 10 10 9.75 9 9 9 9 9 8.75 8.5 9 9 8.75 8 8 8 8 8 8 8 8 8 8 8 7.5 7 7 7 7 7 7 7 7 6.25 6 6 6 6 6 6 5.75 5 5 5 5 5 5 4.75 4 4 4 4 4 4 4 3.75 3.25 3 3 3 3 3 3 3 3 3 3 3 3 3 3 3 2.75 2.5 2.75 3 3 3 3 3 3 3 3
-9999 -9999 -9999 -9999 -9999 -9999 -9999 -9999 -9999 -9999 -9999 10.66667 10 10 10 10 10 9 9 9 9 9 9 9 9 9 9 8.5 8.5 8.25 8 8 8 8 8 8 7.75 8 8 7.75 7.25 7 7 7 7 7 7 6.25 6 6 6 6 6 5.75 5.5 5 5 5 5 5 5 4.75 4 4 4 4 4 4 4 4 3 3 3 3 3 3 3 3 3 3 3 3 3 3 3 3 3 3 3 3 3 3 3 3 3 3
-9999 -9999 -9999 -9999 -9999 -9999 -9999 -9999 -9999 -9999 -9999 -9999 10.25 10 10 10 10 9.75 9.25 9 9 9 9 9 9 9 9 9 9 9 9 8.5 8.75 8.25 8 8 8 8 8 8 8 7.75 7.25 7 7 7 7 7 6.75 6 6 6 6 6 6 5.75 5 5 5 5 5 5 4.5 4 4 4 4 4 4 4 3.75 3 3 3 3 3 3 3 3 3 3 3 3 3 3 3 3 3 3 3 3 3 3 3 3 3
-9999 -9999 -9999 -9999 -9999 -9999 -9999 -9999 -9999 -9999 -9999 -9999 11 10.75 10 10 10 10 10 9.75 9.5 9 9 9 9 9 9 9 9 9 9 9 9 9 8.75 8.5 8 8 8 8 8 8 8 7.5 7 7 7 7 7 6.75 6 6 6 6 6 6 5.5 5 5 5 5 5 5 4.5 4 4 4 4 4 4 4 4 3 3 3 3 3 3 3 3 3 3 3 3 3 3 3 3 3 3 3 3 3 3 3 3
-9999 -9999 -9999 -9999 -9999 -9999 -9999 -9999 -9999 -9999 -9999 -9999 11 11 10.75 10 10 10 10 10 10 10 10 9.75 9.75 10 9.75 9.5 9 9 9 9 9 9 9 9 9 8.5 8 8 8 8 8 8 7.25 7 7 7 7 7 6.75 6.25 6 6 6 6 6 5.75 5 5 5 5 5 5 4.25 4 4 4 4 4 4 4 3.75 3 3 3 3 3 3 3 3 3 3 3 3 3 3 3 3 3 3 3 3 3 3 3
-9999 -9999 -9999 -9999 -9999 -9999 -9999 -9999 -9999 -9999 -9999 -9999 11.33333 11 11 11 10.5 10 10 10 10 10 10 10 10 10 10 10 10 9.75 9.5 9.25 9 9 9 9 9 9 9 8.5 8 8 8 8 8 8 7.25 7 7 7 7 7 6.25 6 6 6 6 6 5.25 5 5 5 5 5 5 4 4 4 4 4 4 4 4 4 3 3 3 3 3 3 3 3 3 3 3 3 3 3 3 3 3 3 3 3 3 3
-9999 -9999 -9999 -9999 -9999 -9999 -9999 -9999 -9999 -9999 -9999 -9999 -9999 12 11 11 11 11 10.5 10 10 10 10 10 10 10 10 10 10 10 10 10 9.75 9.5 9.25 9 9 8 9 9 8.75 8.25 8 8 8 8 8 7.25 7 7 7 7 7 6.25 6 6 6 6 6 5.25 5 5 5 5 5 4.75 4 4 4 4 4 4 4 4 3.75 3 3 3 3 3 3 3 3 3 3 3 3 3 3 3 3 3 3 3 3 3
