LSCAM_InData/LSCAM_InData/riverflood_100yrs_cambodia.asc
ncols         292
nrows         251
xllcorner     800180
yllcorner     -2175230
cellsize      2000
NODATA_value  -9999
[rows 72 to 107 of 251, columns 0 to 81 of 292]
-9999 -9999 -9999 -9999 -9999 -9999 -9999 -9999 -9999 -9999 -9999 -9999 -9999 -9999 -9999 -9999 -9999 -9999 -9999 -9999 -9999 -9999 0 0 0 0 0 0 0 0 0 0 0 78.20166 109.3295 167.5536 220.6302 0 0 0 0 0 0 0 0 0 9.226563 19.8053 36.61148 101.7093 190.467 188.9553 135.2125 0 0 21.81668 51.29155 99.10063 28.14827 21.11177 19.81628 0 0 0 0 0 0 0 0 0 41.20757 92.95255 111.5386 0 0 0 0 0 0 0 0 0
-9999 -9999 -9999 -9999 -9999 -9999 -9999 -9999 -9999 -9999 -9999 -9999 -9999 -9999 -9999 -9999 -9999 -9999 -9999 -9999 -9999 -9999 0 0 0 0 0 0 0 0 0 31.63393 55.34622 86.5968 69.21935 184.2613 305.0336 0 0 0 0 0 0 0 7.908483 34.75431 41.29024 33.58013 62.22387 128.5692 143.9801 165.917 83.51604 18.58493 16.69451 31.79323 58.63791 124.7001 47.07376 43.88275 34.96755 0 0 0 0 0 0 0 0 73.75225 125.5732 87.86105 19.11217 0 0 0 0 0 0 0 0 0
-9999 -9999 -9999 -9999 -9999 -9999 -9999 -9999 -9999 -9999 -9999 -9999 -9999 -9999 -9999 -9999 -9999 -9999 -9999 -9999 -9999 0 0 0 0 0 0 0 0 0 0 70.89514 69.68054 33.00928 49.86234 77.51145 150.7432 0 0 0 0 0 0 15.32927 17.02322 32.3323 50.54024 40.88087 60.58433 112.5681 83.59089 77.33246 9.720843 13.25403 18.06492 38.2961 54.16533 113.4006 91.73654 53.95394 33.48723 27.03163 11.86272 0 0 0 0 0 46.10394 74.3133 94.00444 0 0 0 0 0 0 0 0 0 0 0
-9999 -9999 -9999 -9999 -9999 -9999 -9999 -9999 -9999 -9999 -9999 -9999 -9999 -9999 -9999 -9999 -9999 -9999 -9999 -9999 -9999 0 0 0 0 0 0 0 0 0 0 86.28297 79.73004 24.03895 24.02294 127.4553 0 0 0 0 0 0 0 32.47274 26.38959 32.93329 73.03621 46.25627 58.85341 0 88.07307 96.30755 7.203826 10.14015 15.04231 25.24088 60.79747 77.96894 59.43143 33.11127 53.79079 43.74131 0 0 0 0 0 43.30264 70.01758 82.9318 69.71838 0 0 0 0 0 0 0 0 0 0 0
-9999 -9999 -9999 -9999 -9999 -9999 -9999 -9999 -9999 -9999 -9999 -9999 -9999 -9999 -9999 -9999 -9999 -9999 -9999 -9999 43.17664 161.8253 10.54464 59.43143 0 0 0 0 0 0 23.72545 49.55799 63.23193 0 0 0 0 0 0 0 0 0 0 53.11638 0 27.15065 22.66695 23.92057 70.11727 68.78909 25.37305 62.81256 49.88227 13.10583 17.09016 28.92679 54.37701 53.46441 53.54398 62.35175 73.52604 27.30433 0 0 0 0 0 62.84966 53.92458 0 0 0 0 0 0 0 0 0 0 0 0 0
-9999 -9999 -9999 -9999 -9999 -9999 -9999 -9999 -9999 -9999 -9999 -9999 -9999 -9999 -9999 -9999 -9999 -9999 -9999 -9999 43.27071 113.8139 91.75729 59.43143 43.07905 80.9377 0 0 0 21.44794 23.78237 50.09222 56.57373 15.5424 0 0 0 0 0 0 0 0 0 0 0 0 9.657523 13.0319 69.00356 20.48087 0 12.19081 64.44158 47.9419 71.4846 68.18367 55.49804 41.53039 84.85089 77.77998 52.72833 24.93701 0 0 0 0 0 76.14856 54.32357 0 0 0 0 0 0 0 0 0 0 0 0 0
-9999 -9999 -9999 -9999 -9999 -9999 -9999 -9999 -9999 -9999 -9999 -9999 -9999 -9999 -9999 -9999 -9999 -9999 -9999 0 0 0 0 0 10.97377 54.42304 67.79915 43.69623 98.09766 65.52129 43.70734 28.65021 83.69086 17.7392 0 0 0 0 0 0 0 0 0 0 0 0 11.91436 11.29418 58.51642 10.54464 10.02458 14.89789 12.4604 31.54863 129.8649 104.4648 73.61451 100.8823 92.44888 61.74902 27.72288 12.52176 0 0 0 0 0 82.80782 0 0 0 0 0 0 0 0 0 0 0 0 0 0
-9999 -9999 -9999 -9999 -9999 -9999 -9999 -9999 -9999 -9999 -9999 -9999 -9999 -9999 -9999 -9999 -9999 0 0 0 0 0 0 0 0 0 36.24721 58.61176 82.21519 72.49842 59.8278 40.9319 85.79226 0 0 0 0 0 0 0 0 0 0 0 0 11.52284 14.96391 12.72457 70.47692 7.597223 23.27746 21.05124 13.50836 24.03365 84.22612 99.30927 95.99281 94.88982 70.6898 43.78271 17.3465 5.931362 0 0 0 0 150.7267 85.70463 76.70924 0 0 0 0 0 0 0 0 0 0 0 0 0
-9999 -9999 -9999 -9999 -9999 -9999 -9999 -9999 -9999 -9999 -9999 -9999 -9999 -9999 -9999 0 0 0 0 0 0 0 0 0 0 0 0 0 70.37311 68.84949 42.56659 49.66829 80.06522 88.27314 56.33555 22.58199 14.82802 11.20368 0 0 0 0 0 0 0 14.27395 14.25888 45.9022 47.51283 8.968093 18.26286 22.23976 22.4647 38.79653 93.97947 101.0163 87.67528 55.67039 39.91074 22.17653 0 0 0 0 17.13505 74.45384 78.89008 76.97443 0 0 0 0 0 0 0 0 0 0 0 0 0 0
-9999 -9999 -9999 -9999 -9999 -9999 -9999 -9999 -9999 -9999 -9999 -9999 -9999 -9999 0 0 0 0 0 0 0 0 0 0 0 0 0 0 0 91.65328 28.83669 49.08772 66.46078 73.64919 42.87627 40.98289 19.73292 12.68652 0 0 0 0 0 0 0 0 84.52972 43.78083 16.44056 26.78942 21.49803 27.42242 33.38348 59.16502 85.1235 73.8333 93.56273 67.91166 28.09792 15.61774 15.39489 0 0 0 17.13505 78.2981 50.83829 10.55713 0 0 0 0 0 0 0 0 0 0 0 0 0 0
-9999 -9999 -9999 -9999 -9999 -9999 -9999 -9999 -9999 -9999 -9999 -9999 0 0 0 0 0 0 0 0 0 0 0 0 0 0 0 0 0 0 0 17.96867 45.53807 68.95363 62.80151 53.29338 42.70709 34.22954 20.25285 26.23741 22.18124 13.31261 15.48744 15.15792 0 53.564 86.11446 35.83879 14.40032 21.42297 36.65363 39.70805 34.56562 59.20588 47.22705 53.89877 53.58376 104.4227 29.91822 29.39749 27.96601 0 0 0 6.590402 93.08936 69.15496 0 0 0 0 0 0 0 0 0 0 0 0 0 0 0
-9999 -9999 -9999 -9999 -9999 -9999 -9999 -9999 -9999 -9999 -9999 -9999 51.55497 0 46.67803 0 0 0 0 0 0 0 0 0 0 0 0 0 0 21.15271 25.04997 22.90273 21.04658 52.15412 75.98042 83.63524 85.20891 76.39474 54.83334 40.10898 31.11766 28.14815 26.31066 28.91337 21.74833 59.12716 45.00299 13.31957 11.85768 11.94272 33.0185 55.08734 58.91846 62.79798 43.85493 49.82858 51.9698 73.23289 31.88514 36.65233 23.28827 0 0 0 67.57475 98.06261 0 0 0 0 0 0 0 0 0 0 0 0 0 0 0 0
-9999 -9999 -9999 -9999 -9999 -9999 -9999 -9999 -9999 -9999 -9999 90.245 57.91339 38.79248 63.65943 113.7599 143.4947 122.9653 89.9767 81.3859 26.34152 13.24676 0 24.14381 0 0 0 0 0 27.48751 34.93303 41.3013 31.50582 35.83427 58.77419 96.48077 99.90179 94.35832 86.35618 69.71655 59.67324 62.71594 68.70735 57.49557 64.25049 71.84615 26.63729 14.02368 0 9.76648 21.31653 66.90593 47.34429 47.42745 66.60371 69.89491 54.00394 76.20725 48.34409 45.61638 24.44707 24.71401 0 0 94.01385 59.33676 0 0 0 0 0 0 0 0 0 0 0 0 0 0 0 0
-9999 -9999 -9999 -9999 -9999 -9999 -9999 -9999 -9999 -9999 -9999 -9999 -9999 46.84542 96.66521 140.2747 117.1605 133.1041 140.901 105.5924 38.3915 25.24232 58.19338 51.92243 25.85032 22.83622 57.64132 0 7.250716 17.32161 49.68935 73.72388 80.63785 11.36938 16.46003 51.74726 112.7379 95.38891 84.07767 80.98585 99.77655 89.38589 105.8945 124.1934 69.16065 28.19596 20.85786 23.68552 5.272322 6.723621 49.64721 35.33091 24.50556 36.62403 52.08713 56.61304 64.08385 105.5198 84.11435 45.11933 24.53005 18.78265 0 52.19692 101.871 45.46579 0 0 0 0 0 0 0 0 0 0 0 0 0 0 0 0
-9999 -9999 -9999 -9999 -9999 -9999 -9999 -9999 -9999 -9999 -9999 -9999 -9999 -9999 -9999 76.81816 66.27843 81.31046 83.14035 82.00076 51.76054 47.71631 68.87946 57.86243 44.39856 47.00788 63.35836 75.92393 62.52052 12.51948 36.84853 93.56022 122.6083 62.05712 35.71593 57.8221 85.39808 66.10149 52.86876 83.1553 103.9596 91.96332 96.54623 139.8667 81.74805 59.51081 41.62769 28.12977 10.54294 9.67222 53.27787 12.22606 16.68966 26.47341 38.535 54.23141 79.79882 106.999 81.95691 45.42302 24.31796 14.69536 0 71.56349 95.71835 0 0 0 0 0 0 0 13.83984 10.96005 13.81549 11.45666 0 0 0 0 0 0
-9999 -9999 -9999 -9999 -9999 -9999 -9999 -9999 -9999 -9999 -9999 -9999 -9999 0 8.567523 43.47722 35.96289 55.31445 88.39132 56.2113 28.25153 28.92503 55.12609 44.41484 34.94386 61.44917 78.79043 77.34598 80.7156 25.91983 40.65351 60.99485 110.1334 97.54681 62.71285 79.98612 99.6093 88.96778 93.81226 103.5873 115.9987 94.40099 81.39002 91.49416 110.7477 96.98381 75.00054 59.47404 48.78496 24.2119 39.08948 103.826 15.22484 18.76998 25.73807 45.12461 73.07864 93.8882 66.29666 57.26904 34.77628 16.60897 53.97615 118.8545 0 0 0 0 0 0 0 0 21.01691 25.01391 29.00501 17.23412 0 0 0 0 0 0
-9999 -9999 -9999 -9999 -9999 -9999 -9999 -9999 -9999 -9999 -9999 -9999 0 0 0 0 0 12.88874 72.08149 62.41969 14.88092 16.13671 43.55484 41.84927 23.68626 40.53746 63.65671 55.25468 40.41761 37.07307 45.86142 42.52903 70.48524 97.72391 94.19921 90.51955 95.47217 93.92006 98.41354 91.20082 68.38393 78.23313 92.21021 97.62029 99.21149 98.17722 74.2281 78.20081 85.76583 61.17421 42.65574 50.35809 8.654222 14.96465 15.90556 23.08079 47.2938 66.57404 85.7732 59.88219 57.50198 28.15884 42.48871 95.84382 8.567523 14.82841 7.578962 8.567523 0 0 0 0 10.54464 25.01747 40.68045 7.864933 0 0 0 0 0 0
-9999 -9999 -9999 -9999 -9999 -9999 -9999 -9999 0 0 0 0 0 0 0 0 0 0 0 0 0 0 29.65681 0 19.95714 21.81996 27.74495 47.65151 41.93221 48.51138 52.03811 31.13178 54.17604 75.05476 75.6169 97.44128 51.64481 63.99242 62.52395 59.31944 82.71056 86.31755 96.90425 82.10606 85.03458 105.8793 75.77534 75.78104 103.9055 88.2479 57.7291 27.34537 17.93395 28.36097 22.54203 19.2321 23.06293 31.58713 64.67042 41.60995 83.67503 63.33031 21.61652 26.86407 0 19.37967 18.5351 16.7735 0 0 0 0 0 0 72.9626 51.80252 0 0 0 0 0 0
-9999 0 0 0 0 0 0 0 0 0 0 0 0 0 0 0 0 0 0 0 0 0 23.42302 24.17504 18.67097 35.381 83.90268 59.33562 37.1244 43.98204 25.35927 24.14441 55.96442 93.6394 108.9974 98.9754 38.30382 58.06717 88.02722 82.18397 87.29662 90.86113 86.2614 76.45729 62.25396 74.09379 89.28218 93.66476 114.0892 129.7626 77.65424 44.29974 55.75524 59.17908 35.36187 37.13258 28.96274 25.11049 62.25299 34.57198 64.28459 79.64165 49.05345 17.40224 0 21.19623 24.69447 26.37946 19.11217 0 0 0 0 0 65.87579 41.69542 0 0 0 0 0 0
0 0 0 0 0 0 0 0 0 0 0 0 0 0 0 0 0 0 0 0 0 0 20.918 24.69053 36.81836 58.07806 103.5077 98.04871 43.19326 36.53264 23.47254 30.74877 73.40619 99.90424 112.7765 107.7164 30.80839 66.50257 86.12696 67.39558 49.65659 71.11445 85.53716 79.44096 54.12873 54.77431 71.29941 100.4075 105.8945 117.0881 86.05499 77.69782 88.16495 81.70122 62.41157 59.96531 68.87314 50.65857 68.07854 28.24645 23.07072 44.47237 59.46341 42.52713 18.12361 22.73689 12.10712 33.04281 32.73233 16.91537 9.226563 0 0 0 69.59921 42.45852 0 0 0 0 0 0
-9999 0 0 0 0 0 0 0 0 0 0 0 0 0 0 0 0 0 0 0 0 0 24.85196 34.22842 52.85248 74.79104 114.1688 114.1721 43.39991 25.59757 37.75888 51.71279 81.74811 116.754 100.2557 89.38214 53.67965 41.32846 71.97115 56.74523 42.08883 36.53095 72.51172 74.27883 53.3082 79.48834 95.20338 128.1481 115.4418 113.3376 108.8822 101.9165 105.9987 103.1099 75.85558 83.74506 104.6346 66.99036 84.40917 51.61466 7.249442 0 112.3875 106.2914 23.61316 29.77536 29.26552 40.87746 46.20114 46.66844 41.10418 36.47546 12.52176 13.28896 50.57613 39.21639 0 0 0 0 0 0
-9999 -9999 0 0 0 0 0 0 0 0 0 0 0 0 0 0 0 0 0 0 0 0 24.89446 22.55368 34.5579 74.28276 106.2128 86.35818 35.97555 35.40868 64.05109 80.92647 86.29028 101.4806 73.21025 75.86523 69.81491 54.24002 58.65817 33.38083 31.7018 22.01967 27.9705 37.56959 49.77993 86.16097 82.86758 71.36613 93.55558 88.5078 103.5151 108.1222 95.86002 86.16364 83.93595 92.44888 114.8519 77.94112 112.5457 110.4306 11.24435 8.45288 173.8039 97.42435 31.11479 45.2265 76.72991 74.05711 61.30768 82.64568 70.21265 44.47838 20.34897 16.17845 46.11458 34.75521 0 0 0 0 0 0
-9999 -9999 0 0 0 0 0 0 0 0 0 0 0 0 0 0 0 0 0 0 0 0 14.48628 20.11984 31.85628 70.9333 99.76842 73.07128 39.40853 46.72288 67.87218 73.73681 83.29457 61.65573 33.41442 57.11883 69.19526 56.25595 53.05853 27.46376 11.34619 15.53452 25.67016 31.69699 36.24769 60.48524 44.91856 50.9603 43.30591 36.78102 59.85981 124.1934 91.65328 66.51228 69.93336 47.02004 49.31509 35.36176 87.49399 100.6544 31.33815 20.28186 181.4764 96.31468 50.7557 47.35437 91.63096 110.9235 69.32957 112.3449 101.4204 60.64134 50.46851 34.31185 47.06916 34.23721 22.83632 16.91413 0 0 0 0
-9999 -9999 0 0 0 0 0 0 0 0 0 0 0 0 0 0 0 0 0 0 0 0 0 0 0 46.14504 62.38818 72.61191 36.48107 31.17373 46.71863 62.84563 61.64569 36.95675 29.81575 29.80881 37.78497 35.74316 33.60128 36.68657 10.54464 17.66249 25.03034 19.81047 22.67098 33.31815 21.64447 42.65912 43.81171 43.28857 33.26399 101.5187 92.13065 111.8616 92.52844 40.3527 33.672 28.35487 52.94876 39.60423 71.66298 54.41062 115.8792 133.1116 108.585 57.29078 61.16424 133.5957 96.17255 119.2911 75.05663 32.40102 42.97415 46.9322 73.93457 58.58781 46.01453 13.48866 0 0 0 0
-9999 -9999 0 0 0 0 0 0 0 0 0 0 0 0 0 0 0 0 0 0 0 0 0 0 0 9.657523 16.90067 42.5138 33.44107 11.86272 33.73641 52.55082 49.32334 58.96206 48.75089 20.26728 18.74603 15.40506 12.25815 0 10.41463 11.93718 14.75045 20.22817 27.19173 25.14058 18.81307 22.79706 28.30236 35.01883 29.62496 88.34159 104.3532 89.75169 91.97152 61.19625 39.35081 26.43402 37.14695 44.63963 61.96659 78.94444 88.30131 89.43668 123.6588 107.7784 22.88837 72.66386 114.6725 110.0704 69.68537 73.47595 61.67169 79.65181 78.64995 78.52554 58.60628 39.42016 29.28623 0 0 0
-9999 -9999 0 0 0 0 0 0 0 0 0 0 0 0 0 0 0 0 0 0 0 0 0 0 0 0 21.48124 22.60334 20.08612 18.98097 31.97897 44.92458 38.933 85.56213 75.70835 38.99492 19.98669 12.45825 12.85128 0 42.60179 40.97033 11.03873 20.25374 34.68822 54.20757 45.39183 24.16895 13.20093 16.64416 27.64355 100.5342 67.51796 31.43483 64.46393 102.1109 58.11528 33.98955 71.33195 77.60738 57.21125 43.20215 36.46301 45.60622 82.31679 107.4323 60.27495 69.8978 89.22802 66.95652 87.10249 109.5543 91.89196 121.8861 130.8764 73.43259 52.08366 33.27528 27.03046 12.38381 0 0
-9999 -9999 0 0 0 0 0 0 0 0 0 0 0 0 0 0 0 0 0 0 0 0 0 0 0 0 20.5609 21.14528 31.10086 43.40919 48.10994 49.75066 72.9308 128.7773 162.1257 79.95905 36.57798 31.71308 22.83552 30.53553 26.69113 44.37537 25.33125 24.59962 25.77748 45.94598 55.37386 27.52781 14.00258 18.82136 26.19738 30.43084 24.63509 33.20345 77.96563 115.4749 107.0796 87.71127 103.9136 73.05643 58.83134 53.81034 49.09713 62.10443 67.00327 106.377 118.2641 72.00228 66.75227 87.97483 89.18692 93.80141 96.66557 107.9631 81.02966 50.0748 66.51398 37.44755 18.1132 16.87354 0 5
-9999 -9999 0 0 0 0 0 0 0 0 0 0 0 0 0 0 0 0 0 0 0 0 0 0 0 0 27.24033 50.4715 73.6901 93.87615 66.64703 83.33017 102.5252 130.1719 222.1453 154.8046 87.94894 72.27474 69.03446 35.43254 36.36314 45.10764 32.41973 23.03718 31.13725 31.98902 46.304 34.96668 20.00051 25.92153 21.42983 31.09439 38.59388 38.05494 81.00285 75.56631 69.13315 95.21957 93.00581 73.72048 74.58313 84.63747 78.79141 94.55821 63.70974 60.33273 111.3478 124.4505 104.3683 125.6666 80.75354 80.4353 109.3156 109.7134 82.26518 74.43121 134.4883 93.1287 13.7348 0 0 5
-9999 -9999 0 0 0 0 0 0 0 0 0 0 0 0 0 0 0 0 0 0 0 0 0 0 0 0 42.04676 100.7283 136.0777 122.5195 102.6679 106.4116 99.58083 174.0866 197.4933 183.14 163.2188 105.4464 113.9407 79.60553 76.34491 71.76215 42.23421 23.58985 29.25843 32.33065 48.89174 66.15575 55.87456 38.98076 18.03701 32.301 47.5179 30.77859 18.25122 26.98826 29.22758 141.5148 49.58586 69.69468 95.11415 101.3198 146.1918 164.2083 79.1741 73.1517 76.94582 95.87247 113.9667 104.5117 82.98122 95.63129 108.5996 93.96053 61.42561 133.2134 163.8143 106.7797 114.4473 115.4259 138.6733 100.1406
-9999 -9999 0 0 0 0 0 0 0 0 0 0 0 0 0 0 0 0 0 0 0 0 0 0 0 35.25865 55.67087 111.4559 112.6977 121.8854 83.10738 89.01456 103.0218 160.3473 170.2377 163.7349 143.3779 134.5714 155.1785 144.8883 132.0277 97.24505 54.48066 58.21522 29.42378 27.84468 39.95891 56.40694 53.43077 52.36438 45.54023 79.29968 71.85071 31.94207 10.79988 85.0299 83.86633 122.5724 142.1148 38.9575 76.43107 86.5352 123.4773 134.8607 119.2444 122.9652 151.8601 86.40231 62.53802 85.93648 53.56093 86.76034 104.3033 112.6572 85.93195 169.4625 137.7186 109.793 130.7173 142.0148 137.8976 130.8764
-9999 -9999 0 0 0 0 0 0 0 0 0 0 0 0 0 0 0 0 0 0 0 0 37.23415 67.37405 86.48103 64.63409 40.29623 101.4027 82.22308 89.82589 61.26079 134.4879 147.6341 134.3095 92.26563 110.7345 142.8356 219.2483 236.0501 200.3946 157.507 110.4922 38.38618 39.66082 27.4854 27.2663 30.92963 31.67948 30.98262 37.92213 69.61512 104.6164 74.18361 25.20727 29.79972 64.13684 45.99966 58.20714 63.43016 69.92812 70.46406 107.5391 120.3745 98.6201 99.61556 167.3743 182.4098 141.4233 76.53686 56.2476 50.69717 50.04333 54.33958 60.221 87.57249 200.4916 148.3399 125.5459 139.5087 142.2535 136.0478 122.4431
-9999 -9999 0 0 0 0 0 0 0 0 0 0 0 0 0 0 0 0 0 0 0 10.74062 51.53715 122.7947 129.6297 75.67888 48.11375 80.34611 73.51871 93.70824 80.43397 162.5095 177.3531 200.5471 164.3667 169.9274 258.3387 322.3817 305.0074 266.2654 187.7276 163.5152 74.1995 19.63999 20.06821 29.69585 34.61071 27.84605 43.02816 63.3999 88.70956 97.77296 74.1244 48.2265 58.40985 43.6509 10.7893 24.29117 57.50216 71.58222 48.45213 85.28848 98.17552 98.06738 113.6553 152.151 143.5234 137.7781 71.9035 46.88716 67.99666 64.60284 49.21212 26.6003 35.69921 87.88094 139.5485 159.5976 153.7897 140.8215 127.7537 111.3046
-9999 -9999 0 0 0 0 0 0 0 0 0 0 0 0 0 0 0 0 0 0 0 10.74062 58.55079 89.82339 78.05016 61.00555 53.44968 57.6172 57.82629 91.64977 124.5319 152.5963 212.1869 250.3819 256.908 260.3954 313.6012 340.6065 337.7487 304.6291 218.3309 178.1605 126.0964 101.3274 31.8365 42.32952 67.09899 43.19112 48.56712 45.80555 61.87472 68.57963 78.76454 66.96456 86.08408 68.71542 51.55446 55.9674 61.97373 58.85062 61.65911 91.8124 101.374 112.7671 120.922 97.38844 86.65515 84.66632 65.96616 55.48482 76.99833 103.3486 69.22768 37.10195 37.36707 79.7961 121.3324 148.4592 151.9599 147.7432 122.1447 100.2458
-9999 -9999 0 0 0 0 0 0 0 0 0 0 0 0 0 0 0 0 0 0 0 0 46.61271 47.99653 35.79766 46.92273 32.62133 35.04922 46.51697 42.04037 87.07357 98.22884 160.5858 245.1785 223.4819 205.4906 238.8678 328.4184 350.2502 331.753 246.4173 185.7959 155.9729 119.2131 92.83522 66.64126 87.49019 51.22549 42.88349 29.91874 55.87185 53.70309 70.29138 77.4518 97.50095 88.5256 92.74419 82.31513 49.40405 52.78363 115.9191 133.9793 137.4799 127.515 112.6572 102.0757 80.90276 83.26534 76.4177 58.882 86.79276 105.7354 89.40784 74.8769 43.30818 94.52695 127.9709 137.9573 128.7283 124.1138 124.7702 95.79041
-9999 -9999 -9999 0 0 0 0 0 0 0 0 0 0 0 0 0 0 0 0 0 0 0 22.40737 34.62292 35.58817 30.97489 20.11643 44.43406 57.46237 89.50516 79.11536 66.4342 120.1646 202.7151 237.5683 221.4971 177.9968 215.1532 339.7436 356.4201 274.1999 156.0643 122.2885 97.50305 68.12143 76.76247 64.61283 44.05582 38.69729 27.68693 59.0734 54.39837 87.11835 107.4062 104.7807 87.06351 59.93657 74.79239 57.34141 81.70488 136.1672 101.5585 105.7951 101.4093 108.2416 107.8836 77.32617 90.95224 69.64389 70.90528 82.8586 88.28266 77.81161 48.06692 14.38817 0 134.0444 130.1604 114.4075 101.9762 95.39261 99.12908
-9999 -9999 -9999 0 0 0 0 0 0 0 0 0 0 0 0 0 0 0 0 0 0 0 0 0 0 0 0 48.62009 66.03806 87.75484 61.14011 42.55653 97.69817 150.6577 183.0979 201.9572 176.6435 168.6319 271.6902 376.0224 0 18.04663 17.56212 29.42253 51.35137 57.99781 41.03204 86.0527 71.15606 0 0 46.70072 90.69388 93.16492 71.52457 58.1959 59.67512 84.65643 82.95119 80.76587 132.2589 106.2362 90.00726 97.39531 76.77554 79.48058 91.02064 93.55064 58.34643 88.43961 93.42274 93.99461 66.58157 26.26025 5.931362 0 112.6711 119.5789 105.2581 90.40021 69.87451 71.99721
