LSCAM_InData/LSCAM_InData/riverflood_100yrs_cambodia.asc
ncols         292
nrows         251
xllcorner     800180
yllcorner     -2175230
cellsize      2000
NODATA_value  -9999
[rows 108 to 143 of 251, columns 82 to 163 of 292]
74.6039 84.83549 65.54085 89.46654 65.87928 56.33555 56.33555 55.41596 52.45002 51.47541 52.74837 54.73738 56.56726 58.89439 58.46667 67.63103 59.90678 8.047935 0 30.78977 0 0 14.17545 86.12201 99.56519 75.4121 22.53422 0 0 0 0 0 0 0 0 0 0 50.3079 32.06623 11.6091 13.89902 25.82392 39.38227 0 0 0 0 0 0 0 82.97726 92.01569 86.59939 27.02065 0 0 0 0 0 0 0 0 0 0 0 0 0 0 0 0 0 0 0 0 0 53.16257 154.2201 94.69144 75.91962 0 0 0
51.99389 67.84064 91.57945 87.70799 70.23051 59.17165 57.419 53.59779 51.55497 52.35057 55.01584 56.80594 57.88 60.23697 64.16488 64.87617 45.06844 0 0 0 0 0 0 15.02234 72.27271 89.85294 0 0 0 0 0 0 0 0 10.7323 17.81073 16.52779 75.6443 68.37006 44.41721 36.80228 36.97125 22.05595 18.45313 0 0 9.006883 13.83984 0 0 83.39211 84.79709 0 0 0 0 0 0 0 0 0 0 0 0 0 0 0 0 0 0 0 0 0 0 71.92863 58.78785 87.20144 73.95435 0 0 0 0
14.08836 104.8412 69.05569 75.53567 96.03374 72.32249 57.84022 51.71409 52.03233 54.41914 56.40814 57.60154 59.19275 62.05189 64.65562 66.34647 65.73263 0 0 0 0 0 9.885603 17.40148 55.81332 36.49729 0 0 0 0 0 6.590402 10.54464 12.62635 23.31131 45.96914 32.28829 36.80777 114.0892 98.30824 71.80854 33.99682 27.23429 32.27659 14.88868 25.17038 17.43611 16.83829 33.22643 59.54836 60.60793 34.78197 18.45313 0 0 0 0 0 0 0 0 0 0 0 0 0 0 0 0 0 0 0 0 78.32876 99.88233 108.2608 98.07259 53.50264 0 0 0 0
88.4129 92.08159 56.46968 56.28174 68.98096 94.9948 70.80853 53.94177 53.8821 56.40814 57.60154 59.19275 61.49999 64.00092 66.10109 68.2626 67.21838 59.78944 0 0 0 0 24.95096 29.44595 57.75546 76.12672 16.90067 0 0 0 0 12.85128 17.40376 22.60372 42.93285 76.32723 48.99743 42.17699 70.2516 99.58941 81.31046 27.25167 45.60986 47.09158 57.27719 42.80716 35.94067 53.90107 55.09762 73.51431 43.03691 12.75297 13.1808 14.35031 0 0 0 0 0 0 0 0 0 0 0 0 0 0 0 0 0 0 114.5357 112.6463 124.8005 149.1983 97.71278 57.99934 0 0 0 0
71.12368 57.49803 56.29519 55.45574 53.54398 65.79623 96.74513 72.24061 57.99934 57.60154 59.19275 61.65911 64.02583 65.254 67.94436 70.2516 71.54679 55.38644 0 0 0 0 26.70812 56.50805 58.24303 41.1633 15.75291 0 0 0 0 0 29.12958 31.95643 56.56783 93.96419 84.94482 76.9845 75.18433 71.36545 87.08852 32.57687 45.29842 89.39964 69.16616 69.22413 58.64335 68.05457 43.41719 73.72875 78.22236 56.27691 0 0 0 0 0 0 0 0 0 0 0 0 0 0 0 0 0 0 21.74833 0 81.20888 125.4526 118.9794 138.1114 60.35952 0 0 0 0 0
58.07927 56.33555 55.97492 53.54398 51.71409 51.23673 66.98964 86.95924 75.84071 62.29559 61.73867 64.18495 64.88761 66.8255 69.93336 71.87489 73.91451 61.03123 0 0 0 0 22.91965 44.94028 55.55971 48.59396 29.38972 10.54464 10.54464 10.19271 0 9.226563 29.29474 50.94898 54.05303 66.50624 57.5025 46.05501 47.02004 43.80871 51.19695 26.8152 15.5739 7.160413 50.70662 61.29369 40.91069 41.15208 34.20888 60.13557 75.3339 53.20365 0 0 0 0 0 0 0 57.94514 0 0 0 0 0 0 0 0 0 0 30.67827 56.16621 74.90722 85.93349 113.5307 122.0028 43.45885 0 0 0 0 0
56.42497 56.33555 55.11761 52.50969 51.07761 51.91299 53.82243 56.29874 97.29211 94.3981 75.90038 64.76158 65.86575 68.56095 71.41357 73.73191 76.32126 78.06498 58.77948 0 0 0 34.00197 28.59387 44.08652 37.75839 18.37087 16.87294 16.66278 16.47996 16.51658 15.58432 25.61942 45.57232 67.58299 97.49489 42.18154 45.53465 35.28512 44.39456 44.63324 29.51681 19.09443 9.308537 50.7461 89.04301 79.66673 71.05482 63.50451 38.63363 14.50294 0 0 0 0 0 0 0 140.3441 99.29842 0 0 0 0 0 0 0 0 0 88.07762 94.50607 118.5417 123.9506 123.0057 89.87923 25.04353 0 0 0 0 0 0
54.0843 56.01499 53.20642 51.39585 51.95277 53.70309 55.6921 57.76066 60.54527 79.06271 105.722 97.53404 71.68369 70.41072 73.29341 76.45539 78.78035 80.30052 74.12223 0 0 11.20368 28.11905 12.44875 25.11042 42.15126 13.38366 27.13049 25.68814 14.96114 28.21314 42.37936 38.00464 26.72915 92.37516 101.0754 25.0495 11.46265 47.55737 68.2843 55.37386 32.85834 19.69114 11.45666 0 56.29284 92.74908 104.1434 92.33881 45.81113 17.79409 0 0 0 0 0 0 0 115.1803 135.444 0 0 0 0 13.51032 11.20368 89.62947 126.5421 138.2739 122.3149 124.1051 132.8338 133.6162 149.4826 53.6552 0 0 0 0 0 0 0
72.21201 57.71234 51.85332 52.35057 54.41914 56.40814 57.60154 59.6701 62.91199 64.72849 83.53146 126.1824 101.3596 78.99907 75.54881 79.46498 85.33739 83.51969 86.40649 82.32576 0 17.35472 35.61711 65.35406 61.00916 79.66816 11.00738 21.13978 18.34819 19.84953 50.25272 74.95522 66.02574 67.92359 78.13918 43.72126 19.26694 16.54965 0 74.70697 68.02392 25.06144 11.45666 0 0 0 0 7.908483 0 59.57677 0 0 0 0 0 0 0 19.77121 129.2514 168.9857 0 0 0 0 22.78396 17.81795 93.61761 132.4807 150.1743 163.3263 152.7478 108.1725 52.16599 0 0 0 0 0 0 0 0 0
94.27876 68.99618 54.28976 54.41914 56.40814 57.60154 59.19275 61.75354 64.49651 66.34647 68.2626 88.15263 132.229 120.5475 90.2723 92.04436 98.50376 100.778 96.08879 91.09273 53.92117 15.15792 45.07249 70.36023 89.65081 172.5902 110.9536 59.54768 19.53438 38.85853 72.84721 72.35322 107.2189 111.3029 79.69709 29.92524 13.48271 17.87888 0 0 0 0 0 0 0 0 0 0 0 0 0 0 0 0 0 69.19922 73.8125 110.6246 145.4831 115.2002 39.54242 0 35.58817 46.52824 46.24265 25.70257 92.7984 155.2369 162.8516 167.0305 139.2565 109.5691 58.48066 0 0 0 0 0 0 0 0 0
83.14035 79.64386 50.27864 54.41914 57.60154 59.19275 61.18175 63.64528 66.13702 68.2626 70.33116 72.03401 90.62457 135.8822 157.2904 110.4462 86.77191 85.61284 91.28867 92.15487 84.64685 0 39.42833 68.7737 129.6557 184.0226 105.1864 99.87417 68.58862 86.36352 55.28663 34.33033 28.86927 39.63116 69.19945 30.97489 8.238003 8.567523 0 0 0 0 0 0 0 0 0 0 0 0 0 0 0 0 0 52.55846 100.9796 228.8334 259.909 141.9408 86.49903 60.10447 32.38712 45.03442 43.89048 59.00655 116.9592 156.2724 170.2124 164.6231 140.3696 98.82865 75.6506 0 0 0 0 0 0 0 0 0
43.9172 70.49694 38.08406 47.97476 52.1278 60.62482 62.88225 64.77162 85.30894 81.05891 71.48479 73.97059 84.06036 104.3829 167.315 151.004 85.24557 80.94707 89.34106 98.8399 95.52805 32.19174 44.15569 101.6771 119.5482 14.29585 13.28813 163.0282 196.8587 147.8889 37.89768 47.77008 51.48254 24.34786 13.5638 0 0 0 0 0 0 0 0 0 0 0 0 0 0 0 0 0 0 0 0 14.71856 115.4968 265.9777 196.7441 155.5335 102.1512 80.18323 36.24721 27.02065 35.86047 97.96889 160.4727 173.8487 187.4562 244.915 160.4222 0 0 0 0 0 0 0 0 0 0 0
8.567523 0 0 0 41.53039 49.29681 56.85873 65.87791 75.10968 130.8195 107.3779 75.28055 79.95638 99.86266 113.1518 199.0155 158.663 129.2203 129.1546 139.7658 143.3874 143.9035 59.43143 50.702 179.7662 108.4801 0 167.5318 278.7119 280.8075 87.617 32.83558 58.2984 27.61876 7.908483 0 0 0 0 0 0 0 0 0 0 0 0 0 0 0 0 0 0 0 0 85.67522 200.5216 169.5554 20.54009 0 0 0 27.36298 83.32504 75.87572 103.7168 172.8298 178.994 203.7032 258.1329 0 0 0 0 0 0 0 0 0 0 0 0
0 0 0 0 0 28.97257 49.03377 58.81097 70.22701 114.1987 217.2561 170.0754 102.92 81.6255 82.53601 110.5004 153.3504 199.4923 210.7791 175.444 179.6189 202.5111 155.1467 64.31071 62.66045 182.1814 94.51745 147.2275 222.1818 242.3042 174.9693 31.1625 37.87329 28.12039 11.86272 0 0 0 0 0 0 0 0 0 0 0 0 0 0 0 0 0 0 0 0 0 178.1643 130.8177 13.18081 0 0 0 85.03986 97.22178 83.89617 161.9447 167.7923 198.6664 162.6931 0 0 0 0 0 0 0 0 0 0 0 0 0
0 0 0 0 0 0 0 11.20368 61.16431 105.4067 222.0247 313.1071 188.6607 125.3276 115.1293 160.715 139.1691 122.8179 198.6351 218.5328 177.4928 203.674 193.3876 85.60707 51.61678 170.0598 127.1689 106.1692 131.2462 165.907 135.7439 63.80465 37.04422 13.83984 0 0 0 0 0 0 0 0 0 0 0 0 0 0 0 0 0 0 0 0 0 0 194.067 175.1117 69.57163 21.74833 25.21327 111.3309 129.3144 121.1514 102.9508 150.7665 152.9146 159.3192 56.67746 0 0 0 0 0 0 0 0 0 36.21571 0 0 0
0 0 0 0 0 0 0 0 0 109.84 149.823 256.0068 223.8015 245.0434 183.5175 192.2829 110.9923 90.72103 100.0774 162.3667 207.7603 181.4767 203.3557 129.8237 174.3184 188.5654 111.1743 40.84378 58.65595 73.23621 89.23383 59.31657 40.17582 150.2639 182.4777 41.70666 8.567523 0 11.26711 0 0 0 0 0 9.308537 0 0 0 0 0 0 0 0 0 0 0 237.2137 166.4816 61.94923 72.14989 72.30154 117.0114 164.6742 150.8256 131.5395 157.2613 154.691 107.9619 0 0 0 0 0 0 0 0 0 77.33246 35.26567 14.16936 0 0
0 0 0 0 0 0 0 0 0 7.64845 25.01612 54.65749 153.6931 190.5229 101.8807 67.2788 39.58166 84.09122 129.7794 127.0953 163.4327 153.5218 151.0051 152.1022 178.1511 95.126 40.57465 37.42448 22.53422 0 0 67.51067 158.9724 215.0161 228.6182 206.0849 192.0288 68.19263 63.12112 47.75831 0 0 0 14.49888 16.4924 0 0 0 0 0 0 0 0 0 81.03705 132.6957 161.6333 107.5965 76.31503 96.03461 122.7151 121.1072 158.2771 167.4913 128.9318 138.3622 108.0874 20.88273 0 0 0 0 0 0 0 0 0 85.20891 73.78193 7.249442 0 0
0 0 0 0 0 0 0 0 0 0 38.22433 97.55428 131.5373 205.8619 148.4623 63.97562 26.62196 22.65299 196.8837 199.6113 113.4012 100.3167 116.7564 111.674 76.74423 68.80985 30.17878 47.66126 92.81953 108.121 144.1687 178.0765 229.8892 250.3758 262.4689 273.5278 284.3479 226.451 127.6974 59.81851 0 0 0 15.78815 16.11638 0 12.8767 120.4972 226.477 228.658 200.8874 245.7943 233.2726 279.4766 229.2955 129.6552 93.12455 117.1021 147.3369 150.1844 119.2126 107.7198 108.2074 149.7377 147.7108 172.3519 122.533 27.92561 0 0 0 0 0 0 0 0 0 106.1531 154.1279 165.4055 0 0
0 0 0 0 0 0 5.931362 0 0 20.64993 63.35024 136.5576 173.6688 250.6144 263.2645 136.5609 26.92146 83.4552 106.0347 142.6513 140.901 76.85725 89.20015 103.1828 94.10841 64.47291 54.60951 65.2777 92.17671 131.0691 169.8211 247.0342 247.3923 253.6576 272.3344 283.5523 294.4123 302.5274 236.6317 45.76891 0 0 0 16.47503 11.16766 0 250.6144 175.1851 129.6369 188.815 164.5803 254.2248 201.9543 229.3524 103.0084 36.5181 29.2945 121.1526 193.4146 212.7836 160.1854 139.4171 63.37484 93.39253 142.9647 178.7492 119.5789 0 0 0 0 0 0 0 0 0 0 161.1093 155.9631 143.4324 0 0
35.91769 0 0 0 0 5.931362 9.885603 16.47601 40.9923 42.09619 63.78045 86.43706 96.0356 172.9637 245.6022 161.3228 93.69777 154.0926 83.31344 120.3745 194.2063 92.92624 62.4746 68.32877 91.3325 87.93949 61.25373 75.8518 116.1078 156.8926 217.2787 247.2729 251.9272 260.102 277.1875 290.5536 303.2037 316.6494 302.4932 92.30661 12.0824 0 43.49665 22.45106 11.75354 295.367 264.7563 114.5206 23.53715 38.88337 0 0 0 37.4229 77.30575 67.66605 19.59524 61.20755 143.6007 175.9768 160.791 137.806 96.99512 59.98361 114.5841 171.9533 130.6694 33.94651 0 0 13.1808 14.8284 29.85836 35.26831 0 0 0 66.59184 70.5173 205.5399 0 0
81.06194 73.8125 0 35.72715 40.38885 48.76897 10.45049 27.1671 65.39143 82.74616 72.67361 80.59222 87.09744 108.5745 167.3945 135.1568 83.36314 128.2311 116.8738 170.4178 170.577 88.23219 61.33083 64.78548 65.85738 89.69583 94.4482 104.2127 147.3248 216.324 247.1934 249.978 259.6246 271.6979 286.0187 300.1009 315.0582 332.7205 323.026 106.7383 15.81697 21.58357 29.18791 29.06884 212.037 205.4037 97.43551 18.14143 19.6394 0 0 22.40737 19.55153 33.64281 60.31245 63.57649 65.59103 86.82546 118.8138 125.7199 109.3952 93.88097 77.07771 70.08319 103.4282 111.1124 36.85128 26.75356 23.36873 23.38439 38.3556 37.19157 46.10415 47.80847 40.64081 85.20891 190.0202 181.3474 185.8858 156.2249 40.20145 43.55678
110.7146 34.66552 0 31.85361 59.16716 60.06681 46.13282 46.35249 70.15117 82.74616 116.4304 128.0388 161.7286 116.3476 88.52667 72.61555 90.83523 112.1201 134.5362 114.0892 65.08019 71.76324 63.79973 62.23737 62.106 68.81279 116.2059 156.1051 221.0976 247.1934 249.8984 257.2179 268.5751 280.5291 294.7703 310.3641 325.7192 341.7904 272.7896 73.01617 16.75468 40.19831 45.02649 92.52507 184.8905 69.26048 36.52751 29.071 44.81474 71.50586 92.92467 43.39542 35.51274 57.90168 77.95217 109.326 104.1208 108.0031 90.14697 74.97372 67.8952 54.89614 45.82237 65.15221 96.8429 101.6463 49.62045 50.10144 48.44927 43.56839 61.20545 83.99606 115.8846 135.4032 170.0289 234.6825 153.3413 113.0274 30.45857 105.1153 122.0346 90.91818
240.6259 76.15437 19.77121 0 27.41607 78.59055 124.7853 102.5906 39.10305 39.21289 91.73096 160.788 242.9763 188.7962 124.8299 77.09378 142.3016 110.9084 101.9165 103.4385 92.13065 99.76842 65.53304 61.25373 61.70084 72.87853 104.246 189.3929 270.5045 249.8984 257.2179 266.1287 277.824 289.6785 304.5562 320.7069 335.2664 339.3233 201.1863 38.61975 62.55284 76.99787 68.81737 197.5569 132.2008 29.90843 35.01151 46.62709 66.34338 80.84226 68.21066 0 48.01152 66.67558 96.31522 100.216 64.83772 51.77356 46.28592 34.75781 41.88086 38.94974 37.27449 67.73889 93.33119 127.9225 101.9576 93.00863 114.8053 101.1116 93.54654 169.965 116.034 60.6999 38.74458 0 36.37353 49.29422 29.75096 109.4329 102.8262 62.72317
382.1467 221.3672 46.6932 0 19.99089 44.43029 101.6937 142.4558 65.59212 28.07022 52.07867 174.7237 247.9727 205.5834 162.3027 142.2535 124.7702 98.92181 68.58749 68.47392 74.37875 131.115 61.83713 60.49365 64.38348 83.02787 113.9924 205.3248 269.5895 276.2726 285.4618 274.6018 287.222 300.0213 313.7454 330.3337 344.7739 324.9932 114.6225 133.1109 113.1367 32.02919 85.16955 133.3346 42.00084 33.80329 40.20145 60.38456 74.80106 81.83083 80.51275 0 0 53.94867 52.23396 62.06811 34.51699 31.07458 24.65702 27.07224 22.93103 25.71805 32.9501 91.39252 76.00989 125.53 81.55242 114.8232 143.5663 164.6123 125.5256 134.9093 79.46644 57.18097 23.49842 45.38217 82.51013 66.97496 70.68193 184.1384 173.948 134.2972
355.0617 236.9695 101.5433 86.33427 13.1808 41.37308 75.86285 101.9978 74.25186 37.71374 57.88104 155.442 185.0184 179.3977 144.163 142.2535 80.41549 67.27759 65.10844 51.4763 75.69923 46.99827 55.09455 51.75251 77.08134 118.8815 190.9702 238.4417 254.5925 266.0491 301.8512 310.6823 305.9883 308.6138 321.423 337.6532 353.0879 345.7883 258.8212 151.3017 76.29784 29.86669 103.9352 102.5915 67.63329 62.12698 30.41933 62.2793 122.0689 123.0208 95.74913 59.97266 0 47.68528 42.6279 28.70511 36.41177 43.96995 34.68615 34.03067 22.36635 18.73684 67.47646 93.40361 104.2967 84.7729 90.08945 119.1663 154.6535 148.6173 88.50627 100.1864 123.4049 85.20513 72.97305 68.05016 64.50764 75.85288 162.8266 188.3853 106.0377 147.5997
279.1178 282.3823 220.5178 127.4938 11.86272 37.03806 33.5169 64.07336 44.08247 72.69943 100.2268 160.8731 187.8161 212.7206 170.6694 111.2994 34.5578 32.00445 23.97579 32.10455 21.83426 15.15792 28.06633 51.24787 109.716 203.9188 247.1934 251.7482 263.1849 275.4372 284.9049 319.1953 334.0929 333.0388 342.0291 352.6105 363.4307 380.8146 396.2095 269.1013 54.85688 67.67597 74.46612 43.14171 60.51824 64.13586 18.3308 40.93372 86.62717 101.9315 51.492 39.38661 21.08929 26.67319 28.79084 40.54748 54.2766 49.16663 36.77348 53.56067 49.5107 46.83771 104.127 83.79924 61.04504 64.12547 107.7244 122.3599 104.1855 86.50307 83.67385 73.18511 129.2423 141.1557 157.2578 142.4126 72.2605 76.23552 140.8214 65.17376 98.78025 58.18423
197.9665 246.3456 269.9476 154.5947 46.49022 21.84872 15.32269 17.39866 33.52473 93.01373 144.3676 182.7214 206.0608 170.6707 107.6375 64.97387 21.56468 16.03035 0 0 11.20368 0 0 40.39047 119.4201 219.4269 206.7314 250.7935 272.3344 284.9049 293.9747 303.2833 333.9139 366.454 355.6338 295.0362 315.5847 302.6418 342.429 258.6444 67.53371 118.5005 50.93766 53.55802 33.47458 22.03937 19.6394 28.19228 56.65689 55.85139 51.52511 41.8178 24.07374 22.23347 40.84694 64.26524 72.31664 57.90568 46.18507 77.69642 80.71191 80.53842 99.93998 102.6578 71.21887 81.70827 120.8519 143.2083 117.749 76.80744 49.38095 51.94381 102.5006 103.7911 128.4101 131.1947 78.82964 36.5181 108.3609 80.04163 153.9257 63.51516
189.0993 202.4514 238.9191 161.4267 104.1702 38.70822 14.05696 17.54238 49.63702 92.73788 156.9492 194.6701 119.6488 64.62112 25.04353 14.09508 10.54464 0 0 0 0 0 0 12.85128 27.09969 110.8082 109.3308 104.3602 189.6626 234.9957 302.249 306.2867 311.1199 347.2005 319.8318 147.4499 173.8841 190.8655 98.9575 73.25298 64.66261 89.70136 53.5381 43.50576 25.27329 39.66596 92.22704 64.16655 35.89455 47.29275 47.98735 38.31723 35.97352 48.4594 79.95794 92.76712 85.68627 65.70178 65.48159 86.49417 70.15665 79.23503 81.33482 100.5233 124.0343 124.0343 132.6549 167.7923 120.5336 74.23345 43.80919 42.95691 129.7232 159.1998 115.5213 95.86997 55.77166 33.89262 0 0 0 0
176.6946 225.8418 235.4582 107.1675 103.0673 73.52718 31.64984 11.45666 36.90625 96.63663 166.3627 128.9596 34.27296 16.47601 0 0 0 0 0 0 0 0 0 0 0 0 25.37305 11.49204 15.15792 29.11798 173.148 181.2105 227.3627 271.5907 289.042 254.5938 236.3504 238.5194 227.8044 263.6331 256.2675 172.6376 173.7045 170.0792 99.00764 78.84631 94.30958 129.2716 99.76261 43.70438 44.38741 52.26046 37.93829 47.13387 119.4595 107.7642 91.65328 77.02821 47.73354 82.34474 78.86005 79.73077 85.91817 123.6224 134.9738 97.9286 119.8609 115.1827 105.2747 84.12357 75.36062 49.07482 72.87941 208.547 110.7477 76.07938 34.60866 0 0 0 0 0
200.3794 189.53 177.5782 104.3829 46.22377 73.31575 90.14012 58.12105 50.46923 131.9724 155.575 65.85118 45.82664 0 0 0 0 0 0 0 0 0 0 0 0 0 0 0 0 0 15.81697 42.91542 76.16171 148.6185 209.0177 240.1463 195.5537 133.9444 149.1918 213.9557 186.6575 254.8392 296.0214 253.9278 320.9977 318.2766 194.2948 107.0983 153.7198 102.3735 54.07971 84.00342 33.51026 48.08681 89.17086 91.86872 72.50267 73.15103 61.97717 65.13852 75.18081 85.85574 121.4287 144.9586 136.0402 93.54383 87.41872 102.286 71.97208 82.98493 89.33656 57.09685 30.73087 10.55713 53.34508 57.2833 0 0 0 0 0 0
246.5569 182.4314 97.38161 57.12418 25.45147 52.56936 68.50128 72.30576 69.7923 149.4425 98.64544 65.20889 0 0 0 0 0 0 0 0 0 0 0 0 0 0 0 0 0 0 0 0 0 43.02999 40.17454 41.19159 9.556084 0 0 0 46.08936 194.4736 385.4358 224.8586 177.2892 308.5915 261.0007 119.7172 140.7099 146.4473 95.15627 90.63429 51.38526 44.58217 67.39104 70.37093 69.1525 74.34444 61.65911 67.01285 63.61684 73.48724 117.4551 115.6457 79.11943 45.43246 43.80552 101.7526 90.60154 92.44415 72.40406 38.22433 21.41881 0 0 0 0 0 0 0 0 0
236.2936 198.5821 101.0414 27.20957 20.44696 17.72202 32.93166 73.08447 107.8578 78.81109 60.3472 61.05668 59.67119 0 0 0 0 0 0 0 0 0 0 0 0 0 0 0 0 0 0 0 0 0 17.46457 18.78265 0 0 0 0 20.09016 169.2944 313.5177 392.2694 259.6756 172.4001 157.8989 108.6101 136.0063 146.842 148.792 140.2591 58.07765 52.04403 80.02095 85.82416 47.29739 62.36943 35.95082 100.209 124.5336 69.64715 127.4845 102.7123 35.63037 47.21453 28.00729 19.40266 18.96727 78.56907 112.6711 0 0 0 0 0 0 0 0 0 0 0
191.901 136.0719 57.97038 32.9235 85.74594 82.16573 47.96228 59.67506 67.17288 62.1215 33.6003 86.28297 68.85884 58.73188 50.96895 0 0 0 0 0 0 0 0 0 0 0 0 0 0 0 0 0 0 0 0 0 0 0 0 0 0 84.62631 151.2561 274.1963 330.8111 275.4654 186.1139 115.0912 126.4267 152.2757 133.2805 134.8687 46.69683 68.6604 74.63858 70.90436 30.81396 24.82307 21.35367 45.85414 79.01067 92.43066 140.4372 113.5993 15.26324 22.7452 23.8424 11.83423 14.15893 41.68443 58.15496 0 0 0 0 0 0 0 0 0 0 0
127.3865 73.17824 20.80383 119.0061 166.5989 0 0 0 13.07929 76.61642 44.26365 0 0 80.63235 95.37669 21.74833 0 0 0 0 0 0 0 0 0 0 0 0 0 0 0 0 0 0 0 0 0 0 0 0 0 45.4636 106.5084 267.3221 171.319 183.4489 201.5705 195.5151 140.3418 186.0514 194.1274 149.4026 36.38247 39.5831 55.74924 0 0 0 15.19445 34.84227 53.99955 132.0926 174.8674 100.3607 43.48703 15.82347 12.82344 10.10528 0 11.64304 13.59698 0 0 0 0 0 0 0 0 0 0 0
147.748 91.68491 74.95699 145.9829 71.60413 0 0 0 0 0 0 0 0 68.33003 70.01563 34.01133 0 0 0 0 0 0 0 0 0 0 0 0 0 0 0 0 0 0 0 0 0 0 133.8997 143.9243 0 67.80815 69.91012 160.2807 161.4189 156.7292 169.4597 150.4815 167.6935 180.0615 202.6577 201.1857 139.069 87.08183 16.62801 0 0 0 26.62477 63.33262 130.7355 149.3944 112.3635 76.42612 83.07259 50.23655 19.60667 10.59827 9.393458 10.76432 6.590402 5.931362 5.931362 0 0 0 0 0 0 0 0 0
130.1604 100.1662 92.87658 158.0064 25.77748 0 0 0 0 0 0 0 56.56726 53.89468 38.13934 0 0 0 0 0 0 0 0 0 0 0 0 0 0 0 0 0 0 0 0 0 84.67188 130.5616 115.0894 93.50805 65.84207 73.27327 67.15143 46.84901 102.0366 215.6724 210.1515 166.2807 163.8815 206.6188 117.6505 177.5306 255.8613 154.7953 5.72833 0 0 0 47.11378 85.86524 146.4713 155.487 67.62132 74.0776 55.03152 31.29105 14.58201 24.08848 29.80177 14.96963 16.87143 7.414203 6.700242 7.908483 0 0 0 0 0 0 0 0
