LSCAM_InData/LSCAM_InData/riverflood_100yrs_cambodia.asc
ncols         292
nrows         251
xllcorner     800180
yllcorner     -2175230
cellsize      2000
NODATA_value  -9999
[rows 180 to 215 of 251, columns 164 to 245 of 292]
332.7205 374.9669 382.7772 394.0614 350.3829 553.1021 611.0219 614.4532 591.1692 591.8099 561.0082 508.4436 498.2997 561.7742 453.3858 334.8124 341.804 342.9099 390.1629 435.5918 473.4624 512.3872 565.5135 593.4391 591.5297 571.197 581.6362 537.0696 368.6058 225.0988 240.8243 293.1264 243.4787 50.74609 13.1808 0 124 -9999 -9999 -9999 -9999 -9999 -9999 -9999 -9999 -9999 -9999 -9999 -9999 -9999 -9999 -9999 -9999 -9999 -9999 -9999 -9999 -9999 -9999 -9999 -9999 -9999 -9999 -9999 -9999 -9999 -9999 -9999 -9999 -9999 -9999 -9999 -9999 -9999 -9999 -9999 -9999 -9999 -9999 -9999 -9999 -9999
454.2884 535.3602 542.1626 447.844 443.7865 555.8867 612.7722 583.0846 546.9579 519.6711 610.9677 544.4556 574.6325 578.9567 522.9237 403.8809 360.7499 295.6803 329.8527 416.1791 454.0298 497.589 529.8705 573.4695 594.0756 585.2444 578.1846 585.1993 489.4115 367.0463 282.2932 208.5949 237.2545 60.6317 0 0 0 0 147.656 0 -9999 -9999 -9999 -9999 -9999 -9999 -9999 -9999 -9999 -9999 -9999 -9999 -9999 -9999 -9999 -9999 -9999 -9999 -9999 -9999 -9999 -9999 -9999 -9999 -9999 -9999 -9999 -9999 -9999 -9999 -9999 -9999 -9999 -9999 -9999 -9999 -9999 -9999 -9999 -9999 -9999 -9999
477.3608 556.1254 518.8912 375.4443 472.1894 515.1519 556.4436 583.1141 582.3044 583.4189 612.6885 532.7024 563.6606 594.9901 534.4536 473.1923 416.1338 354.6451 353.4025 390.9585 421.2113 466.0235 480.225 567.582 555.0513 554.0369 561.0183 582.7071 532.1646 442.9359 334.6277 236.2107 178.552 132.7966 0 0 0 0 0 0 0 -9999 -9999 -9999 -9999 -9999 -9999 -9999 -9999 -9999 -9999 -9999 -9999 -9999 -9999 -9999 -9999 -9999 -9999 -9999 -9999 -9999 -9999 -9999 -9999 -9999 -9999 -9999 -9999 -9999 -9999 -9999 -9999 -9999 -9999 -9999 -9999 -9999 -9999 -9999 -9999 -9999
546.8168 538.8608 532.8541 453.9702 497.8874 450.9469 528.7891 604.6372 613.0905 601.952 519.3256 475.9348 472.548 525.7985 565.5911 556.0485 491.1385 425.9919 400.3298 409.4563 409.2176 436.3078 444.5025 481.7367 477.2017 493.1982 553.7495 587.0351 465.4411 416.8639 344.2387 224.8365 149.973 30.97489 16.14648 0 0 0 0 0 0 -9999 -9999 -9999 -9999 -9999 -9999 -9999 -9999 -9999 -9999 -9999 -9999 -9999 -9999 -9999 -9999 -9999 -9999 -9999 -9999 -9999 -9999 -9999 -9999 -9999 -9999 -9999 -9999 -9999 -9999 -9999 -9999 -9999 -9999 -9999 -9999 -9999 -9999 -9999 -9999 -9999
379.5019 346.1072 457.6855 340.9932 579.5161 521.5167 482.8475 603.9808 601.4747 476.2546 453.516 448.3161 470.3571 438.2842 454.6484 542.8989 494.9542 480.2766 439.5067 420.8294 397.1651 376.9449 376.7574 406.3982 425.3943 471.2604 522.8476 526.0386 416.6484 434.4701 426.1428 366.0589 246.918 41.14294 40.36621 0 0 0 0 0 25.04353 -9999 -9999 -9999 -9999 -9999 -9999 -9999 -9999 -9999 -9999 -9999 -9999 -9999 -9999 -9999 -9999 -9999 -9999 -9999 -9999 -9999 -9999 -9999 -9999 -9999 -9999 -9999 -9999 -9999 -9999 -9999 -9999 -9999 -9999 -9999 -9999 -9999 -9999 -9999 -9999 -9999
56.88451 37.12457 359.8254 487.2901 571.7987 572.2761 488.6704 546.2599 608.4305 540.1744 538.3472 466.8924 484.754 514.9785 456.2285 440.9615 420.0012 484.4857 475.7224 426.07 369.5453 326.3961 375.8386 421.1753 420.84 423.6568 414.3793 415.8994 421.5152 483.5644 516.3281 453.8201 309.9187 168.1285 109.3818 40.53097 0 0 0 0 67.55162 -9999 -9999 -9999 -9999 -9999 -9999 -9999 -9999 -9999 -9999 -9999 -9999 -9999 -9999 -9999 -9999 -9999 -9999 -9999 -9999 -9999 -9999 -9999 -9999 -9999 -9999 -9999 -9999 -9999 -9999 -9999 -9999 -9999 -9999 -9999 -9999 -9999 -9999 -9999 -9999 -9999
62.87668 106.5209 354.6562 540.7413 555.663 529.8837 468.0148 505.4928 571.58 507.3576 381.6956 427.2102 485.4297 487.2578 471.8087 381.6636 397.095 465.6178 474.6494 432.8895 371.4793 370.2945 427.0771 435.6616 382.0087 334.347 339.3546 362.4254 420.907 455.3263 458.6933 377.63 351.6891 229.0165 167.4597 175.3047 45.69345 0 106.1055 0 0 -9999 -9999 -9999 -9999 -9999 -9999 -9999 -9999 -9999 -9999 -9999 -9999 -9999 -9999 -9999 -9999 -9999 -9999 -9999 -9999 -9999 -9999 -9999 -9999 -9999 -9999 -9999 -9999 -9999 -9999 -9999 -9999 -9999 -9999 -9999 -9999 -9999 -9999 -9999 -9999 -9999
213.1498 334.5093 432.7249 510.1107 557.3304 581.3576 530.5624 522.837 558.9763 422.4984 316.7292 375.3915 397.9257 436.2629 463.8641 263.7327 204.3673 298.0496 462.488 429.2951 439.175 397.1656 458.1901 429.5026 375.4362 335.1965 378.6554 384.1548 380.94 340.6635 286.4628 263.0303 294.4445 193.9226 110.5723 225.465 207.0291 55.90858 159.4692 177.8545 121.888 42.17857 42.17857 -9999 -9999 -9999 -9999 -9999 -9999 -9999 -9999 -9999 -9999 -9999 -9999 -9999 -9999 -9999 -9999 -9999 -9999 -9999 -9999 -9999 -9999 -9999 -9999 -9999 -9999 -9999 -9999 -9999 -9999 -9999 -9999 -9999 -9999 -9999 -9999 -9999 -9999 -9999
516.7733 553.0443 590.0976 560.5807 516.7431 583.8123 600.4598 574.1458 506.0154 579.6324 477.1661 276.5807 314.6743 448.8974 556.2948 148.5647 42.08296 19.01114 118.5005 200.4486 213.1625 294.902 397.171 401.4266 389.0506 396.4055 421.7119 391.049 291.7585 232.0371 173.9134 167.323 220.1927 221.0531 242.8929 203.2041 254.2075 199.482 180.9595 185.758 184.6845 129.4183 -9999 -9999 -9999 -9999 -9999 -9999 -9999 -9999 -9999 -9999 -9999 -9999 -9999 -9999 -9999 -9999 -9999 -9999 -9999 -9999 -9999 -9999 -9999 -9999 -9999 -9999 -9999 -9999 -9999 -9999 -9999 -9999 -9999 -9999 -9999 -9999 -9999 -9999 -9999 -9999
440.8669 459.4938 566.9854 545.2654 545.5041 350.3092 397.6029 600.6393 490.0791 492.1827 549.1937 443.8514 245.6922 346.2054 550.6318 292.8201 111.4505 58.57433 84.94859 90.50819 86.18781 91.99981 134.3163 229.9883 270.8951 342.2516 399.396 347.3274 251.314 176.037 145.4282 149.4557 178.8928 237.9135 269.7671 165.3459 94.40453 128.9322 83.17088 76.77818 149.0408 -9999 -9999 -9999 -9999 -9999 -9999 -9999 -9999 -9999 -9999 -9999 -9999 -9999 -9999 -9999 -9999 -9999 -9999 -9999 -9999 -9999 -9999 -9999 -9999 -9999 -9999 -9999 -9999 -9999 -9999 -9999 -9999 -9999 -9999 -9999 -9999 -9999 -9999 -9999 -9999 -9999
532.1977 461.7333 485.6621 513.7994 407.4708 238.6483 196.1042 458.5341 498.3647 500.8311 454.5027 314.932 231.5636 294.8843 557.2372 335.3801 168.0674 137.1649 139.3504 113.2451 105.5197 94.46243 59.75298 60.19198 109.4144 80.35484 168.7404 265.0065 226.6787 190.2816 190.6091 191.1217 193.9043 212.4581 218.2522 194.1972 83.84959 81.2481 27.7108 25.32408 57.3986 -9999 -9999 -9999 -9999 -9999 -9999 -9999 -9999 -9999 -9999 -9999 -9999 -9999 -9999 -9999 -9999 -9999 -9999 -9999 -9999 -9999 -9999 -9999 -9999 -9999 -9999 -9999 -9999 -9999 -9999 -9999 -9999 -9999 -9999 -9999 -9999 -9999 -9999 -9999 -9999 -9999
608.7544 604.8958 567.8207 463.3981 274.4046 169.1237 163.8284 463.5959 572.4352 538.2244 408.9147 221.6868 223.1067 341.2639 513.3475 429.9691 250.1424 188.1307 131.5884 113.3549 128.5861 147.9179 133.1261 96.16495 65.5745 29.7168 16.31124 11.86272 128.1833 117.1474 183.7624 187.8265 175.5244 174.8937 150.8931 156.176 140.6381 116.3657 66.01163 60.8475 84.70375 104.9808 -9999 -9999 -9999 -9999 -9999 -9999 -9999 -9999 -9999 -9999 -9999 -9999 -9999 -9999 -9999 -9999 -9999 -9999 -9999 -9999 -9999 -9999 -9999 -9999 -9999 -9999 -9999 -9999 -9999 -9999 -9999 -9999 -9999 -9999 -9999 -9999 -9999 -9999 -9999 -9999
582.0222 566.3887 541.8046 296.8218 127.6357 148.423 175.9651 381.9612 502.7954 507.754 397.8802 304.9368 262.5638 351.5292 433.699 281.5388 272.5131 195.4054 126.0964 129.9957 154.6548 184.7509 163.442 131.0666 54.15114 32.58588 40.6722 41.05911 78.81023 153.4678 181.2463 200.4718 186.7617 175.1374 198.5963 213.9508 184.0849 160.3844 155.2357 164.9573 146.9135 142.4247 -9999 -9999 -9999 -9999 -9999 -9999 -9999 -9999 -9999 -9999 -9999 -9999 -9999 -9999 -9999 -9999 -9999 -9999 -9999 -9999 -9999 -9999 -9999 -9999 -9999 -9999 -9999 -9999 -9999 -9999 -9999 -9999 -9999 -9999 -9999 -9999 -9999 -9999 -9999 -9999
519.1896 456.8547 323.0732 218.3941 165.9016 136.1884 107.6966 170.2776 209.2487 430.4153 427.3573 397.2836 460.2214 410.4379 396.2064 155.2346 135.03 143.744 148.3939 159.7074 169.8859 165.1262 139.4968 142.3527 149.4557 101.5654 103.5425 93.50256 146.9178 207.1031 219.1493 244.584 237.0954 242.6584 225.0124 231.8063 238.266 212.4929 222.6596 232.4959 233.5814 237.2477 -9999 -9999 -9999 -9999 -9999 -9999 -9999 -9999 -9999 -9999 -9999 -9999 -9999 -9999 -9999 -9999 -9999 -9999 -9999 -9999 -9999 -9999 -9999 -9999 -9999 -9999 -9999 -9999 -9999 -9999 -9999 -9999 -9999 -9999 -9999 -9999 -9999 -9999 -9999 -9999
530.5865 520.204 178.1897 179.2418 185.1759 158.8619 103.9089 136.4971 188.4024 392.4151 448.0827 448.7192 512.3275 434.9759 318.6043 160.4299 132.6135 162.7097 186.3436 189.7303 167.8356 151.5793 126.4625 149.2806 157.8733 168.8154 214.5043 236.3394 199.8602 213.259 214.1559 258.3185 263.0658 259.2861 243.702 242.5791 310.9779 249.1329 269.5961 290.7988 279.6304 358.8474 -9999 -9999 -9999 -9999 -9999 -9999 -9999 -9999 -9999 -9999 -9999 -9999 -9999 -9999 -9999 -9999 -9999 -9999 -9999 -9999 -9999 -9999 -9999 -9999 -9999 -9999 -9999 -9999 -9999 -9999 -9999 -9999 -9999 -9999 -9999 -9999 -9999 -9999 -9999 -9999
540.9095 541.0885 424.965 226.2924 242.3206 167.6137 143.0401 163.3923 269.8664 459.3923 370.0342 462.7218 489.5335 414.6774 287.3921 173.9243 176.9844 196.6668 206.6192 186.8122 151.7257 130.8561 107.8629 168.3536 211.4604 239.5811 227.3902 279.5919 217.5003 195.7171 175.0426 203.3729 246.8338 259.4578 290.8731 263.6743 303.4618 353.0366 304.3463 332.656 349.093 -9999 -9999 -9999 -9999 -9999 -9999 -9999 -9999 -9999 -9999 -9999 -9999 -9999 -9999 -9999 -9999 -9999 -9999 -9999 -9999 -9999 -9999 -9999 -9999 -9999 -9999 -9999 -9999 -9999 -9999 -9999 -9999 -9999 -9999 -9999 -9999 -9999 -9999 -9999 -9999 -9999
540.9692 536.0762 546.4191 470.5992 402.5439 273.648 142.411 149.6513 270.5119 383.9174 371.9437 413.7127 407.7343 425.3285 287.6239 225.6105 206.6531 195.386 199.5217 183.0443 149.2552 130.4225 153.6251 191.1812 272.812 282.5139 253.2417 252.6095 264.339 177.5911 161.6294 171.6893 217.6899 223.8012 253.5368 280.3437 296.7308 292.6694 274.8883 288.7028 335.2792 337.7144 319.2136 300.0539 -9999 -9999 -9999 -9999 -9999 -9999 -9999 -9999 -9999 -9999 -9999 -9999 -9999 -9999 -9999 -9999 -9999 -9999 -9999 -9999 -9999 -9999 -9999 -9999 -9999 -9999 -9999 -9999 -9999 -9999 -9999 -9999 -9999 -9999 -9999 -9999 -9999 -9999
554.8425 551.7496 541.8842 505.0478 505.1671 481.0429 313.0159 230.5882 314.4012 358.498 447.0484 443.3887 472.5197 422.8224 341.8134 256.1926 215.1481 179.2007 156.6565 153.8665 155.191 149.8911 186.9804 188.657 236.341 275.2523 273.5446 282.2444 250.719 176.3307 187.6392 219.6427 233.9259 288.4055 314.9618 307.9066 290.6531 262.7871 252.0465 286.8939 348.3093 326.6129 297.9672 286.6204 -9999 -9999 -9999 -9999 -9999 -9999 -9999 -9999 -9999 -9999 -9999 -9999 -9999 -9999 -9999 -9999 -9999 -9999 -9999 -9999 -9999 -9999 -9999 -9999 -9999 -9999 -9999 -9999 -9999 -9999 -9999 -9999 -9999 -9999 -9999 -9999 -9999 -9999
534.1668 507.8324 474.4967 511.9695 522.4416 543.1173 545.3848 366.6131 452.7171 392.3011 506.9572 547.8909 510.7086 462.3499 441.9566 325.1988 200.483 158.6338 144.7444 147.3736 173.9248 185.6391 187.1816 190.9149 213.0288 262.4723 286.5383 308.6735 289.8767 222.4105 234.6229 225.1353 248.4066 292.9404 326.2761 291.6675 246.9746 235.8163 248.4868 296.2934 342.5585 327.7924 262.5177 236.1561 217.5845 -9999 -9999 -9999 -9999 -9999 -9999 -9999 -9999 -9999 -9999 -9999 -9999 -9999 -9999 -9999 -9999 -9999 -9999 -9999 -9999 -9999 -9999 -9999 -9999 -9999 -9999 -9999 -9999 -9999 -9999 -9999 -9999 -9999 -9999 -9999 -9999 -9999
495.2619 481.4184 477.9576 521.3974 518.1454 520.2438 550.8744 497.9669 364.6581 416.4973 458.9825 515.7089 509.7418 493.4718 434.4574 267.9655 187.1517 158.1931 161.4282 178.9324 178.3065 179.5584 183.0094 197.494 206.1294 238.7484 274.8803 317.3853 337.1759 245.2043 217.0401 221.4954 260.1617 284.9048 282.1203 237.6064 244.0653 251.2642 268.2985 278.4586 298.6848 295.0856 219.2407 195.5153 178.3253 168.3848 -9999 -9999 -9999 -9999 -9999 -9999 -9999 -9999 -9999 -9999 -9999 -9999 -9999 -9999 -9999 -9999 -9999 -9999 -9999 -9999 -9999 -9999 -9999 -9999 -9999 -9999 -9999 -9999 -9999 -9999 -9999 -9999 -9999 -9999 -9999 -9999
523.0284 526.6881 528.4385 531.601 522.2924 517.1409 541.8841 534.7237 378.9806 379.0245 467.9727 485.1577 495.421 467.7702 347.3245 308.998 247.3177 207.0485 212.1481 220.7348 203.9084 193.7151 196.7261 201.1375 210.5161 281.086 327.4695 331.7061 325.3214 290.5934 271.2603 275.1389 265.4126 291.7868 287.9679 279.5246 258.312 281.5883 282.8402 269.1417 265.3047 256.147 227.2956 170.8379 176.1834 168.2017 141.3275 118.8469 75.65041 53.84336 -9999 -9999 -9999 -9999 -9999 -9999 -9999 -9999 -9999 -9999 -9999 -9999 -9999 -9999 -9999 -9999 -9999 -9999 -9999 -9999 -9999 -9999 -9999 -9999 -9999 -9999 -9999 -9999 -9999 -9999 -9999 -9999
576.0041 583.5736 549.2832 539.0598 542.7593 518.573 518.6525 486.192 404.6653 462.453 486.6694 443.2514 395.1402 407.1671 384.912 380.377 306.6296 254.1978 251.6641 270.5443 236.1743 228.4172 208.6365 220.5407 206.3392 283.9104 307.6292 301.4534 294.5316 288.4055 288.1668 282.4186 280.0517 228.4172 234.782 290.6891 317.8057 273.5319 262.7118 240.4404 242.0369 240.8426 224.9524 172.7418 189.4191 183.5061 146.5998 130.5723 96.21987 52.06418 -9999 -9999 -9999 -9999 -9999 -9999 -9999 -9999 -9999 -9999 -9999 -9999 -9999 -9999 -9999 -9999 -9999 -9999 -9999 -9999 -9999 -9999 -9999 -9999 -9999 -9999 -9999 -9999 -9999 -9999 -9999 -9999
566.0704 583.4941 562.2515 534.0474 519.1299 506.5594 503.1383 445.6164 428.651 427.954 498.2852 410.053 257.9342 302.1639 327.973 385.2302 338.3295 292.5923 300.0213 292.9802 277.5058 241.9026 234.6825 244.8861 216.0058 223.4844 223.1065 227.9398 249.1028 247.7503 278.6992 274.3632 279.4152 256.661 254.7537 285.1966 331.6988 340.8944 307.1204 244.3029 242.1424 226.5634 201.0073 200.4947 200.6777 201.3734 192.8791 178.5999 0 0 0 -9999 -9999 -9999 -9999 -9999 -9999 -9999 -9999 -9999 -9999 -9999 -9999 -9999 -9999 -9999 -9999 -9999 -9999 -9999 -9999 -9999 -9999 -9999 -9999 -9999 -9999 -9999 -9999 -9999 -9999 -9999
540.2134 547.8511 546.1008 527.0959 519.9653 496.0973 495.1425 483.0594 495.9481 359.9301 456.357 350.3829 251.8497 232.1794 228.033 270.0271 264.5375 246.8552 272.7321 302.4081 312.4327 306.406 304.8745 254.672 191.5013 149.8117 150.5477 190.5465 229.4514 255.4676 279.8528 270.7098 314.385 322.8409 318.8072 304.9497 288.9032 361.9734 357.5973 280.6637 247.0302 234.3986 214.6274 215.9455 153.7447 111.5488 148.4551 51.5699 16.47601 0 0 0 0 -9999 -9999 -9999 -9999 -9999 -9999 -9999 -9999 -9999 -9999 -9999 -9999 -9999 -9999 -9999 -9999 -9999 -9999 -9999 -9999 -9999 -9999 -9999 -9999 -9999 -9999 -9999 -9999 -9999
497.6487 491.9203 550.9938 511.701 498.683 495.1823 471.4734 470.9165 401.0627 377.1946 431.6138 434.6371 350.5619 228.0194 153.392 170.8952 216.3041 235.6969 258.4113 308.3751 342.1882 341.9097 281.2451 163.0187 122.8409 117.749 132.1693 172.8842 234.782 265.4126 279.1248 267.5298 311.9255 342.2286 321.9174 354.2098 300.7464 202.6012 252.6514 247.9503 183.6507 228.3574 230.7959 149.9317 57.13879 11.9451 14.47753 19.37578 0 0 0 0 0 0 -9999 -9999 -9999 -9999 79.77516 -9999 -9999 -9999 -9999 -9999 -9999 -9999 -9999 -9999 -9999 -9999 -9999 -9999 -9999 -9999 -9999 -9999 -9999 -9999 -9999 -9999 -9999 -9999
435.91 455.9592 436.6658 470.8568 451.9812 444.0251 417.5316 441.4991 372.5801 400.9831 429.943 446.0142 442.6925 249.1824 121.0905 164.9282 249.0034 338.2897 345.7684 385.4689 346.564 303.3031 236.8505 112.9754 108.1222 132.6316 126.6672 118.6991 168.2807 276.2324 249.786 266.7891 302.3341 310.8133 295.592 349.9511 274.1209 100.3938 82.54698 149.0485 56.21979 0 0 14.23909 22.47499 26.64681 23.54467 23.72545 0 0 0 0 0 0 15.03687 34.80578 60.78495 59.44204 34.17022 55.24412 -9999 -9999 -9999 -9999 -9999 -9999 -9999 -9999 -9999 -9999 -9999 -9999 -9999 -9999 -9999 -9999 -9999 -9999 -9999 -9999 -9999 -9999
379.2632 360.1688 359.9897 370.0342 388.6513 427.3175 401.6992 415.4829 380.4566 414.031 403.4495 463.9948 422.703 231.3609 153.1533 186.8868 280.0318 386.6623 361.2428 336.3007 332.8398 254.3737 246.4375 215.4091 182.1132 149.3628 139.9325 139.5151 209.0032 247.8989 200.9953 226.0505 271.9091 280.8817 257.154 231.2086 132.3308 66.51746 57.087 131.5037 52.98252 25.58887 25.57557 37.28077 45.4932 36.72111 26.37343 26.58129 12.52176 8.567522 18.89274 23.83592 0 0 21.74833 27.66345 41.90751 36.75224 68.74392 93.17989 111.8663 -9999 -9999 -9999 -9999 -9999 -9999 -9999 -9999 -9999 -9999 -9999 -9999 -9999 -9999 -9999 -9999 -9999 -9999 -9999 -9999 -9999
368.6817 309.5685 378.7262 396.846 360.487 364.6241 360.1688 390.4812 407.9844 385.5882 393.7034 379.7704 320.6671 245.9602 217.9152 246.6762 260.9075 313.0294 315.2968 292.304 281.7026 263.4435 276.2328 286.2574 242.4192 145.6165 141.7872 160.3747 241.7863 215.9066 166.1703 208.246 275.0273 290.1501 238.194 130.6443 109.8439 82.97862 81.91535 141.5971 82.82833 103.464 87.92355 69.93814 53.31279 21.85817 27.43262 33.32861 32.8202 28.20692 13.40048 28.33873 9.885603 15.63657 21.80323 29.23206 26.31588 31.03626 54.30345 90.1659 136.3069 -9999 -9999 -9999 -9999 -9999 -9999 -9999 -9999 -9999 -9999 -9999 -9999 -9999 -9999 -9999 -9999 -9999 -9999 -9999 -9999 -9999
338.6875 355.0769 409.4861 412.0818 354.6791 321.7412 352.889 362.4064 405.2794 335.5847 317.3654 302.9451 232.7134 273.3687 286.9734 281.802 282.5976 265.3331 262.4689 255.5472 297.2765 321.2639 326.4352 298.4984 211.9182 136.5766 145.9368 196.7414 239.0777 179.4663 234.6108 285.4095 283.1979 293.8391 336.0616 306.4215 53.16389 33.33799 96.07118 82.35693 69.91658 121.2556 172.2457 103.4426 35.4266 21.0548 16.14648 26.02312 35.01151 40.86049 16.47601 40.26509 27.70769 23.66887 29.83685 36.06002 51.11192 85.6112 123.4612 147.75 215.1682 -9999 -9999 -9999 -9999 -9999 -9999 -9999 -9999 -9999 -9999 -9999 -9999 -9999 -9999 -9999 -9999 -9999 -9999 -9999 -9999 -9999
355.8725 415.7813 420.0477 403.0517 347.3596 379.8997 376.1007 364.3854 376.2399 371.0685 343.3816 286.5955 310.3641 344.018 347.4391 328.9016 280.4495 297.2367 283.6401 333.9139 356.6482 357.9411 342.3758 259.1295 166.9502 131.5062 156.8516 199.6042 251.0435 266.0134 361.8889 294.1521 367.7907 339.8912 427.7478 441.3585 48.90627 64.38968 77.4502 75.01179 96.58701 142.359 218.9857 111.8153 44.81474 27.3192 27.97824 30.0887 26.74012 23.72545 11.64304 44.86546 77.65772 84.13976 76.7966 88.77203 141.1587 227.8105 299.2664 303.9771 268.9426 240.8419 -9999 -9999 -9999 -9999 -9999 -9999 -9999 -9999 -9999 -9999 -9999 -9999 -9999 -9999 -9999 -9999 -9999 -9999 -9999 -9999
379.2632 392.0326 399.6703 381.0135 375.8421 361.1235 309.0315 375.2852 393.0271 397.0051 398.835 370.5514 396.2891 357.3046 299.5396 259.7065 261.0027 318.3861 360.8848 409.5756 375.6258 311.8397 247.0599 145.7085 137.7394 148.9431 193.1372 313.1769 363.4789 410.6459 398.3728 340.8748 386.2115 414.5581 429.2568 510.2391 289.3233 0 85.81513 235.7486 221.8995 185.0534 226.3531 83.80795 58.97712 41.85332 41.3055 47.34106 54.45098 51.55159 57.11682 80.25523 173.0643 215.5296 189.2351 209.3647 203.3042 179.0282 240.5012 -9999 275.6261 0 -9999 -9999 -9999 -9999 -9999 -9999 -9999 -9999 -9999 -9999 -9999 -9999 -9999 -9999 -9999 -9999 -9999 -9999 -9999 -9999
365.1811 396.1498 395.8117 363.749 347.6778 311.5575 303.2435 412.2806 394.857 348.8712 387.9352 423.8964 362.2777 264.7213 217.7015 209.5461 271.7343 363.0329 383.5594 429.9828 333.5902 245.3538 172.8882 152.7509 121.5929 168.1597 299.8814 441.9338 405.7332 452.7314 431.0733 389.2518 419.208 443.4413 -9999 -9999 -9999 -9999 -9999 292.3239 284.7818 263.0818 187.6071 101.0528 81.79421 59.24114 61.73085 68.20121 135.4924 125.5392 143.9459 152.1344 183.9805 296.4519 294.1667 217.8995 136.8922 144.5946 158.4283 -9999 -9999 -9999 -9999 -9999 -9999 -9999 -9999 -9999 -9999 -9999 -9999 -9999 -9999 -9999 -9999 -9999 -9999 -9999 -9999 -9999 -9999 -9999
368.2839 383.5594 374.0918 378.7063 389.6856 389.9243 329.9537 485.6351 547.4136 472.9453 402.3257 309.8031 312.6668 233.5262 189.9933 239.9599 276.0727 363.192 404.5238 379.0575 322.1256 282.6637 270.2822 219.1675 185.4729 254.2688 432.3878 477.3608 474.104 507.7284 470.1717 432.9789 453.3 -9999 -9999 -9999 -9999 -9999 -9999 -9999 216.0728 187.6784 148.8034 149.9966 134.5882 92.15502 130.4984 121.7344 150.7224 168.5805 194.9223 183.9188 148.5526 148.9624 155.2997 151.1977 178.6642 161.3164 141.6428 -9999 -9999 -9999 -9999 -9999 -9999 -9999 -9999 -9999 -9999 -9999 -9999 -9999 -9999 -9999 -9999 -9999 -9999 -9999 -9999 -9999 -9999 -9999
387.0601 399.2825 402.5345 408.9789 392.5099 510.1794 353.2439 522.2328 569.9689 482.4527 360.1091 254.6992 225.8159 261.912 282.4269 325.2021 315.9333 333.5985 313.3526 320.7419 344.0226 380.5779 386.4022 294.4737 333.6467 385.9171 486.4307 478.7929 494.516 516.1464 486.9081 -9999 -9999 -9999 -9999 -9999 -9999 -9999 -9999 -9999 -9999 214.2361 204.7787 190.2115 192.7034 152.6425 142.5961 130.5201 144.5035 154.3481 160.4296 166.8259 103.6395 105.5174 104.2926 150.1143 202.6292 185.8179 150.094 -9999 -9999 -9999 -9999 -9999 -9999 -9999 -9999 -9999 -9999 -9999 -9999 -9999 -9999 -9999 -9999 -9999 -9999 -9999 -9999 -9999 -9999 -9999
406.2341 415.662 453.0154 446.0142 435.7509 433.384 409.9336 500.3537 502.104 466.5406 382.2467 263.4236 265.89 281.6429 316.888 322.8749 267.8215 230.1022 251.2968 352.3408 418.3685 419.2101 423.8461 393.1705 473.0814 498.8762 516.1464 510.0601 -9999 -9999 -9999 -9999 -9999 -9999 -9999 -9999 -9999 -9999 -9999 -9999 -9999 -9999 265.2341 249.2177 233.8372 165.9993 112.9096 65.94332 87.42409 106.0539 149.7815 179.6385 130.7343 127.7833 152.6425 180.6762 215.9529 222.2572 218.9107 -9999 -9999 -9999 -9999 -9999 -9999 -9999 -9999 -9999 -9999 -9999 -9999 -9999 -9999 -9999 -9999 -9999 -9999 -9999 -9999 -9999 -9999 -9999
428.491 447.1678 478.236 472.0303 431.3751 424.2545 412.2806 494.0685 451.3447 472.9055 436.7852 336.2212 343.4611 349.1895 293.9349 261.7878 220.9456 213.9953 259.6197 407.4275 441.7975 -9999 448.2418 441.0814 511.9695 541.3272 -9999 -9999 -9999 -9999 -9999 -9999 -9999 -9999 -9999 -9999 -9999 -9999 -9999 -9999 -9999 -9999 -9999 210.9709 194.1341 135.5052 111.1447 117.0632 0 157.3549 184.7274 209.0157 195.9672 154.7886 158.2761 182.8893 192.6139 210.9512 195.0868 199.3766 -9999 -9999 -9999 -9999 -9999 -9999 -9999 -9999 -9999 -9999 -9999 -9999 -9999 -9999 -9999 -9999 -9999 -9999 -9999 -9999 -9999 -9999
