LSCAM_InData/LSCAM_InData/slope_srtm_cambodia.asc
ncols         292
nrows         251
xllcorner     800180
yllcorner     -2175230
cellsize      2000
NODATA_value  -9999
[rows 73 to 145 of 251, columns 192 to 287 of 292]
1 2 2 0 1 1 0 0 0 0 0 0 0 0 0 0 0 0 1 1 0 1 1 1 1 1 0 1 1 1 0 0 1 0 0 0 0 0 0 1 0 0 0 0 1 0 0 0 0 0 0 1 1 1 1 0 0 1 1 1 1 1 0 1 1 1 0 0 0 0 0 1 1 0 0 0 1 1 0 0 0 0 0 0 0 1 0 0 0 0 0 0 1 1 1 1
1 1 1 0 1 1 1 0 0 0 0 0 0 0 1 1 1 1 2 2 1 1 1 1 0 0 0 1 1 1 1 0 1 0 0 0 0 0 0 0 1 1 0 0 0 0 0 1 0 0 0 0 0 0 0 0 0 1 1 1 1 1 1 1 1 1 1 0 0 1 1 0 0 0 0 2 1 0 0 0 0 0 0 1 0 0 0 1 0 0 0 0 1 1 1 1
1 1 1 0 1 0 1 1 1 1 1 0 0 1 3 3 3 1 3 3 2 1 1 1 0 0 1 1 0 0 1 0 1 0 0 0 0 0 0 0 0 0 1 1 1 1 1 2 1 0 1 1 0 0 0 0 0 0 1 1 1 0 0 1 1 1 1 0 0 0 0 0 1 0 0 1 0 1 0 0 0 0 0 1 1 1 0 0 0 0 0 0 1 1 0 0
1 1 1 0 1 2 1 1 1 2 1 2 3 3 1 1 3 2 2 1 1 1 0 0 0 0 0 0 0 0 0 1 0 0 0 0 0 0 0 0 0 0 1 1 1 1 1 1 0 0 0 0 0 0 0 0 0 0 1 1 1 0 0 0 1 1 1 0 0 0 1 0 1 0 1 1 0 0 1 1 1 1 1 1 0 0 0 0 1 1 0 0 0 0 0 0.5833333
1 1 0 0 1 2 2 1 0 1 1 1 1 0 0 0 1 1 2 2 2 2 1 1 0 0 1 0 0 0 0 0 0 0 0 0 1 1 0 0 0 0 1 1 1 1 1 1 0 0 0 0 0 0 0 0 0 0 0 0 1 1 1 0 1 0 1 0 0 1 0 1 1 1 0 0 0 0 1 1 0 1 1 0 0 0 0 0 1 0 0 0 1 1 0 -9999
1 1 1 0 0 1 1 1 1 1 1 2 1 1 0 0 1 1 1 2 3 3 3 3 2 1 0 1 1 2 0 0 0 0 0 0 0 0 0 0 0 1 1 1 2 1 1 1 1 0 0 0 0 0 0 0 0 0 1 1 1 1 2 1 0 0 0 1 1 0 0 0 0 0 1 0 0 0 0 1 1 1 1 0 0 1 0 1 0 0 0 0 0 1 1 -9999
1 1 1 0 0 1 1 1 1 1 2 1 0 0 0 2 1 2 2 1 1 1 1 2 1 2 2 3 4 2 0 0 2 1 0 0 0 0 0 0 0 1 2 1 2 1 1 0 0 0 0 0 0 0 0 0 0 1 1 1 0 1 1 0 0 0 0 0 0 0 0 0 0 0 0 0 0 0 1 1 1 2 1 1 0 1 1 0 0 1 0 0 0 0 0.3333333 -9999
1 2 1 1 0 1 1 1 1 1 1 0 0 1 1 1 1 1 1 1 1 1 1 3 3 3 4 5 4 3 1 0 0 0 0 1 0 0 0 0 1 1 1 0 2 2 1 1 0 0 0 0 0 0 0 0 0 1 1 0 1 0 0 0 0 0 0 0 0 0 0 1 1 1 0 0 0 1 1 1 1 1 0 1 0 0 0 0 0 0 0 0 0 0 -9999 -9999
2 1 1 1 0 0 1 1 1 2 1 1 2 2 1 1 1 1 1 1 1 1 2 2 3 4 3 4 2 3 1 0 1 1 1 1 1 1 1 0 1 1 2 1 3 1 1 0 0 0 0 0 0 0 1 0 1 1 0 0 0 0 0 0 0 0 0 0 0 0 0 1 1 1 0 0 1 2 1 1 1 1 0 1 0 0 0 0 0 0 0 0 0 0 -9999 -9999
1 2 2 2 0 1 1 1 1 2 2 2 1 1 2 2 2 1 1 1 1 2 2 2 2 4 4 3 4 2 1 2 3 2 1 1 1 1 1 1 1 1 3 2 1 1 1 0 0 0 1 0 0 0 1 1 0 0 0 0 0 0 0 0 0 0 0 0 0 0 0 1 1 1 1 0 1 1 1 2 1 1 0 1 0 0 0 0 1 1 0 0 0 0 -9999 -9999
1 1 1 2 0 0 1 1 2 1 1 2 1 1 1 1 2 5 5 2 2 2 1 2 1 1 1 3 2 1 2 4 3 1 2 1 1 1 1 1 0 0 1 0 0 1 0 1 1 0 1 0 0 0 1 0 0 0 0 0 0 0 1 0 0 0 0 0 0 0 0 1 0 1 1 0 1 1 1 1 1 0 1 0 1 1 0 0 0 1 1 0 0 0.1666667 -9999 -9999
2 2 2 1 0 1 1 2 2 1 2 1 0 0 1 3 6 4 3 2 1 2 1 1 1 1 1 5 1 1 1 2 2 1 1 1 1 1 1 2 1 0 1 0 0 1 1 1 1 1 1 1 0 0 1 1 1 0 0 0 0 0 0 0 0 0 1 0 0 0 0 0 0 0 1 0 0 1 0 1 0 0 1 1 1 1 0 1 0 1 0 0 0 -9999 -9999 -9999
2 1 2 1 0 1 1 3 1 2 1 1 0 0 1 5 3 2 2 2 1 1 2 1 2 2 1 1 1 1 1 1 1 1 2 1 1 1 1 1 1 1 1 1 1 1 2 2 1 1 1 0 1 1 1 1 1 0 0 1 3 0 0 0 0 0 0 0 0 0 0 0 0 0 1 0 0 0 0 0 0 0 1 0 1 1 0 0 1 1 1 1 1 -9999 -9999 -9999
1 1 0 0 0 1 1 2 3 2 1 0 0 3 0 3 3 2 1 1 1 1 3 2 1 2 1 1 1 1 1 1 2 2 1 1 1 1 1 1 1 1 0 0 0 1 1 1 1 1 2 1 1 1 2 1 1 0 0 1 1 0 0 0 0 0 0 0 0 0 0 0 0 0 1 1 0 1 0 0 0 1 0 0 0 1 1 1 1 1 0 2 2.666667 -9999 -9999 -9999
2 3 1 0 0 1 1 1 1 1 1 0 0 1 0 1 4 2 1 1 1 1 1 3 3 1 1 1 0 1 1 1 1 1 2 2 1 1 1 1 1 1 0 1 2 2 2 1 1 1 1 1 1 1 1 1 1 0 0 1 2 0 0 0 0 0 0 0 0 0 0 1 0 0 0 1 0 0 0 1 0 0 0 0 1 1 1 1 0 1 5 7 -9999 -9999 -9999 -9999
1 0 1 0 1 1 1 1 0 0 0 0 0 0 1 1 4 3 1 1 1 1 0 2 2 1 1 0 0 0 1 1 1 1 1 1 1 1 2 1 1 1 1 1 1 2 1 1 1 1 1 1 1 1 1 1 1 0 0 0 0 0 0 0 0 0 0 0 0 0 0 0 0 0 0 0 1 0 1 1 1 1 0 0 0 1 0 0 1 6 10 5 -9999 -9999 -9999 -9999
2 2 0 0 0 1 2 0 1 1 0 0 0 0 0 0 1 3 2 1 1 0 0 1 2 1 0 0 1 0 0 1 1 1 0 1 1 1 1 0 0 1 1 1 1 1 2 1 2 1 2 1 1 1 1 1 1 1 0 0 0 0 0 0 0 0 0 0 0 0 0 1 0 0 0 0 0 1 1 0 0 0 0 0 0 1 1 2 4 8 8 6 -9999 -9999 -9999 -9999
3 2 1 1 2 1 2 1 2 1 1 1 0 0 0 0 1 1 2 1 1 1 1 1 2 1 0 0 0 0 0 1 0 0 1 0 0 0 0 0 1 1 1 1 0 0 1 1 1 1 1 1 1 2 1 0 1 1 1 1 1 0 0 0 1 1 0 0 0 1 1 0 0 0 0 0 1 2 0 0 0 0 0 0 0 0 1 1 1 1 2 3.769231 -9999 -9999 -9999 -9999
1 1 1 1 2 2 1 2 2 1 2 2 0 0 0 1 0 1 1 1 1 1 1 3 2 0 1 1 1 0 0 0 1 1 0 0 0 1 0 0 0 0 0 0 0 0 1 1 1 1 1 1 2 2 1 1 1 1 1 0 1 0 0 0 1 1 0 0 1 1 0 0 0 0 0 0 2 2 0 0 0 1 0 0 0 2 5 6 3 1 1 2.384615 -9999 -9999 -9999 -9999
1 1 1 1 1 0 0 1 2 1 1 1 0 0 0 0 0 1 1 2 1 1 4 4 1 1 1 1 1 1 1 0 0 1 1 0 1 1 1 0 0 0 0 0 0 0 0 1 1 1 1 1 1 1 1 1 1 0 1 1 1 0 0 0 0 0 0 0 1 1 0 0 0 0 0 0 2 2 1 0 1 0 0 0 3 3 8 8 5 1 0 0 -9999 -9999 -9999 -9999
1 1 1 0 0 0 1 0 1 1 1 1 1 0 1 0 0 1 1 2 2 3 4 1 1 1 1 2 1 0 1 0 0 1 1 0 1 0 1 1 0 1 0 0 0 0 1 1 1 2 2 2 1 1 0 1 1 1 2 2 1 0 0 0 0 0 0 0 1 1 1 0 0 0 0 0 1 2 1 0 0 2 4 6 2 2 3 4 1 1 1 1 -9999 -9999 -9999 -9999
1 1 1 0 1 0 0 1 0 1 1 1 2 1 0 0 0 0 1 1 2 1 1 1 0 0 1 1 0 0 1 0 0 0 1 1 1 1 1 1 1 1 1 0 1 1 2 1 1 1 1 2 1 2 1 0 1 1 2 2 0 0 0 0 0 0 0 0 0 1 1 0 0 0 0 0 0 1 0 0 3 9 5 1 1 11 7 2 1 1 5 0 -9999 -9999 -9999 -9999
1 0 0 0 1 1 1 1 0 1 1 1 1 0 0 0 0 1 1 0 0 0 0 0 0 0 1 1 0 0 0 0 0 0 1 1 1 1 1 1 1 0 1 1 1 1 1 1 1 1 1 1 1 1 1 1 1 1 1 1 0 0 1 0 0 0 0 0 0 1 1 0 1 0 0 0 0 1 1 0 5 3 1 1 5 8 2 1 1 1 0 0 -9999 -9999 -9999 -9999
1 1 1 1 2 0 1 0 0 1 1 0 1 0 1 1 0 0 1 0 0 0 0 1 0 1 0 1 0 0 1 0 0 1 2 1 1 1 1 1 1 1 1 1 1 1 1 0 1 1 1 1 0 0 1 2 1 1 1 1 0 0 1 0 0 0 0 0 0 0 0 1 1 1 0 0 1 1 1 0 4 2 1 2 4 2 1 2 0 1 0 0 -9999 -9999 -9999 -9999
0 0 0 2 1 1 0 0 0 0 1 0 2 1 1 1 0 0 0 0 0 0 0 0 0 1 0 1 0 0 1 1 1 0 0 0 0 1 0 1 1 1 1 1 1 1 1 0 1 1 1 0 1 0 1 1 1 1 1 0 0 0 1 1 0 0 0 0 1 1 2 1 0 1 0 0 0 1 3 0 2 5 6 3 1 1 1 1 0 1 0 1 0.6666667 -9999 -9999 -9999
1 0 0 0 0 1 1 0 0 1 1 0 1 2 1 0 0 0 0 0 0 0 0 0 0 0 0 1 0 0 0 0 0 0 0 0 0 0 0 0 1 1 1 1 1 1 0 0 1 1 0 1 1 1 1 1 1 0 0 0 0 0 1 1 0 0 1 0 1 1 4 4 1 1 0 1 0 0 1 0 1 1 4 2 1 1 1 2 1 1 1 1 1 -9999 -9999 -9999
1 1 0 0 0 0 0 0 0 1 1 0 1 1 1 0 0 0 1 0 0 0 0 0 0 0 0 1 0 0 0 0 0 0 0 1 0 0 0 1 1 1 1 1 1 0 0 1 1 1 1 1 1 1 1 1 0 0 0 0 0 0 1 1 0 0 1 1 1 1 1 2 1 1 2 3 2 1 1 0 0 0 1 1 1 2 1 2 2 2 2 1 1 -9999 -9999 -9999
5 1 0 0 0 0 0 0 1 1 0 1 1 1 1 1 0 1 2 0 0 0 1 0 0 0 0 0 0 0 0 0 0 0 0 0 0 0 1 1 1 1 1 1 0 0 0 1 1 0 1 1 1 1 0 0 0 0 0 0 0 1 1 1 1 0 0 1 1 1 1 2 2 2 3 2 3 6 1 0 1 0 0 1 1 1 2 2 2 2 2 1 1 0 1.083333 -9999
1 0 0 0 0 0 0 0 1 1 0 1 1 2 1 0 0 0 2 0 0 0 0 0 0 0 0 0 0 0 0 0 0 0 0 0 0 1 1 1 1 1 1 1 0 1 0 0 1 0 0 1 1 1 0 1 0 0 1 1 1 1 1 1 2 1 0 1 2 1 1 2 3 2 1 2 4 3 1 1 1 1 0 0 1 3 3 2 2 1 1 1 1 1 1 3
0 0 0 0 0 0 0 0 1 0 0 1 1 1 0 0 0 0 0 1 0 0 0 0 0 0 0 0 0 0 1 0 0 0 0 0 0 0 0 1 1 1 1 1 0 1 0 0 0 0 0 0 0 0 0 1 1 1 1 1 0 0 1 1 2 2 1 1 1 1 3 3 2 3 4 5 3 2 1 1 1 1 1 1 1 3 2 2 3 1 1 1 1 1 1 1
0 0 0 0 0 0 0 0 0 1 1 1 1 1 0 0 0 1 2 1 0 0 0 0 0 0 0 0 1 1 1 1 1 0 0 1 0 0 0 0 1 1 1 1 1 1 0 0 0 1 1 1 1 1 1 1 2 1 0 0 1 1 1 1 0 2 4 1 2 3 2 3 2 1 3 3 5 5 2 3 1 1 1 1 2 3 1 2 4 7 2 1 1 2 1 1
0 0 0 0 0 0 0 0 0 1 1 2 1 0 0 0 0 1 2 1 0 0 0 1 1 1 1 1 1 1 0 1 1 1 1 1 1 0 1 1 1 1 1 0 1 2 2 0 0 1 1 1 1 1 1 1 1 2 1 1 2 3 1 1 1 0 2 5 4 2 2 1 1 1 2 2 4 5 5 4 3 2 2 4 5 5 2 3 3 2 7 7 3 1 1 1
0 0 0 0 0 0 0 0 0 1 1 1 1 1 0 0 0 0 1 1 0 0 1 1 1 0 0 1 1 1 1 1 1 1 1 1 1 1 2 1 1 0 0 1 1 1 1 0 0 0 1 1 0 0 0 0 1 1 2 2 2 3 1 2 2 4 1 3 3 3 3 2 1 2 3 2 2 5 3 4 3 4 4 3 5 5 3 2 3 2 4 6 7 1 1 1
0 0 0 0 0 0 0 0 0 1 1 1 0 0 0 0 0 0 1 0 0 0 0 1 0 0 1 1 1 2 1 1 1 1 1 1 1 1 1 1 1 1 0 0 1 2 1 3 0 0 1 1 1 0 0 2 1 1 2 1 1 1 1 3 7 5 3 2 1 4 3 3 3 2 3 1 1 3 2 4 5 3 2 1 2 2 2 1 2 2 1 2 5 2 1 1
0 0 0 0 0 0 0 0 0 1 1 1 0 0 0 0 0 1 2 0 0 0 0 0 0 1 1 1 1 1 1 1 1 1 1 1 1 2 2 1 1 0 1 1 2 1 1 2 0 0 0 1 1 1 4 1 2 2 2 2 1 1 1 3 3 4 2 1 3 1 1 3 2 2 5 1 1 1 1 3 3 3 2 1 1 1 3 2 3 2 2 1 2 2 2 2
0 0 0 0 0 0 0 0 0 1 1 0 0 0 0 0 0 2 1 0 0 0 0 0 0 0 1 0 1 3 4 2 3 3 1 1 2 5 2 1 1 1 0 1 2 1 0 0 0 0 1 1 2 2 2 1 1 1 1 1 1 1 3 1 2 2 3 3 1 1 1 1 1 3 6 1 1 1 2 2 2 3 2 1 1 1 3 2 2 2 1 1 2 2 2 1
0 0 0 0 0 0 0 0 1 1 2 1 0 0 0 0 0 1 0 0 0 0 0 0 0 0 1 1 1 4 2 1 2 1 1 1 1 2 1 1 1 0 0 1 1 0 1 1 0 1 1 1 2 1 1 0 1 1 2 1 1 2 2 1 0 2 2 1 1 1 2 2 2 3 7 3 0 1 2 2 2 3 3 1 1 0 2 3 1 1 2 1 1 0 3 2
0 0 0 1 0 0 0 0 1 1 2 0 0 0 0 0 1 0 0 0 0 0 0 0 0 0 0 1 1 1 1 3 2 1 1 1 1 1 1 1 1 0 0 0 1 0 1 1 1 1 1 1 1 2 1 1 1 0 1 2 2 1 2 3 1 1 1 1 1 2 1 1 2 2 2 6 1 1 1 2 2 3 3 2 1 1 2 1 1 2 2 1 1 1 1 3
0 0 0 0 0 0 1 0 1 1 1 0 0 0 0 1 1 0 0 0 0 0 0 0 0 0 0 0 0 0 0 0 0 0 1 1 1 1 2 2 1 1 1 0 0 0 1 1 1 1 1 1 1 1 2 1 1 0 1 1 1 2 4 5 1 1 1 2 2 2 2 2 1 1 3 6 2 1 1 2 2 2 2 3 3 2 4 2 1 2 3 2 2 1 2 2
1 0 0 0 0 0 0 1 0 1 1 0 0 0 0 1 1 0 0 0 0 0 0 0 0 0 0 0 0 1 0 0 0 0 0 1 1 0 1 1 1 1 1 1 0 1 1 1 1 0 1 2 1 1 1 0 0 0 0 1 1 1 1 1 1 1 1 1 2 2 1 2 2 2 3 2 3 1 1 1 2 2 1 1 4 3 3 3 2 4 3 4 5 1 3 2
1 0 0 0 0 0 0 1 1 1 0 0 0 0 0 0 0 0 0 0 0 0 0 0 0 0 0 0 1 0 0 0 0 0 0 0 0 1 1 1 1 1 1 1 0 1 0 1 1 1 2 1 0 0 0 1 1 0 0 0 1 1 0 0 0 1 1 1 2 3 3 2 1 2 3 4 2 2 1 2 2 1 1 1 1 3 3 5 3 6 6 5 8 5 5 2
1 1 1 0 0 0 0 0 0 0 0 0 0 0 0 0 0 0 0 0 0 0 0 0 0 0 0 0 0 0 0 0 0 0 0 1 1 1 1 1 1 1 1 1 1 0 1 0 1 2 1 1 1 0 1 1 1 2 1 1 1 1 0 0 1 0 0 1 1 2 2 3 3 6 7 4 3 3 1 1 2 2 1 3 2 2 3 5 5 6 8 7 8 8 6 5
1 0 1 0 0 0 0 0 1 0 0 0 0 0 0 0 0 0 0 0 0 0 0 0 0 0 0 0 0 0 0 0 0 0 0 1 0 0 0 1 3 1 0 1 1 1 1 1 1 1 0 1 0 0 0 2 1 1 3 1 0 0 0 1 1 0 1 1 1 3 4 3 6 5 5 4 3 3 2 1 1 1 2 2 2 3 3 5 3 3 6 6 4 4 6 5
1 0 0 0 0 0 0 0 0 0 0 0 0 0 0 0 0 0 0 0 0 0 0 0 0 0 0 0 0 0 0 1 0 0 0 0 0 0 0 1 2 1 1 1 1 1 1 1 1 1 1 1 1 0 2 2 1 1 3 1 0 0 0 2 2 1 1 1 1 2 2 3 7 7 7 6 3 3 3 4 3 4 4 1 3 2 1 3 3 2 4 5 2 2 2 3
1 1 0 1 1 1 0 0 0 1 0 0 0 0 0 0 0 0 0 0 0 0 0 0 0 0 0 0 0 0 1 1 1 0 1 0 0 0 0 0 1 0 0 1 1 1 1 1 2 2 1 1 1 1 1 2 2 3 3 3 2 1 1 0 0 1 1 2 2 1 2 3 9 6 6 6 7 5 3 4 6 7 6 4 4 1 2 2 3 2 2 1 2 2 2 4
1 1 1 1 1 0 0 0 0 1 1 0 0 0 0 0 0 0 0 0 0 0 0 0 0 0 0 0 0 0 0 0 0 1 0 0 0 0 0 0 0 0 1 1 1 1 1 1 2 1 1 2 1 2 2 2 3 3 1 1 1 2 1 0 1 2 2 2 3 5 5 6 13 9 6 7 7 5 5 7 5 7 9 8 4 2 1 2 5 6 3 2 2 2 2 5
1 1 2 2 1 1 0 0 0 0 1 0 0 1 0 0 0 1 0 0 0 0 0 0 0 0 0 0 0 0 0 0 1 0 0 0 0 0 0 0 1 1 0 0 1 1 1 0 1 0 1 5 3 3 4 2 1 3 4 2 2 1 2 1 2 3 4 4 4 6 6 7 5 10 8 7 4 6 8 5 6 7 8 8 5 6 4 4 6 7 7 2 2 3 3 5
1 1 1 1 0 1 1 0 0 0 0 0 0 0 0 0 0 0 0 0 0 0 0 0 0 0 0 0 0 0 0 0 0 0 0 0 0 0 0 0 0 0 0 1 1 1 0 0 0 0 1 5 3 2 2 1 2 2 3 2 2 2 2 4 5 2 3 2 4 4 4 5 4 5 8 6 7 5 8 5 6 7 6 7 6 7 7 6 7 8 5 2 2 5 5 4
1 1 1 1 1 1 0 0 0 0 0 0 0 0 0 1 0 0 0 0 0 0 0 1 0 0 0 0 0 0 0 0 0 0 0 0 0 0 0 0 0 0 0 0 1 0 0 0 0 0 1 5 1 1 1 1 1 1 1 3 2 2 5 3 2 4 4 4 4 3 2 4 4 4 8 9 7 8 9 8 5 6 5 7 3 6 8 7 5 6 6 2 3 5 5 4
1 1 0 0 0 0 0 0 0 0 0 0 0 0 0 0 0 0 1 0 0 0 0 0 0 0 0 0 0 0 0 0 0 0 1 0 0 0 0 1 1 1 0 0 0 0 0 0 0 0 1 4 1 1 1 0 0 0 0 1 3 2 1 2 2 3 3 3 5 4 3 6 6 4 5 8 6 6 5 5 5 5 6 5 5 5 7 8 8 7 6 5 6 7 5 5
0 1 0 0 0 0 0 0 0 0 0 0 0 0 0 1 0 0 0 0 0 1 1 0 0 0 0 0 0 0 1 0 0 0 0 0 0 0 0 1 2 2 2 0 0 0 0 0 0 0 1 1 1 1 1 0 1 0 2 0 2 4 3 2 3 7 7 4 7 5 5 5 5 5 4 6 7 5 4 3 5 6 6 7 6 6 7 8 8 10 8 8 6 6 7 5
0 0 0 0 0 0 0 0 0 0 0 1 1 0 1 0 0 0 0 0 0 0 0 0 0 0 0 0 0 0 1 0 0 0 0 0 0 0 1 3 2 4 3 0 0 0 0 0 0 0 0 0 0 1 1 0 2 2 3 1 3 3 3 2 2 1 3 8 7 6 5 5 6 6 5 5 5 6 5 4 4 6 7 6 5 4 6 6 7 9 8 10 7 4 7 5
0 0 0 0 0 0 0 0 0 0 0 0 1 0 1 0 0 0 0 0 0 0 0 0 0 0 0 0 0 0 0 0 0 0 0 0 0 0 1 3 3 4 3 1 0 0 0 0 1 1 0 0 1 1 1 2 2 2 1 1 2 3 3 2 1 3 7 7 5 4 5 5 6 9 8 7 9 6 6 5 4 6 6 6 5 4 7 7 5 8 6 7 6 5 6 6
1 1 0 1 2 1 0 0 0 0 0 0 0 1 0 0 0 0 0 0 0 0 0 0 0 0 0 0 0 0 0 0 0 0 0 0 0 0 1 1 4 3 8 1 1 1 0 1 1 1 1 0 1 2 1 3 2 1 1 2 1 2 4 3 3 3 8 7 8 3 3 4 5 6 9 10 9 5 7 5 5 5 6 6 5 5 6 5 6 6 6 7 8 6 6 6
1 1 1 0 1 0 1 0 0 0 0 0 0 0 0 0 0 0 0 1 0 0 0 0 0 0 0 0 0 0 0 0 0 0 0 0 0 0 0 1 1 1 2 0 1 0 1 0 0 1 0 0 1 1 2 1 2 1 1 2 2 3 4 2 2 6 8 7 5 3 2 3 3 5 7 10 10 10 8 6 5 5 5 7 5 7 6 5 6 6 7 7 8 6 6 4
1 1 1 1 0 1 1 0 0 0 0 0 1 0 0 0 0 0 0 0 0 0 0 0 0 0 0 0 0 1 1 1 1 0 0 1 1 1 1 0 0 1 0 0 0 1 1 0 2 1 0 1 1 1 0 1 1 0 2 2 3 2 2 2 7 6 4 4 5 3 2 4 5 5 4 5 5 7 8 5 5 6 7 7 6 6 5 5 5 5 6 7 9 8 5 4
1 1 1 1 1 1 2 1 0 0 0 0 1 0 1 0 0 0 0 0 0 0 0 0 0 0 0 0 0 3 2 0 0 0 0 0 1 0 0 0 1 2 0 0 1 1 1 0 1 0 0 1 0 1 0 1 0 0 2 3 3 2 3 2 3 3 2 3 4 5 7 8 9 5 5 4 4 4 5 5 5 5 4 6 11 9 7 6 4 3 5 6 7 6 6 5
1 0 1 1 1 2 1 0 1 0 0 0 0 1 0 0 0 0 0 0 0 0 0 0 0 0 0 0 2 3 1 0 0 0 0 1 3 1 0 0 1 3 1 0 1 0 0 0 0 0 0 1 0 0 0 1 0 1 2 2 2 5 4 4 4 4 4 5 6 8 7 10 8 8 8 6 5 3 4 4 5 14 11 14 15 -9999 -9999 5.5 -9999 -9999 5 6 4 4 4 -9999
1 1 1 1 1 1 1 1 1 1 1 0 0 0 0 0 0 0 0 0 0 0 0 0 0 0 0 0 1 0 0 0 0 0 1 3 3 4 1 0 0 1 1 0 1 0 0 0 1 1 1 1 1 1 1 1 1 2 1 2 2 4 5 5 5 5 5 5 3 5 8 8 7 8 5 6 6 5 10 8 11 15 14 -9999 -9999 -9999 -9999 -9999 -9999 -9999 6 6 5 4 -9999 -9999
1 0 1 1 1 1 1 1 1 2 1 1 1 0 0 0 0 0 0 0 0 0 0 0 0 0 0 0 0 0 0 0 0 0 0 1 0 1 1 0 0 0 0 0 0 0 0 0 1 0 1 0 1 1 1 1 1 1 2 2 3 4 6 6 5 4 5 5 4 7 7 5 5 3 6 9 11 12 13 13 10.28571 12 12.33333 -9999 -9999 -9999 -9999 -9999 -9999 -9999 -9999 5 5 4 -9999 -9999
1 1 1 1 1 1 1 1 1 1 1 1 1 1 0 0 0 0 0 1 1 0 0 0 0 0 0 0 0 0 0 0 0 0 0 0 0 2 1 0 0 1 1 0 0 0 0 1 1 1 1 1 1 1 1 2 1 2 3 3 2 6 4 3 5 7 5 5 4 6 6 7 6 8 9 11 13 11 10 10.66667 11.77778 -9999 -9999 -9999 -9999 -9999 -9999 -9999 -9999 -9999 -9999 -9999 5 5 -9999 -9999
2 1 1 1 1 1 1 1 1 0 0 1 1 1 0 0 0 0 1 5 4 1 0 0 0 0 0 0 0 0 0 0 0 0 0 0 1 1 1 0 0 0 0 0 0 0 0 0 0 1 1 1 1 1 2 2 2 2 2 3 4 3 3 7 6 3 3 4 5 6 6 6 8 7 6 9 11 8 -9999 -9999 -9999 -9999 -9999 -9999 -9999 -9999 -9999 -9999 -9999 -9999 -9999 -9999 -9999 -9999 -9999 -9999
2 2 1 1 1 1 1 2 1 0 0 1 2 1 0 0 1 0 0 2 4 1 0 0 0 0 0 0 1 1 1 0 0 0 0 0 0 1 0 0 0 0 0 0 0 0 0 0 1 2 2 1 1 1 2 2 2 2 2 2 1 1 2 2 1 1 2 3 6 6 6 6 7 4 4 8 8 9.357142 -9999 -9999 -9999 -9999 -9999 -9999 -9999 -9999 -9999 -9999 -9999 -9999 -9999 -9999 -9999 -9999 -9999 -9999
2 1 1 1 1 1 1 1 2 1 1 1 2 1 1 0 1 0 0 3 3 3 3 2 1 2 1 0 1 1 1 0 0 1 0 0 1 1 0 0 0 0 0 0 0 0 1 1 1 1 1 1 1 1 1 1 2 2 2 2 2 2 2 2 2 1 2 5 7 8 7 7 7 7 8 10 9 8 -9999 -9999 -9999 -9999 -9999 -9999 -9999 -9999 -9999 -9999 -9999 -9999 -9999 -9999 -9999 -9999 -9999 -9999
2 2 1 1 1 1 1 1 2 1 1 1 2 2 1 0 1 0 2 3 0 1 1 2 3 5 3 0 1 6 1 0 1 1 1 1 2 2 0 0 0 0 0 0 0 0 0 1 2 1 1 1 1 0 2 1 2 2 1 2 2 1 2 2 2 3 4 7 7 8 7 9 7 9 11 6 9 -9999 -9999 -9999 -9999 -9999 -9999 -9999 -9999 -9999 -9999 -9999 -9999 -9999 -9999 -9999 -9999 -9999 -9999 -9999
0 2 2 2 1 0 1 1 2 1 2 1 1 1 0 0 1 0 2 4 1 1 0 1 2 2 2 1 5 7 1 0 0 0 0 1 1 1 1 0 0 0 0 0 0 0 1 2 1 1 0 0 0 1 2 1 1 1 1 2 2 2 2 3 3 3 4 4 6 6 7 7 8 13 8 8 -9999 -9999 -9999 -9999 -9999 -9999 -9999 -9999 -9999 -9999 -9999 -9999 -9999 -9999 -9999 -9999 -9999 -9999 -9999 -9999
0 2 2 2 1 0 0 1 2 1 1 2 2 1 0 0 1 0 1 2 1 1 2 2 2 1 1 2 4 2 1 0 0 0 0 1 1 1 0 0 0 0 0 0 1 2 2 2 1 1 0 0 1 0 2 2 2 1 2 2 2 2 1 2 3 4 2 3 5 6 6 6 7 10 8.529411 9 -9999 -9999 -9999 -9999 -9999 -9999 -9999 -9999 -9999 -9999 -9999 -9999 -9999 -9999 -9999 -9999 -9999 -9999 -9999 -9999
0 1 0 1 0 0 0 0 0 0 0 1 1 1 0 0 0 0 1 2 2 1 1 2 1 1 1 3 2 1 0 0 0 0 1 1 1 1 0 0 0 0 0 0 1 2 1 1 1 1 1 1 1 1 1 1 1 1 1 1 1 2 2 1 2 2 2 3 6 6 6 6 8 9 9 -9999 -9999 -9999 -9999 -9999 -9999 -9999 -9999 -9999 -9999 -9999 -9999 -9999 -9999 -9999 -9999 -9999 -9999 -9999 -9999 -9999
0 0 0 0 2 1 0 0 0 1 1 0 0 0 0 0 0 0 1 1 1 2 1 2 1 1 1 2 1 1 1 0 0 0 1 1 1 1 0 0 1 1 0 0 2 1 0 1 1 1 1 1 1 1 1 1 1 1 1 2 1 1 2 1 2 4 3 5 5 6 6 6 6 8 -9999 -9999 -9999 -9999 -9999 -9999 -9999 -9999 -9999 -9999 -9999 -9999 -9999 -9999 -9999 -9999 -9999 -9999 -9999 -9999 -9999 -9999
0 0 0 0 1 3 1 0 0 0 0 0 0 0 0 0 1 1 1 2 1 1 2 1 2 2 2 2 1 0 0 0 0 1 1 1 1 2 1 0 0 0 1 1 2 2 1 2 1 1 1 2 2 1 1 2 2 1 2 2 1 3 1 1 1 2 5 7 7 6 6 8 9 9 -9999 -9999 -9999 -9999 -9999 -9999 -9999 -9999 -9999 -9999 -9999 -9999 -9999 -9999 -9999 -9999 -9999 -9999 -9999 -9999 -9999 -9999
0 0 0 0 0 0 0 0 0 0 0 0 1 1 2 3 2 2 1 1 1 2 2 3 3 2 3 2 0 0 0 0 0 1 1 1 2 2 2 1 0 1 2 1 2 2 2 2 2 2 1 2 1 1 2 2 2 2 1 1 1 1 1 1 1 1 3 4 5 4 6 6.6875 7 -9999 -9999 -9999 -9999 -9999 -9999 -9999 -9999 -9999 -9999 -9999 -9999 -9999 -9999 -9999 -9999 -9999 -9999 -9999 -9999 -9999 -9999 -9999
1 0 0 0 0 0 0 0 0 0 0 0 0 0 1 2 2 2 1 1 1 2 2 1 1 3 4 1 1 0 0 1 1 1 1 2 2 1 1 0 0 2 2 2 2 1 2 1 2 1 2 2 2 1 1 1 1 1 1 2 1 1 1 1 1 2 2 4 5 5 7 -9999 -9999 -9999 -9999 -9999 -9999 -9999 -9999 -9999 -9999 -9999 -9999 -9999 -9999 -9999 -9999 -9999 -9999 -9999 -9999 -9999 -9999 -9999 -9999 -9999
0 0 0 0 0 0 0 0 0 0 0 0 0 0 0 2 2 2 2 1 1 3 3 2 1 2 3 2 2 1 1 1 0 1 2 2 2 2 1 1 1 1 1 1 1 1 1 1 1 1 1 1 1 1 1 1 1 1 1 1 1 1 1 1 1 1 2 4 6 8 -9999 -9999 -9999 -9999 -9999 -9999 -9999 -9999 -9999 -9999 -9999 -9999 -9999 -9999 -9999 -9999 -9999 -9999 -9999 -9999 -9999 -9999 -9999 -9999 -9999 -9999
