LSCAM_InData/LSCAM_InData/topsoilclay.asc
ncols         292
nrows         251
xllcorner     800180
yllcorner     -2175230
cellsize      2000
NODATA_value  -9999
[rows 98 to 146 of 251, columns 192 to 287 of 292]
10 10 10 10 10 20.5 52 52 52 52 52 20 20 20 20 20 20 15 10 10 10 16.5 23 23 23 23 23 23 23 23 23.25 23.75 24 24 24 24 24 24 24 24 24 24 24 24 24 24 24 24 24 24 24 24 24 24 24 24 24 24 24 24 24 24 24 24 13.5 10 10 10 10 10 10 10 10 10 13.5 24 24 24 24 24 24 24 24 24 24 24 24 24 24 24 24 24 24 -9999 -9999 -9999
10 10 10 10 10 10 52 52 52 52 52 20 20 20 20 20 20 20 10 10 10 16.5 23 23 23 23 23 23 23 23 23 23 23 23.5 23.75 24 24 24 24 24 24 24 24 24 24 24 24 24 24 24 24 24 24 24 24 24 24 24 24 24 24 24 24 24 24 10 10 10 10 10 10 10 10 13.5 24 24 24 24 24 24 24 24 24 24 24 24 24 24 24 24 24 24 24 -9999 -9999 -9999
10 10 10 10 10 10 52 52 52 52 52 20 20 20 20 20 20 20 10 10 10 16.5 23 23 23 23 23 23 23 23 23 23 23 23 23 23 23 23 23.25 23.5 23.75 24 24 24 24 24 24 24 24 24 24 24 24 24 24 24 24 24 24 24 24 24 24 24 24 10 10 10 10 10 10 10 10 24 24 24 24 24 24 24 24 24 24 24 24 24 24 24 24 24 20.5 17 17 10 10 -9999
10 10 10 10 10 10 52 52 52 52 52 20 20 20 20 20 20 17.5 10 10 10 13.25 23 23 23 23 23 23 23 23 23 23 23 23 23 23 23 23 23 23 23 23.25 24 24 24 24 24 24 24 24 24 24 24 24 24 24 24 24 24 24 24 24 24 24 24 10 10 10 10 10 10 10 20.5 24 24 24 24 24 24 24 24 24 24 32 40 40 48 56 56 33 21.5 10 10 10 10 10
10 10 10 10 10 10 52 52 52 52 52 20 20 20 20 20 20 15 10 10 10 10 19.75 23 23 23 23 23 23 23 23 23 23 23 23 23 23 23 23 23 23 23 23.5 24 24 24 24 24 24 24 24 24 24 24 24 24 24 24 24 24 24 24 24 24 24 13.5 10 10 10 10 10 20.5 24 24 24 24 24 24 24 24 24 32 56 56 56 56 56 56 56 56 56 21.5 10 10 10 10
10 10 10 10 10 10 31 52 52 52 52 20 20 20 20 20 20 17.5 10 10 10 10 19.75 23 23 23 23 23 23 23 23 23 23 23 23 23 23 23 23 23 23 23 23.5 24 24 24 24 24 24 24 24 24 24 24 24 24 24 24 24 24 24 24 24 24 24 20.5 10 10 10 10 10 24 24 24 24 24 24 24 24 32 40 56 56 56 56 56 56 56 56 56 56 56 10 10 10 10
16.5 13.25 10 10 10 10 52 52 52 52 52 20 20 20 20 20 20 12.5 10 10 10 10 23 23 23 23 23 23 23 23 23 23 23 23 23 23 23 23 23 23 23 23 23 24 24 24 24 24 24 24 24 24 24 24 24 24 24 24 24 24 24 24 24 24 24 24 17 10 10 17 20.5 24 24 24 24 24 24 32 40 56 56 56 56 56 56 56 56 56 56 56 56 56 33 10 10 10
23 23 19.75 16.5 10 10 52 52 52 52 52 20 20 20 20 20 20 10 10 10 10 10 23 23 23 23 23 23 23 23 23 23 23 23 23 23 23 23 23 23 23 23 23.25 24 24 24 24 24 24 24 24 24 24 24 24 24 24 24 24 24 24 24 24 24 24 24 24 20.5 17 24 24 24 24 24 24 32 48 56 56 56 56 56 56 56 56 56 56 56 56 56 56 56 56 33 10 10
23 23 23 23 23 13.25 52 52 52 52 52 20 20 20 20 20 20 10 10 10 10 10 19.75 23 23 23 23 23 23 23 23 23 23 23 23 23 23 23 23 23 23 23.25 23.75 24 24 24 24 24 24 24 24 24 24 24 20.5 13.5 10 10 17 24 24 24 24 24 24 24 24 24 24 24 24 24 24 24 24 48 56 56 56 56 56 56 56 56 56 56 56 56 56 56 56 56 56 56 21.5 10
23 23 23 23 23 19.75 52 52 52 52 36 20 20 20 20 20 20 10 10 10 10 13.25 23 23 23 23 23 23 16.5 13.25 10 10 13.25 13.25 13.25 16.5 19.75 16.5 23 23 23.25 24 24 24 24 24 24 24 24 24 24 24 24 20.5 10 10 10 10 10 24 24 24 24 24 24 24 24 24 24 24 24 24 24 24 48 56 56 56 56 56 56 56 56 56 56 56 56 56 56 56 56 56 56 56 56 33
23 23 23 23 23 23 52 52 52 52 28 20 20 20 20 20 15 10 10 10 13.25 23 23 23 23 23 13.25 10 10 10 10 10 10 10 10 10 10 10 10 13.5 24 24 24 24 24 24 24 24 24 24 24 24 17 10 10 10 10 10 10 24 24 24 24 24 24 24 24 24 24 24 24 24 24 24 56 56 56 56 56 56 56 56 56 56 56 56 56 56 56 56 56 56 56 56 56 56
23 23 23 23 23 23 52 52 52 52 20 20 20 20 20 20 12.5 10 10 19.75 23 23 23 23 19.75 10 10 10 10 10 10 10 10 10 10 10 10 10 13.5 24 24 24 24 24 24 24 24 24 24 24 24 17 10 10 10 10 10 10 17 24 24 24 24 24 24 24 24 24 24 24 24 24 24 48 56 56 56 56 56 56 56 56 56 56 56 56 56 56 56 56 56 56 56 56 56 56
23 23 23 23 23 23 52 52 52 52 28 20 20 20 20 20 15 13.25 23 23 23 23 23 13.25 10 10 10 10 10 10 10 10 10 10 10 10 10 10 24 24 24 24 24 24 24 24 24 24 24 24 17 10 10 10 10 10 10 10 13.5 24 24 24 24 24 24 24 24 24 24 24 24 24 24 56 56 56 56 56 56 56 56 56 56 56 56 56 56 56 56 56 56 56 56 56 56 56
23 23 23 23 23 23 52 52 52 52 20 20 20 20 20 20 21.5 23 23 23 23 19.75 10 10 10 10 10 10 10 10 10 10 10 10 10 10 10 17 24 24 24 24 24 24 24 24 24 24 24 13.5 10 10 10 10 10 10 10 10 17 24 24 24 24 24 24 24 24 24 24 24 24 24 32 56 56 56 56 56 56 56 56 56 56 56 56 56 56 56 56 56 56 56 56 56 56 56
23 23 23 23 23 23 52 52 52 52 20 20 20 20 20 20 23 23 23 23 19.75 10 10 10 10 10 10 10 10 10 10 10 10 10 10 10 10 13.5 24 24 24 24 24 24 24 24 24 24 20.5 10 10 10 10 10 10 10 10 10 17 24 24 24 24 24 24 24 24 24 24 24 24 24 40 56 56 56 56 56 56 56 56 56 56 56 56 56 56 56 56 56 56 56 56 56 56 56
23 23 23 23 23 23 52 52 52 52 20 20 20 20 20 20 23 23 23 23 19.75 10 10 10 10 10 10 10 10 10 10 10 10 10 10 10 10 10 24 24 24 24 24 24 24 24 24 17 10 10 10 10 10 10 10 10 10 10 24 24 24 24 24 24 24 24 24 24 24 24 24 24 40 56 56 56 56 56 56 56 56 56 56 56 56 56 56 56 56 56 56 56 56 56 56 56
23 23 23 23 23 30.25 52 52 52 52 36 20 20 20 20 20 23 23 23 23 16.5 10 10 10 10 10 10 10 10 10 10 10 10 10 10 10 10 10 20.5 24 24 24 24 24 24 24 17 10 10 10 10 10 10 10 10 10 10 10 20.5 24 24 24 24 24 24 24 24 24 24 24 24 24 56 56 56 56 56 56 56 56 56 56 56 56 56 56 56 56 56 56 56 56 56 56 56 56
23 23 23 23 23 23 52 52 52 52 36 20 20 20 20 20 23 23 23 23 16.5 10 10 10 10 10 10 10 10 10 10 10 10 10 10 10 10 10 10 24 24 24 24 24 24 17 10 10 10 10 10 10 10 10 10 10 10 10 24 24 24 24 24 24 24 24 24 24 24 24 24 24 40 56 56 56 56 56 56 56 56 56 56 56 56 56 56 56 56 56 56 56 56 56 56 56
23 23 23 23 23 23 52 52 52 52 36 20 20 20 20 20 23 23 23 23 16.5 10 10 10 10 10 10 10 10 10 10 10 10 10 10 10 10 10 10 10 20.5 24 24 24 17 10 10 10 10 10 10 10 10 10 10 10 10 13.5 24 24 24 24 24 24 24 24 24 24 24 24 24 24 40 56 56 56 56 56 56 56 56 56 56 56 56 56 56 56 56 56 56 56 56 56 56 56
23 23 23 23 23 23 52 52 52 52 36 20 20 20 20 20 22.25 23 23 23 19.75 10 10 10 10 10 10 10 10 10 10 10 10 10 10 10 10 10 10 10 10 10 17 10 10 10 10 10 10 10 10 10 10 10 10 10 10 13.5 24 24 24 24 24 24 24 24 24 24 24 24 24 24 56 56 56 56 56 56 56 56 56 56 56 56 56 56 56 56 56 56 56 56 56 56 56 56
23 23 23 23 23 23 52 52 52 52 44 20 20 20 20 20 20.75 23 23 23 16.5 10 10 10 10 10 10 10 10 10 10 10 10 10 10 10 10 10 10 10 10 10 10 10 10 10 16.5 23 23 16.5 19.75 10 10 10 10 10 10 17 24 24 24 24 24 24 24 24 24 24 24 24 24 24 56 56 56 56 56 56 56 56 56 56 56 56 56 56 56 56 56 56 56 56 56 56 56 56
23 23 23 23 23 23 44.75 52 52 52 52 36 20 20 20 20 20 23 23 23 23 10 10 10 10 10 10 10 10 10 10 10 10 10 10 10 10 10 10 10 10 10 10 10 13.25 19.75 23 23 23 23 23 16.5 10 10 10 10 10 24 24 24 24 24 24 24 24 24 24 24 24 24 24 32 56 56 56 56 56 56 56 56 56 56.75 57.5 56.75 56 56 56 56 56 56 56 56 56 56 56 56
23 23 23 23 23 23 37.5 52 52 52 52 36 20 20 20 20 20 23 23 23 23 10 10 10 10 10 10 10 10 10 10 10 10 10 10 10 10 10 10 10 10 10 10 13.25 23 23 23 23 23 23 23 16.5 10 10 10 10 10 24 24 24 24 24 24 24 24 24 24 24 24 24 24 48 56 56 56 56 56 56 57.5 57.5 59 59 59 59 59 59 58.25 57.5 56.75 56 56 56 56 56 56 56
23 23 23 23 23 23 23 52 52 52 52 52 20 20 20 20 20 21.5 23 23 23 13.25 10 10 10 10 10 10 10 10 10 10 10 10 10 10 10 10 10 10 10 10 19.75 23 23 23 23 23 23 23 23 19.75 10 10 10 10 10 24 24 24 24 24 24 24 24 24 24 24 24 24 40 56 56 56 56 56 56 59 59 59 59 59 59 59 59 59 59 59 59 58.25 57.5 57.5 57.5 57.5 58.25 59
23 23 23 23 23 23 23 52 52 52 52 52 36 20 20 20 20 21.5 23 23 23 16.5 10 10 10 10 10 10 10 10 10 10 10 10 10 10 10 10 10 10 10 19.75 23 23 23 23 23 23 23 23 23 23 10 10 10 10 13.5 24 24 24 24 24 24 24 24 24 24 24 24 24 48 56 56 56 56 56 57.5 59 59 59 59 59 59 59 59 59 59 59 59 59 59 59 59 59 59 59
23 23 23 23 23 23 23 52 52 52 52 52 36 20 20 20 20 20 22.25 23 23 23 10 10 10 10 10 10 10 10 10 10 10 10 10 10 10 10 10 10 19.75 23 23 23 23 23 23 23 23 23 23 19.75 10 10 10 10 17 24 24 24 24 24 24 24 24 24 24 24 24 48 56 56 56 56 56 56.75 59 59 59 59 59 59 59 59 59 59 59 59 59 59 59 59 59 59 59 59
23 23 23 23 23 23 23 37.5 52 52 52 52 52 28 20 20 20 20 21.5 23 23 23 13.25 10 10 10 10 10 10 10 10 10 10 10 10 10 10 10 13.25 19.75 23 23 23 23 23 23 23 23 23 23 23 13.25 10 10 10 10 17 24 24 24 24 24 24 24 24 24 24 24 40 56 56 56 56 56 56 57.5 59 59 59 59 59 59 59 59 59 59 59 59 59 59 59 59 59 59 59 59
23 23 23 23 23 23 23 23 52 52 52 52 52 52 20 20 20 20 21.5 23 23 23 19.75 10 10 10 10 10 10 10 10 10 10 10 10 10 10 16.5 23 23 23 23 23 23 23 23 23 23 23 23 23 10 10 10 10 10 24 24 24 24 24 24 24 24 24 24 24 48 56 56 56 56 56 56 56 58.25 59 59 59 59 59 59 59 59 59 59 59 59 59 59 59 59 59 59 59 59
23 23 23 23 23 23 23 23 52 52 52 52 52 52 28 20 20 20 21.5 23 23 23 23 13.25 10 10 10 10 10 10 10 10 10 10 10 13.25 23 23 23 23 23 23 23 23 23 23 23 23 23 23 13.25 10 10 10 10 17 24 24 24 24 24 24 24 24 24 24 40 56 56 56 56 56 56 56 56 59 59 59 59 59 59 59 59 59 59 59 59 59 59 59 59 59 59 59 59 59
23 23 23 23 23 23 23 23 37.5 52 52 52 52 52 36 20 20 20 20.75 23 23 23 23 23 13.25 10 10 10 10 10 10 10 10 10 19.75 23 23 23 23 23 23 23 23 23 23 23 23 23 23 13.25 10 10 10 10 10 17 24 24 24 24 24 24 24 24 24 24 48 56 56 56 56 56 56 56 56 59 59 59 59 59 59 59 59 59 59 59 59 59 59 59 59 59 59 59 59 59
23 23 23 23 23 23 23 23 37.5 52 52 52 52 52 36 20 20 20 20 22.25 23 23 23 23 23 16.5 10 10 10 10 10 10 10 19.75 23 23 23 23 23 23 23 23 23 23 23 23 23 23 13.25 10 10 10 10 10 10 17 24 24 24 24 24 24 24 24 32 56 56 56 56 56 56 56 56 56 56 59 59 59 59 59 59 59 59 59 59 59 59 59 59 59 59 59 59 59 59 59
23 23 23 23 23 23 23 23 23 52 52 52 52 52 44 28 20 20 20 21.5 23 23 23 23 23 23 19.75 13.25 16.5 16.5 16.5 23 23 23 23 23 23 23 23 23 23 23 23 23 23 23 16.5 10 10 10 10 10 10 10 10 24 24 24 24 24 24 24 24 24 32 56 56 56 56 56 56 56 56 56 56.75 59 59 59 59 59 59 59 59 59 59 59 59 59 59 59 59 59 59 59 59 59
23 23 23 23 23 23 23 23 23 30.25 52 52 52 52 52 36 20 20 20 21.5 23 23 23 23 23 23 23 23 23 23 23 23 23 23 23 23 23 23 23 23 23 23 23 19.75 16.5 10 10 10 10 10 10 10 10 10 10 17 24 24 24 24 24 24 24 24 48 56 56 56 56 56 56 56 56 56 57.5 59 59 59 59 59 59 59 59 59 59 -9999 -9999 59 -9999 -9999 59 59 59 59 59 -9999
23 23 23 23 23 23 23 23 23 23 44.75 52 52 52 52 36 20 20 20 20 23 23 23 23 23 23 23 23 23 23 23 23 23 23 23 23 23 23 23 23 23 19.75 13.25 10 10 10 10 10 10 10 10 10 10 10 10 13.5 24 24 24 24 24 24 24 23.5 56 56 56 56 56 56 56 56 56 56 56.75 59 59 59 59 59 59 59 59 -9999 -9999 -9999 -9999 -9999 -9999 -9999 59 59 59 59 -9999 -9999
47.75 23 23 23 23 23 23 23 23 23 37.5 52 52 52 52 36 20 20 20 20 23 23 23 23 23 23 23 23 23 23 23 23 23 23 23 23 23 23 23 23 19.75 10 10 10 10 10 10 10 10 10 10 10 10 10 10 10 10 20.25 24 24 24 24 24 23 56 56 56 56 56 56 56 56 56 56 56 59 59 59 59 59 59 59 59 -9999 -9999 -9999 -9999 -9999 -9999 -9999 -9999 59 59 59 -9999 -9999
56 23 23 23 23 23 23 23 23 23 23 52 52 52 52 36 20 20 20 20 21.5 23 23 23 23 23 23 23 23 23 23 23 23 23 23 23 23 23 19.75 13.25 10 10 10 10 10 10 10 10 10 10 10 10 10 10 10 10 10 16.5 23.5 23.25 23.5 23.25 23 23 56 56 56 56 56 56 56 56 56 56 56 59 59 59 59 59 59 -9999 -9999 -9999 -9999 -9999 -9999 -9999 -9999 -9999 -9999 -9999 59 59 -9999 -9999
56 23 23 23 23 23 23 23 23 23 23 52 52 52 52 44 20 20 20 20 21.5 23 23 23 23 23 23 23 23 23 23 23 23 23 23 23 19.75 13.25 10 10 10 10 10 10 10 10 10 10 10 10 10 10 10 10 10 10 10 16.5 23 23 23 23 23 23 47.75 56 56 56 56 56 56 56 56 56 56 59 59 59 -9999 -9999 -9999 -9999 -9999 -9999 -9999 -9999 -9999 -9999 -9999 -9999 -9999 -9999 -9999 -9999 -9999 -9999
56 23 23 23 23 23 23 23 23 23 23 30.25 52 52 52 36 20 20 20 20 21.5 23 23.25 24 24 23.75 23.5 23.25 23 23 23 23 23 23 23 10 10 10 10 10 10 10 10 10 10 10 10 10 10 10 10 10 10 10 10 10 10 19.75 23 23 23 23 23 23 39.5 56 56 56 56 56 56 56 56 56 56 59 59 59 -9999 -9999 -9999 -9999 -9999 -9999 -9999 -9999 -9999 -9999 -9999 -9999 -9999 -9999 -9999 -9999 -9999 -9999
47.75 23 23 23 23 23 23 23 23 23 23 23 52 52 52 28 20 20 20 20 21.5 23.25 24 24 24 24 24 24 23.5 23.25 23 23 23 23.5 16.75 10 10 10 10 10 10 10 10 10 10 10 10 10 10 10 10 10 10 10 10 10 13.25 19.75 23 23 23 23 23 23 23 47.75 56 56 56 56 56 56 56 56 56 59 59 59 -9999 -9999 -9999 -9999 -9999 -9999 -9999 -9999 -9999 -9999 -9999 -9999 -9999 -9999 -9999 -9999 -9999 -9999
47.75 23 23 23 23 23 23 23 23 23 23 23 52 52 52 20 20 20 20 20 20.75 22.75 24 24 24 24 24 24 24 24 24 24 24 24 17 10 10 10 10 10 10 10 10 10 10 10 10 10 10 10 10 10 10 10 16.5 19.75 23 23 23 23 23 23 23 23 23 31.25 47.75 56 56 56 56 56 56 56 56 59 59 -9999 -9999 -9999 -9999 -9999 -9999 -9999 -9999 -9999 -9999 -9999 -9999 -9999 -9999 -9999 -9999 -9999 -9999 -9999
23 23 23 23 23 23 23 23 23 23 23 37.5 52 52 44 20 20 20 20 20 20 24 24 24 24 24 24 24 24 24 24 24 24 24 24 13.5 10 10 10 10 10 10 10 10 16.5 16.5 16.5 23 23 19.75 16.5 23 23 23 23 23 23 23 23 23 23 23 23 23 23 23 23 47.75 56 56 56 56 56 56 56 59 -9999 -9999 -9999 -9999 -9999 -9999 -9999 -9999 -9999 -9999 -9999 -9999 -9999 -9999 -9999 -9999 -9999 -9999 -9999 -9999
23 23 23 23 23 23 23 23 23 23 23 37.5 52 52 28 20 20 20 20 20 20 24 24 24 24 24 24 24 24 24 24 24 24 24 24 24 10 10 10 10 10 10 13.25 23 23 23 23 23 23 23 23 23 23 23 23 23 23 23 23 23 23 23 23 23 23 23 23 23 47.75 56 56 56 56 56 56 57.5 -9999 -9999 -9999 -9999 -9999 -9999 -9999 -9999 -9999 -9999 -9999 -9999 -9999 -9999 -9999 -9999 -9999 -9999 -9999 -9999
23 23 23 23 23 23 23 23 23 23 23 52 52 28 20 20 20 20 20 20 20 24 24 24 24 24 24 24 24 24 24 24 24 24 24 24 10 10 10 10 10 10 23 23 23 23 23 23 23 23 23 23 23 23 23 23 23 23 23 23 23 23 23 23 23 23 23 23 39.5 56 56 56 56 56 56 -9999 -9999 -9999 -9999 -9999 -9999 -9999 -9999 -9999 -9999 -9999 -9999 -9999 -9999 -9999 -9999 -9999 -9999 -9999 -9999 -9999
23 23 23 23 23 23 23 23 23 30.25 36.75 36 28 20 20 20 20 20 20 20 29 24 24 24 24 24 24 24 24 24 24 24 24 24 24 24 10 10 10 10 10 16.5 23 23 23 23 23 23 23 23 23 23 23 23 23 23 23 23 23 23 23 23 23 23 23 23 23 23 23 56 56 56 56 56 -9999 -9999 -9999 -9999 -9999 -9999 -9999 -9999 -9999 -9999 -9999 -9999 -9999 -9999 -9999 -9999 -9999 -9999 -9999 -9999 -9999 -9999
23 23 23 23 23 23 23 23 20.75 20 20 20 20 20 20 20 20 20 20 28 52 24 24 24 24 24 24 24 24 24 24 24 24 24 24 24 10 10 10 10 10 13.25 23 23 23 23 23 23 23 23 23 23 23 23 23 23 23 23 23 23 23 23 23 23 23 23 23 23 23 47.75 56 56 56 56 -9999 -9999 -9999 -9999 -9999 -9999 -9999 -9999 -9999 -9999 -9999 -9999 -9999 -9999 -9999 -9999 -9999 -9999 -9999 -9999 -9999 -9999
20 20 20 20.75 20 20 20 20 20 20 20 20 20 20 20 20 20 20 20 44 37.5 23.75 24 24 24 24 24 24 24 24 24 24 24 24 24 24 17 10 10 10 10 10 19.75 23 23 23 23 23 23 23 23 23 23 23 23 23 23 23 23 23 23 23 23 23 23 23 23 23 23 31.25 56 56 56 -9999 -9999 -9999 -9999 -9999 -9999 -9999 -9999 -9999 -9999 -9999 -9999 -9999 -9999 -9999 -9999 -9999 -9999 -9999 -9999 -9999 -9999 -9999
20 20 20 20 20 20 20 20 20 20 20 20 20 20 20 20 20 20 44 52 30.25 23 23.25 24 24 24 24 24 24 24 24 24 24 24 24 24 17 10 10 10 10 10 13.25 23 23 23 23 23 23 23 23 23 19.75 23 23 23 23 23 23 23 23 23 23 23 23 23 23 23 23 23 56 -9999 -9999 -9999 -9999 -9999 -9999 -9999 -9999 -9999 -9999 -9999 -9999 -9999 -9999 -9999 -9999 -9999 -9999 -9999 -9999 -9999 -9999 -9999 -9999 -9999
20 20 20 20 20 20 20 20 20 20 20 20 20 20 20 20 20 44 52 52 30.25 23 23 23 23.25 23 23 23.25 24 24 24 24 24 24 24 24 17 10 10 10 10 10 10 13.25 16.5 16.5 16.5 16.5 10 10 10 10 10 10 19.75 23 23 23 23 23 23 23 23 23 23 23 23 23 23 23 -9999 -9999 -9999 -9999 -9999 -9999 -9999 -9999 -9999 -9999 -9999 -9999 -9999 -9999 -9999 -9999 -9999 -9999 -9999 -9999 -9999 -9999 -9999 -9999 -9999 -9999
20 20 20 20 20 20 20 20 20 20 20 20 20 20 20 20 44 52 52 44.75 23 23 23 23 23 23 23 23 23.25 24 24 24 24 24 24 24 17 10 10 10 10 10 10 10 10 10 10 10 10 10 10 10 10 10 10 16.5 23 23 23 23 23 23 23 23 23 23 23 23 -9999 -9999 -9999 -9999 -9999 -9999 -9999 -9999 -9999 -9999 -9999 -9999 -9999 -9999 -9999 -9999 -9999 -9999 -9999 -9999 -9999 -9999 -9999 -9999 -9999 -9999 -9999 -9999
