LSCAM_InData/LSCAM_InData/topsoilsand_cambodia.asc
ncols         292
nrows         251
xllcorner     800180
yllcorner     -2175230
cellsize      2000
NODATA_value  -9999
[rows 104 to 155 of 251, columns 96 to 191 of 292]
17 17 29.75 34 34 34 34 34 34 45 34 45 45 34 34 34 34 34 34 34 34 45 78 78 78 78 78 78 78 78 78 78 78 78 78 78 78 78 56 34 34 34 34 34 67 78 78 67 56 34 34 34 78 78 78 78 78 67 34 34 34 34 34 25.5 17 17 17 17 17 78 78 78 78 78 78 78 78 78 78 56 34 34 34 25.5 17 17 17 17 17 34 34 34 34 34 34 45
17 17 17 25.5 34 34 34 34 34 34 34 34 34 34 34 34 34 34 34 34 34 34 78 78 78 78 78 78 78 78 78 78 78 78 78 78 78 78 56 34 34 34 34 34 34 45 34 34 34 34 34 34 45 78 78 78 56 34 34 34 34 34 34 21.25 17 17 17 17 32.25 78 78 78 78 78 78 78 78 78 78 56 34 34 34 25.5 17 17 17 17 17 34 34 34 34 34 34 34
17 17 17 17 17 29.75 34 34 34 34 34 34 34 34 34 21.25 17 17 29.75 34 34 34 67 78 78 78 78 78 78 78 78 78 78 78 78 78 78 78 45 34 34 34 34 34 34 34 34 34 34 34 34 34 34 34 45 34 34 34 34 34 34 34 34 17 17 17 17 17 47.5 78 78 78 56 56 67 78 78 78 78 56 34 34 34 29.75 17 17 17 17 17 25.5 34 34 34 34 34 34
17 17 17 17 17 17 21.25 29.75 34 34 34 34 34 29.75 21.25 17 17 17 21.25 34 34 34 45 78 78 78 78 78 78 78 78 78 78 78 78 78 78 78 56 34 34 34 34 34 34 34 34 34 34 34 34 34 34 34 34 34 34 34 34 34 34 34 25.5 17 17 17 17 17 47.5 78 56 34 34 34 34 67 78 78 78 67 34 34 34 34 17 17 17 17 17 21.25 34 34 34 34 34 34
0 17 17 17 17 17 17 17 21.25 25.5 25.5 25.5 17 17 17 17 17 17 17 34 34 34 34 45 78 78 78 78 78 78 78 78 78 78 78 78 78 67 34 34 34 34 34 34 34 34 34 34 34 34 34 34 34 34 34 34 34 34 34 34 34 34 29.75 17 17 17 17 17 67 34 34 34 34 34 34 56 78 78 78 78 34 34 34 34 25.5 17 17 17 17 17 34 34 34 34 34 34
0 17 17 17 17 17 17 17 17 17 17 17 17 17 17 17 17 17 17 29.75 34 34 34 34 34 34 45 45 34 56 56 78 78 78 78 78 78 56 34 34 34 34 34 34 34 34 34 34 34 34 34 34 34 34 34 34 34 34 34 34 34 34 21.25 17 17 17 17 21.25 34 34 34 34 34 34 34 34 78 78 78 67 34 34 34 34 25.5 17 17 17 17 17 34 34 34 34 34 34
0 0 17 17 17 17 17 17 17 17 17 17 17 17 17 17 17 17 17 25.5 34 34 34 34 34 34 34 34 34 34 34 45 67 78 78 78 67 34 34 34 34 34 34 34 34 34 34 34 34 34 34 34 34 34 34 34 34 34 34 34 34 29.75 17 17 17 17 17 34 34 34 34 34 34 34 34 56 78 78 78 67 34 34 34 34 25.5 17 17 17 17 17 34 34 34 34 34 34
0 0 17 17 17 17 17 17 17 17 17 17 17 17 17 17 17 17 17 25.5 34 34 34 34 34 34 34 34 34 34 34 34 34 34 45 34 34 34 34 34 34 34 34 34 34 34 34 34 34 34 34 34 34 34 34 34 34 34 34 34 34 21.25 17 17 17 17 21.25 34 34 34 34 34 34 34 34 78 78 78 78 78 34 34 34 34 29.75 17 17 17 17 17 25.5 34 34 34 34 34
0 0 17 17 17 17 17 17 17 17 17 17 17 17 17 17 17 17 17 17 29.75 34 34 34 34 34 34 34 34 34 34 34 34 34 34 34 34 34 34 34 34 34 34 34 34 34 34 34 34 34 34 34 34 34 34 34 34 34 34 34 25.5 17 17 17 17 17 29.75 34 34 34 34 34 34 34 56 78 78 78 78 78 56 34 34 34 34 25.5 17 17 17 17 25.5 34 34 34 34 34
0 0 17 17 17 17 17 17 17 17 17 17 17 17 17 17 17 17 17 17 17 29.75 34 34 34 34 34 34 34 34 34 34 34 34 34 34 34 34 34 34 34 34 34 34 34 34 34 34 34 34 34 34 34 34 34 34 34 34 34 34 17 17 17 17 17 21.25 34 34 34 34 34 34 34 34 78 78 78 78 78 78 78 45 34 34 34 25.5 17 17 17 17 25.5 34 34 34 34 34
0 0 17 17 17 17 0 17 17 17 17 17 17 17 17 17 17 17 17 17 17 17 17 29.75 34 34 34 34 34 34 34 34 34 34 34 34 34 34 34 34 34 34 34 34 34 34 34 34 34 34 34 34 34 34 34 34 34 34 34 29.75 17 17 17 17 17 25.5 34 34 34 34 34 34 45 78 78 78 78 78 78 78 78 67 34 34 34 34 17 17 17 17 21.25 34 34 34 34 34
0 0 0 17 17 17 17 0 17 17 17 17 17 17 17 17 17 17 17 17 17 17 17 17 25.5 29.75 34 34 34 34 34 34 34 34 34 34 34 34 34 34 34 34 34 34 34 34 34 34 34 34 34 34 34 34 34 34 34 34 34 29.75 17 17 17 17 21.25 34 34 34 34 34 34 45 67 78 78 78 78 78 78 78 78 78 78 45 34 67 17 17 17 17 17 34 34 34 34 34
0 0 0 0 17 17 17 0 17 17 0 17 17 17 17 17 17 17 17 17 17 17 17 17 17 17 29.75 34 34 34 34 34 34 34 34 34 34 34 34 34 34 34 34 34 34 34 34 34 34 34 34 34 34 34 34 34 34 34 34 21.25 17 17 17 21.25 34 34 34 34 34 34 56 78 78 78 78 78 78 78 78 78 78 78 78 78 78 78 32.25 17 17 17 17 25.5 34 34 34 34
0 0 0 0 0 17 0 0 0 17 0 0 17 17 17 17 17 17 17 17 17 17 17 17 17 17 17 25.5 34 34 34 34 34 34 34 34 34 34 34 34 34 34 34 34 34 34 34 34 34 34 34 34 34 34 34 34 34 34 25.5 17 17 17 17 29.75 34 34 34 34 34 67 78 78 78 78 78 78 78 78 78 78 78 78 78 78 78 78 47.5 17 17 17 17 25.5 34 34 34 34
0 0 0 0 0 17 17 0 0 0 0 0 0 17 17 17 17 17 17 17 17 17 17 17 17 17 17 17 29.75 34 34 34 34 34 34 34 34 34 34 34 34 34 34 34 34 34 34 34 34 34 34 34 34 34 34 34 34 34 17 17 17 17 29.75 34 34 34 34 45 78 78 78 78 78 78 78 78 78 78 78 78 78 78 78 78 78 78 47.5 17 17 17 17 25.5 34 34 34 34
0 0 0 0 0 0 17 17 0 0 0 0 0 0 0 17 17 17 17 17 17 17 17 17 17 17 17 17 17 25.5 34 34 34 34 34 34 34 34 34 34 34 34 34 34 34 34 34 34 34 34 34 34 34 34 34 34 34 21.25 17 17 17 21.25 34 34 34 34 34 67 78 78 78 78 78 78 78 78 78 78 78 78 78 78 78 78 78 78 47.5 17 17 17 17 25.5 34 34 34 34
0 0 0 0 0 0 0 17 0 0 0 0 0 0 0 0 0 17 17 17 17 17 17 17 17 17 17 17 17 17 29.75 34 34 34 34 34 34 34 34 34 34 34 34 34 34 34 34 34 34 34 34 34 34 34 34 34 25.5 17 17 17 17 29.75 34 34 34 34 45 78 78 78 78 78 78 78 78 78 78 78 78 78 78 78 78 78 78 78 47.5 17 17 17 17 21.25 34 34 34 34
0 0 0 0 0 0 0 17 17 0 0 0 0 0 0 0 0 0 17 17 17 17 17 17 17 17 17 17 17 17 17 29.75 34 34 34 34 34 34 34 34 34 34 34 34 34 34 34 34 34 34 34 34 34 34 34 29.75 17 17 17 17 29.75 34 34 34 34 34 56 78 78 78 78 78 78 78 78 67 45 34 34 56 67 78 78 78 78 78 62.75 17 17 17 17 25.5 34 34 34 34
0 0 0 0 0 0 0 17 17 17 0 0 0 0 0 0 0 0 0 17 17 17 17 17 17 17 17 17 17 17 17 17 29.75 34 34 34 34 34 34 34 34 34 34 34 34 34 34 34 34 34 34 34 34 34 25.5 17 17 17 17 29.75 34 34 34 34 34 34 67 78 78 78 78 78 78 78 67 34 34 34 34 34 56 78 78 78 78 78 78 17 17 17 17 25.5 34 34 34 34
0 17 17 17 0 0 0 0 17 17 0 0 0 17 17 17 17 0 17 17 17 17 17 17 17 17 17 17 17 17 17 17 21.25 34 34 34 34 34 34 34 34 34 34 25.5 25.5 25.5 25.5 25.5 29.75 34 34 34 34 21.25 17 17 17 17 21.25 34 34 34 34 34 34 34 67 78 78 78 78 78 78 56 34 34 34 34 34 34 34 78 78 78 78 78 78 17 17 17 17 25.5 34 34 34 34
17 17 17 17 0 0 0 0 17 17 17 0 17 17 17 17 17 17 17 17 17 17 17 17 17 17 17 17 17 17 17 17 17 17 29.75 34 34 34 34 34 34 34 21.25 17 17 17 17 17 17 25.5 34 21.25 17 17 17 17 17 21.25 34 34 34 34 34 34 34 34 34 78 78 78 78 78 67 34 34 34 34 34 34 34 34 67 78 78 78 78 47.5 17 17 17 17 25.5 34 34 34 34
17 17 17 17 0 0 0 0 0 0 0 0 17 17 17 17 17 17 17 17 17 17 17 17 17 17 17 17 17 17 17 17 17 17 21.25 34 34 34 34 34 34 21.25 17 17 17 17 17 17 17 17 17 17 17 17 17 17 17 29.75 34 34 34 34 34 34 34 34 34 56 78 78 67 45 34 34 34 34 34 34 34 34 34 56 78 78 78 78 62.75 17 17 17 17 17 34 34 34 34
17 17 17 17 17 0 0 0 0 0 0 0 0 0 0 0 17 17 0 0 0 0 0 0 0 0 17 17 17 17 17 17 17 17 17 17 21.25 25.5 25.5 25.5 17 17 17 17 17 17 17 17 17 17 17 17 17 17 17 17 21.25 34 34 34 34 34 34 34 34 34 34 34 34 45 34 34 34 34 34 34 34 34 34 34 34 45 78 78 78 78 78 17 17 17 17 21.25 34 34 34 34
17 17 17 17 17 17 0 0 0 0 0 0 0 0 0 0 0 0 0 0 0 0 0 0 0 0 0 17 17 17 17 17 17 17 17 17 17 17 17 17 17 17 17 17 17 17 17 17 17 17 17 17 17 17 17 29.75 34 34 34 34 34 34 34 34 34 34 34 34 34 34 34 34 34 34 34 34 34 34 34 34 34 56 78 78 78 78 47.5 17 17 17 17 25.5 34 34 34 34
17 17 17 17 17 17 17 0 0 0 0 0 0 0 0 0 0 0 0 0 0 0 0 0 0 0 0 17 17 17 17 17 17 17 17 17 17 17 17 17 17 17 17 17 17 17 17 17 17 17 17 17 17 17 25.5 34 34 34 34 34 34 34 34 34 34 34 34 34 34 34 34 34 34 34 34 34 34 34 34 34 34 78 78 78 78 78 32.25 17 17 17 17 25.5 34 34 34 34
17 17 17 17 17 17 17 0 0 0 0 0 0 0 0 0 0 0 0 0 0 0 0 0 0 0 17 17 17 17 17 17 17 17 17 17 17 17 17 17 17 17 17 17 17 17 17 17 17 17 17 17 17 21.25 34 34 34 34 34 34 34 34 34 34 34 34 34 34 34 34 34 34 34 34 34 34 34 34 34 34 34 78 78 78 78 78 17 17 17 17 17 25.5 34 34 34 34
17 17 17 17 17 17 17 17 0 0 0 0 0 0 0 0 0 0 0 0 0 0 0 0 0 0 17 17 17 17 17 17 17 17 17 17 17 17 17 17 17 17 17 17 17 17 17 17 17 17 17 17 21.25 34 34 34 34 34 34 34 34 34 34 34 34 34 34 34 34 34 34 34 34 34 34 34 34 34 34 34 34 56 78 78 78 32.25 17 17 17 17 17 29.75 34 34 34 34
17 17 17 17 17 17 17 17 0 0 0 0 0 0 0 0 0 0 0 0 0 0 0 0 0 0 17 17 17 17 17 17 17 17 17 17 17 17 17 17 17 17 17 17 17 17 17 17 17 17 17 17 34 34 34 34 34 34 34 34 34 34 34 34 34 34 34 34 34 34 34 34 34 34 34 34 34 34 34 34 34 34 56 47.5 17 17 17 17 17 17 17 27 20 20 20 23.5
17 17 17 17 17 17 17 17 17 0 0 0 0 0 0 0 0 0 0 0 0 0 0 0 0 0 17 17 17 17 17 17 17 17 17 17 17 17 17 17 17 17 17 17 17 17 17 17 17 17 21.25 29.75 34 34 34 34 34 34 34 34 34 34 34 34 25.5 21.25 17 17 17 17 17 17 25.5 17 21.25 25.5 34 25.5 25.5 25.5 25.5 21.25 17 17 17 17 17 17 17 17 18.5 20 20 20 20 20
17 17 17 17 17 17 17 17 17 17 0 0 0 0 0 0 0 0 0 0 0 0 0 0 0 0 17 17 17 17 17 17 17 17 17 17 17 17 17 17 17 17 17 17 17 17 17 17 17 21.25 34 34 34 34 34 34 34 34 34 34 34 29.75 25.5 21.25 17 17 17 17 17 17 17 17 17 17 17 17 17 17 17 17 17 17 17 17 17 17 17 17 17 17.75 20 20 20 20 20 20
17 17 17 17 17 17 17 17 17 17 17 0 0 0 0 0 0 0 0 0 0 0 0 0 0 0 17 17 17 17 17 17 17 17 17 17 17 17 17 17 17 17 17 17 17 17 17 17 17 25.5 34 34 34 34 34 34 34 34 21.25 17 17 17 17 17 17 17 17 17 17 17 17 17 17 17 17 17 17 17 17 17 17 17 17 17 17 17 17 17 17.75 20 20 20 20 20 20 20
17 17 17 17 17 17 17 17 17 17 17 21.25 25.5 25.5 34 34 0 0 0 0 0 0 0 0 0 0 0 17 17 17 17 17 17 17 17 17 17 17 17 17 17 17 17 17 17 17 17 17 17 25.5 34 34 34 34 34 34 29.75 17 17 17 17 17 17 17 17 17 17 17 17 17 17 17 17 17 17 17 17 17 17 17 17 17 17 17 17 17 17 17 19.25 20 20 20 20 20 20 20
17 17 17 17 17 17 17 17 17 17 25.5 34 34 34 34 34 34 0 0 0 0 0 0 0 0 0 17 17 17 17 17 17 17 17 17 17 17 17 17 17 17 17 17 17 17 17 17 17 17 25.5 34 34 34 34 25.5 17 17 17 17 17 17 17 17 17 17 17 17 17 17 17 17 17 17 18.5 17 17 17 17 17 17 17 17 17 17 17 17 18.5 19.25 20 20 20 20 20 20 20 20
17 17 17 17 17 17 17 17 17 29.75 34 34 34 34 34 34 34 34 34 34 0 0 0 0 0 0 0 17 17 17 17 17 17 17 17 17 17 17 17 17 17 17 17 17 17 17 17 17 17 17 21.25 25.5 21.25 17 17 17 17 17 17 17 17 17 17 17 17 17 17 17 18.5 19.25 20 20 20 20 20 20 19.25 19.25 18.5 17 17 17 17 17 17.75 20 20 20 20 20 20 20 20 20 20 20
17 17 17 17 17 17 17 21.25 29.75 34 34 34 34 34 34 34 34 34 34 34 34 34 34 34 34 34 34 34 34 0 0 0 17 17 17 17 17 17 17 17 17 17 17 17 17 17 17 17 17 17 17 17 17 17 17 17 17 17 17 17 17 17 17 17 17 17 17 18.5 20 20 20 20 20 20 20 20 20 20 20 20 20 20 20 20 20 20 20 20 20 20 20 20 20 20 20 23.5
17 17 17 17 17 17 21.25 29.75 34 34 34 34 34 34 34 34 34 34 34 34 34 34 34 34 34 34 34 34 34 34 0 0 0 17 17 17 17 17 17 17 17 17 17 17 17 17 17 17 17 17 17 17 17 17 17 17 17 17 17 17 17 17 17 17 17 17 19.25 20 20 20 20 20 20 20 20 20 20 20 20 20 20 20 20 20 20 20 20 20 20 20 20 20 20 20 20 27
17 17 17 17 17 21.25 34 34 34 34 34 34 34 34 34 34 34 34 34 34 34 34 34 34 34 34 34 34 34 34 34 34 0 0 17 17 17 17 17 17 17 17 17 17 17 17 17 17 17 17 17 17 17 17 17 17 17 17 17 17 17 17 17 17 17 18.5 20 20 20 20 20 20 20 20 20 20 20 20 20 20 20 20 20 20 20 20 20 20 20 20 20 20 20 20 20 30.5
17 17 17 21.25 29.75 34 34 34 34 34 34 34 34 34 34 34 34 34 34 34 34 34 34 34 34 34 34 34 34 34 34 34 34 25.5 17 17 17 17 17 17 17 17 17 17 17 17 17 17 17 17 17 17 17 17 17 17 17 17 17 17 17 17 17 17 17 19.25 20 20 20 20 20 20 20 20 20 20 20 20 20 20 20 20 20 20 20 20 20 20 20 20 20 20 20 20 27 34
21.25 25.5 29.75 34 34 34 34 34 34 34 34 34 34 34 34 34 34 34 34 34 34 34 34 34 34 34 34 34 34 34 34 34 34 29.75 17 17 17 17 17 17 17 17 17 17 17 17 17 17 17 17 17 17 17 17 17 17 17 17 17 17 17 17 17 17 17.75 20 20 20 20 20 20 20 20 20 20 20 20 20 20 20 20 20 20 20 20 20 20 20 20 20 20 20 24.75 31.75 34 35.25
34 34 34 34 34 34 34 34 34 34 34 34 34 34 34 34 34 34 34 34 34 34 34 34 34 34 34 34 34 34 34 34 34 34 29.75 25.5 17 17 17 17 17 17 17 17 17 17 17 17 17 17 17 17 17 17 17 17 17 17 17 17 17 17 17 17 19.25 20 20 20 20 20 20 20 20 20 20 20 20 20 20 20 20 20 20 20 20 20 20 20 20 20 29.5 39 39 39 39 39
34 34 34 34 34 34 34 34 34 34 34 34 34 34 34 34 34 34 34 34 34 34 34 34 34 34 34 34 34 34 34 34 34 34 34 34 29.75 17 17 17 17 17 17 17 17 17 17 17 17 17 17 17 17 17 17 17 17 17 17 17 17 17 17 17 20 20 20 20 20 20 20 20 20 20 20 20 20 20 20 20 20 20 20 20 20 20 20 20 29.5 39 39 39 39 39 39 39
34 34 34 34 45 56 56 56 56 56 78 78 78 78 78 67 45 34 34 34 34 34 34 34 34 34 34 34 34 34 34 34 34 34 34 34 34 34 17 17 17 17 17 17 17 17 17 17 17 17 17 17 17 17 17 17 17 17 17 17 17 17 17 18.5 20 20 20 20 20 20 20 20 20 20 20 20 20 20 20 20 20 20 20 20 20 20 24.75 34.25 39 39 39 39 39 39 39 39
56 56 56 78 78 78 78 78 78 78 78 78 78 78 78 78 78 67 45 34 34 34 34 34 34 34 34 34 34 34 34 34 34 34 34 34 34 34 29.75 17 17 17 17 17 17 17 17 17 17 17 17 17 17 17 17 17 17 17 17 17 17 17 17 20 20 20 20 20 20 20 20 20 20 20 20 20 20 20 20 20 20 20 20 20 20 20 29.5 39 39 39 39 39 39 39 39 39
78 78 78 78 78 78 78 78 78 78 78 78 78 78 78 78 78 78 78 34 34 34 34 34 34 34 34 34 34 34 34 34 34 34 34 34 34 34 34 29.75 17 17 17 17 17 17 17 17 17 17 17 17 17 17 17 17 17 17 17 17 17 17 17.75 20 20 20 20 20 20 20 20 20 20 20 20 20 20 20 20 20 20 20 20 20 20 20 34.25 39 39 39 39 39 39 39 39 39
78 78 78 78 78 78 78 78 78 78 78 78 78 78 78 78 78 78 78 67 34 34 34 34 34 34 34 34 34 34 34 34 34 34 34 34 34 34 34 34 25.5 17 17 17 17 17 17 17 17 17 17 17 17 17 17 17 17 17 17 17 17 17 17.75 20 20 20 20 20 20 20 20 20 20 20 20 20 20 20 20 20 20 20 20 20 20 24.75 39 39 39 39 39 39 39 39 39 39
78 78 78 78 78 78 78 78 78 78 78 78 78 78 78 78 78 78 78 78 67 45 34 34 34 34 34 34 34 34 34 34 34 34 34 34 34 34 34 34 34 17 17 17 17 17 17 17 17 17 17 17 17 17 17 17 17 17 17 17 17 17 18.5 20 20 20 20 20 20 20 20 20 20 20 20 20 20 20 20 20 20 20 20 20 20 29.5 39 39 39 39 39 39 39 39 33.5 22.5
78 78 78 78 78 78 78 78 78 78 78 78 78 78 78 78 78 78 78 78 78 78 45 34 34 34 34 34 34 34 34 34 34 34 34 34 34 34 34 34 34 25.5 17 17 17 17 17 17 17 17 17 17 17 17 17 17 17 17 17 17 17 17 20 20 20 20 20 20 20 20 20 20 20 20 20 20 20 20 20 20 20 20 20 20 20 34.25 39 39 39 39 39 39 39 28 17 17
78 78 78 78 78 78 78 78 78 78 78 78 78 78 78 78 78 78 78 78 78 78 78 45 34 34 34 34 34 34 34 34 34 34 34 34 34 34 34 34 34 34 21.25 17 17 17 17 17 17 17 17 17 17 17 17 17 17 17 17 17 17 18.5 20 20 20 20 20 20 20 20 20 20 20 20 20 20 20 20 20 20 20 20 20 20 20 34.25 39 39 39 39 39 39 33.5 17 17 17
78 78 78 78 78 70.75 63.5 63.5 78 78 78 78 78 78 78 78 78 78 78 78 78 78 78 67 34 34 34 34 34 34 34 45 56 45 45 34 34 34 34 34 34 34 34 17 17 17 17 17 17 17 17 17 17 17 17 17 17 17 17 17 17 19.25 20 20 20 20 20 20 20 20 20 20 20 20 20 20 20 20 20 20 20 20 20 20 20 39 39 39 39 39 39 33.5 17 17 17 17
78 78 63.5 56.25 49 49 49 49 49 63.5 56.25 63.5 78 78 78 78 78 78 78 78 78 78 78 78 78 56 56 56 67 78 78 78 78 78 78 67 34 34 34 34 34 34 34 25.5 17 17 17 17 17 17 17 17 17 17 17 17 17 17 17 17 17.75 20 20 20 20 20 20 20 20 20 20 20 20 20 20 20 20 20 20 20 20 20 20 20 29.5 39 39 39 39 39 39 22.5 17 17 17 17
70.75 56.25 49 49 49 49 49 49 49 49 49 49 49 49 49 63.5 78 78 78 78 78 78 78 78 78 78 78 78 78 78 78 78 78 78 78 78 78 45 34 34 34 34 34 34 17 17 17 17 17 17 17 17 17 17 17 17 17 17 17 17 19.25 20 20 20 20 20 20 20 20 20 20 20 20 20 20 20 20 20 20 20 20 20 20 20 29.5 39 39 39 39 39 39 17 17 17 17 17
63.5 49 49 49 49 49 49 49 49 49 49 49 49 49 49 49 49 49 70.75 78 78 78 78 78 78 78 78 78 78 78 78 78 78 78 78 78 78 78 45 34 34 34 34 34 21.25 17 17 17 17 17 17 17 17 17 17 17 17 17 17 17 19.25 20 20 20 20 20 20 20 20 20 20 20 20 20 20 20 20 20 20 20 20 20 19.25 17.75 28 39 39 39 39 39 28 17 17 17 17 17
