LSCAM_InData/LSCAM_InData/topsoilgravel_cambodia.asc
ncols         292
nrows         251
xllcorner     800180
yllcorner     -2175230
cellsize      2000
NODATA_value  -9999
[rows 69 to 137 of 251, columns 192 to 287 of 292]
10 10 10 10 10 10 7 4 4 4 4 10 10 10 10 10 9.25 8.5 10 10 10 9.25 9 9.25 9.5 9.5 10 10 10 10 10 10 10 10 10 10 10 8.5 10 10 10 10 10 10 10 10 10 10 10 10 10 10 10 10 4 2 2 2 2 2 2 2 2 2 2 2 2 2 2 2 2 2 2 2 2 2 2 2 4 6 6 10 10 10 10 10 10 10 10 10 10 8.5 7 8.5 10 10
10 10 10 10 10 10 7 4 4 4 4 7 10 10 10 10 10 10 10 10 10 10 10 10 10 10 10 10 10 10 10 10 10 10 7.75 7 7 7 7 7.75 7.75 9.25 10 10 10 10 10 10 10 10 10 10 10 10 9.25 8.5 6.5 4.5 4.5 7 4.5 4.5 4.5 4.5 2 2 2 2 2 2 2 2 2 2 2 2 4 8 10 10 10 10 10 10 10 10 10 10 10 10 8.5 4 4 4 5.5 10
10 10 10 10 10 10 7 4 4 4 4 7 10 10 10 10 10 10 10 10 10 10 10 10 10 10 10 10 10 10 10 10 10 7.75 7 7 7 7 7 7 7 7 8.5 9.25 10 10 10 10 10 10 10 10 8.5 7.75 7 7 7 7 7 7 7 7 7 7 7 7 3.25 2 2 2 2 2 2 2 4 8 10 10 10 10 10 10 10 10 10 10 10 10 10 7 4 4 4 4 4 7
10 10 10 10 10 10 7 4 4 4 4 7 10 10 10 10 10 10 10 10 10 10 10 10 10 10 10 10 10 10 10 10 7.75 7 7 7 7 7 7 7 7 7 7 7 7.75 8.5 8.5 9.25 10 8.5 7 7 7 7 7 7 7 7 7 7 7 7 7 7 7 7 7 5.75 3.25 2 2 2 4 8 10 10 10 10 10 10 10 10 10 10 10 10 10 8.5 5.5 4 4 4 4 4 4 5.5
10 10 10 10 10 10 7 4 4 4 4 7 10 10 10 10 10 10 10 10 10 10 10 10 10 10 10 10 10 10 10 9.25 7 7 7 7 7 7 7 7 7 7 7 7 7 7 7 7 7 7 7 7 7 7 7 7 7 7 7 7 7 7 7 7 7 7 7 7 7 3.25 2 2 10 10 10 10 10 10 10 10 10 10 10 10 10 8.5 7 4 4 4 4 4 4 4 4 4
10 10 10 10 10 10 7 4 4 4 4 7 10 10 10 10 10 7 10 10 10 10 10 10 10 10 10 10 10 10 10 7.75 7 7 7 7 7 7 7 7 7 7 7 7 7 7 7 7 7 7 7 7 7 7 7 7 7 7 7 7 7 7 7 7 7 7 7 7 7 7 5.75 6 10 10 10 10 10 10 10 10 10 10 10 10 5.5 4 4 4 4 4 4 4 4 4 4 4
10 10 10 10 10 10 7 4 4 4 4 7 10 8.5 7 4 4 4 4 7 8.5 10 10 10 10 10 10 10 10 10 10 7 7 7 7 7.75 9.25 10 10 10 8.5 7 7 7 7 7 7 7 7 7 7 7 7 7 7 7 7 7 5.5 6.25 7 7 7 7 7 7 7 7 7 7 7 8.5 10 10 10 10 10 10 10 10 10 10 10 6.25 4 4 4 4 4 4 4 4 4 4 4 4
10 10 10 10 10 10 7 4 4 4 4 7 10 5.5 4 4 4 4 4 4 4 8.5 10 10 10 10 10 10 10 10 10 7.75 7 7 7 8.5 10 10 10 10 10 9.25 7.75 7 7 7 7 7 7 7 7 7 7 7 7 7 7 4.75 4 4 4.75 4.75 6.25 7 7 7 7 7 7 7 7 7.75 9.25 10 10 10 10 10 10 10 10 10 7 6.25 5.5 5.5 6.25 4.75 4 4 4 4 4 4 4 4
10 10 10 10 10 10 7 4 4 4 4 7 4 4 4 4 4 4 4 4 4 4 8.5 10 10 10 10 10 10 10 10 9.25 7 7.75 9.25 10 10 10 10 10 10 10 10 9.25 7.75 8.5 8.5 8.5 8.5 8.5 7 7 7 7 8.5 9.25 10 4 4 4 4 4 4 4.75 6.25 7 7 7 7 7 7 7 8.5 10 10 10 10 10 10 10 9.25 7.75 7 7 7 7 7 7 4.75 4 4 4 4 4 4 -9999
10 10 10 10 10 10 4.75 4 4 4 4 4 4 4 4 4 4 4 4 4 4 4 4 8.5 10 10 10 10 10 10 10 10 10 10 10 10 10 10 10 10 10 10 10 10 10 10 10 10 10 10 10 10 10 10 10 10 8.5 4 4 4 4 4 4 4 4 7 7 7 7 7 7 7 7 7 7.75 8.5 10 8.5 8.5 7 7 7 7 7 7 7 7 7 7 4 4 4 4 4 4 -9999
10 10 10 10 10 7.75 5.5 4 4 4 4 4 4 4 4 4 4 4 4 4 4 4 4 4 8.5 10 10 10 10 10 10 10 10 10 10 10 10 10 10 10 10 10 10 10 10 10 10 10 10 10 10 10 10 10 10 10 10 7 4 4 4 4 4 4 4 4.75 6.25 7 7 7 7 7 7 7 7 7 7 7 7 7 7 7 7 7 7 7 7 7 7 4 4 4 4 4 4 -9999
10 10 10 10 9.25 7 4.75 4 4 4 4 4 4 4 4 4 4 4 4 4 4 4 4 4 5.5 10 10 10 10 10 10 10 10 10 10 10 10 10 10 10 10 10 10 10 10 10 10 10 10 10 10 10 10 10 10 10 10 10 4 4 4 4 4 4 4 4 4 4.75 5.5 6.25 7 7 7 7 7 7 7 7 7 7 7 7 7 7 7 7 7 7 7 4 4 4 4 4 -9999 -9999
10 10 10 10 7.75 7 4 4 4 4 4 4 4 4 4 4 4 4 4 4 4 4 4 4 5.25 9.75 10 10 10 10 10 10 10 10 10 10 10 10 10 10 10 10 10 10 10 10 10 10 10 10 10 10 10 10 10 10 10 10 8.5 4 4 4 4 4 4 4 4 4 4 4 4 4 5.5 5.5 6.25 6.25 7 7 7 7 7 7 7 7 7 7 7 7 6.25 4 4 4 4 4 -9999 -9999
10 10 10 8.5 7 7 4 4 4 4 4 4 4 4 4 4 4 4 4 4 4 4 4 4 7.75 9.5 10 10 10 10 10 10 10 10 10 10 10 10 10 10 10 10 10 10 10 10 10 10 10 10 10 10 10 10 10 10 10 10 10 7 4 4 4 4 4 4 4 4 4 4 4 4 4 4 4 4 4 4.75 5.5 7 7 7 7 7 7 7 7 6.25 4 4 4 4 4 4 -9999 -9999
10 10 9.25 7 7 7 4 4 4 4 4 4 4 4 4 4 4 4 4 4 4 4 4 4 7.75 9.25 10 10 10 10 10 10 10 10 10 10 10 10 10 10 10 10 10 10 10 10 10 10 10 10 10 10 10 10 10 10 10 10 10 10 8.5 4 4 4 4 4 4 4 4 4 4 4 4 4 4 4 4 4 4 4 4 5.5 6.25 6.25 7 7 7 4.75 4 4 4 4 4 4 -9999 -9999
10 9.25 7.75 7 7 7 4 4 4 4 4 4 4 4 4 4 4 4 4 4 4 4 4 4 9 9 10 10 10 10 10 10 10 10 10 10 10 10 10 10 10 10 10 10 10 10 10 10 10 10 10 10 10 10 10 10 10 10 10 10 10 5.5 4 4 4 4 4 4 4 4 4 4 4 4 4 4 4 4 4 4 4 4 4 4 4 4 4 4 4 4 4 4 4 -9999 -9999 -9999
8.5 7 7 7 7 7 4 4 4 4 4 4 4 4 4 4 4 4 4 4 4 4 4 6.5 9 9 9.5 10 10 10 10 10 10 10 10 10 10 10 10 10 10 10 10 10 10 10 10 10 10 10 10 10 10 10 10 10 10 10 10 10 10 10 4 4 4 4 4 4 4 4 4 4 4 4 4 4 4 4 4 4 4 4 4 4 4 4 4 4 4 4 4 4 4 -9999 -9999 -9999
7.75 7 7 7 7 7 5.5 4 4 4 4 4 4 4 4 4 4 4 4 4 4 4 4 7.75 9 9 9.5 10 10 10 10 10 10 10 10 10 10 10 10 10 10 10 10 10 10 10 10 10 10 10 10 10 10 10 10 10 10 10 10 10 10 10 8.5 4 4 4 4 4 4 4 4 4 4 4 4 4 4 4 4 4 4 4 4 4 4 4 4 4 4 4 7 7 10 -9999 -9999 -9999
7 7 7 7 7 7 7 4 4 4 4 4 4 4 4 4 4 4 4 4 4 4 4 9 9 9 9.5 10 10 10 10 10 10 10 10 10 10 10 10 10 10 10 10 10 10 10 10 10 10 10 10 10 10 10 10 10 10 10 10 10 10 10 10 4 4 4 4 4 4 4 4 4 4 4 4 4 4 4 4 4 4 4 4 4 4 4 4 8.5 10 10 10 10 -9999 -9999 -9999 -9999
7 7 7 7 7 7 7 4 4 4 4 4 4 4 4 4 4 4 4 4 4 4 7.75 9 9 9 9.5 10 10 10 10 10 10 10 10 10 10 10 10 10 10 10 10 10 10 10 10 10 10 10 10 10 10 10 10 10 10 10 10 10 10 10 7 4 4 4 4 4 4 4 4 4 4 4 4 4 4 4 4 4 4 4 4 4 7 8.5 10 10 10 10 10 10 -9999 -9999 -9999 -9999
7 7 7 7 7 7 7 4.75 4 4 4 4 4 4 4 4 4 4 4 4 4 4 9 9 9 9 9 10 10 10 10 10 10 10 10 10 10 10 10 10 10 10 10 10 10 10 10 10 10 10 10 10 10 10 10 10 10 10 10 10 10 10 4 4 4 4 4 4 4 4 4 4 4 4 4 4 4 4 4 4 4 4 5.5 8.5 10 10 10 10 10 10 10 10 -9999 -9999 -9999 -9999
5.5 7 7 7 7 7 7 6.25 4 4 4 4 4 4 4 4 4 4 4 4 4 7.75 9 9 9 9 9 10 10 10 10 10 10 10 10 10 10 10 10 10 10 10 10 10 10 10 10 10 10 10 10 10 10 10 10 10 10 10 10 10 10 8.5 4 4 4 4 4 4 4 4 4 4 4 4 4 4 4 4 4 4 4 8.5 10 10 10 10 10 10 10 10 10 10 -9999 -9999 -9999 -9999
4 4 6.25 7 7 7 7 7 4.75 4 4 4 4 4 4 4 4 4 4 4 5.25 9 9 9 9 9 9.25 10 10 10 10 10 10 10 10 10 10 10 10 10 10 10 10 10 10 10 10 10 10 10 10 10 10 10 10 10 10 10 10 10 10 7 4 4 4 4 4 4 4 4 4 4 4 4 4 4 4 4 4 4 5.5 10 10 10 10 10 10 10 10 10 10 10 -9999 -9999 -9999 -9999
4 4 4 6.25 7 7 7 7 6.25 4 4 4 4 4 4 4 4 4 4 4 6.5 9 9 9 9 9 9.5 10 10 10 10 10 10 10 10 10 10 10 10 10 10 10 10 10 10 10 10 10 10 10 10 10 10 10 10 10 10 10 10 10 10 4 4 4 4 4 4 4 4 4 4 4 4 4 4 4 4 4 4 5.5 10 10 10 10 10 10 10 10 10 10 10 10 -9999 -9999 -9999 -9999
4 4 4 4 5.5 7 7 7 7 5.5 4 4 4 4 4 4 4 4 4 4 4 9 9 9 9 9 9 10 10 10 10 10 10 10 10 10 10 10 10 10 10 10 10 10 10 10 10 10 10 10 10 10 10 10 10 10 10 10 10 10 10 8.5 4 4 4 4 4 4 4 4 4 4 4 4 4 4 4 4 4 10 10 10 10 10 10 10 10 10 10 10 10 10 -9999 -9999 -9999 -9999
4 4 4 4 4 7 7 7 7 7 4 4 4 4 4 4 4 4 4 4 4 9 9 9 9 9 9 9.75 10 10 10 10 10 10 10 10 10 10 10 10 10 10 10 10 10 10 10 10 10 10 10 10 10 10 10 10 10 10 10 10 10 10 7 4 4 4 4 4 4 4 4 4 4 4 4 4 4 4 8.5 10 10 10 10 10 10 10 10 10 10 10 10 10 -9999 -9999 -9999 -9999
4 4 4 4 4 5.5 7 7 7 7 4.75 4 4 4 4 4 4 4 4 4 4 9 9 9 9 9 9 9.5 10 10 10 10 10 10 10 10 10 10 10 10 10 10 10 10 10 10 10 10 10 10 10 10 10 10 10 10 10 10 10 10 10 10 10 7 4 4 4 4 4 4 4 4 4 4 4 4 4 8.5 10 10 10 10 10 10 10 10 10 10 10 10 10 10 -9999 -9999 -9999 -9999
4 4 4 4 4 5.5 7 7 7 7 5.5 4 4 4 4 4 4 4 4 4 4 9 9 9 9 9 9 9 9.75 10 10 10 10 10 10 10 10 10 10 10 10 10 10 10 10 10 10 10 10 10 10 10 10 10 10 10 10 10 10 10 10 10 10 7 4 4 4 4 4 4 4 4 4 4 4 4 8.5 10 10 10 10 10 10 10 10 10 10 10 10 10 10 10 -9999 -9999 -9999 -9999
4 4 4 4 4 5.5 7 7 7 7 5.5 4 4 4 4 4 4 4 4 4 4 7.75 9 9 9 9 9 9 9 9.75 10 10 10 10 10 10 10 10 10 10 10 10 10 10 10 10 10 10 10 10 10 10 10 10 10 10 10 10 10 10 10 10 10 10 4 4 4 4 4 4 4 4 4 4 4 8.5 10 10 10 10 10 10 10 10 10 10 10 10 10 10 10 10 10 -9999 -9999 -9999
4 4 4 4 4 4.75 7 7 7 7 7 4 4 4 4 4 4 4 4 4 4 6.5 9 9 9 9 9 9 9 9 9.25 9.75 10 10 10 10 10 10 10 10 10 10 10 10 10 10 10 10 10 10 10 10 10 10 10 10 10 10 10 10 10 10 10 10 5.5 4 4 4 4 4 4 4 4 4 5.5 10 10 10 10 10 10 10 10 10 10 10 10 10 10 10 10 10 10 -9999 -9999 -9999
4 4 4 4 4 4 7 7 7 7 7 4 4 4 4 4 4 4 4 4 4 6.5 9 9 9 9 9 9 9 9 9 9 9 9.5 9.75 10 10 10 10 10 10 10 10 10 10 10 10 10 10 10 10 10 10 10 10 10 10 10 10 10 10 10 10 10 10 4 4 4 4 4 4 4 4 5.5 10 10 10 10 10 10 10 10 10 10 10 10 10 10 10 10 10 10 10 -9999 -9999 -9999
4 4 4 4 4 4 7 7 7 7 7 4 4 4 4 4 4 4 4 4 4 6.5 9 9 9 9 9 9 9 9 9 9 9 9 9 9 9 9 9.25 9.5 9.75 10 10 10 10 10 10 10 10 10 10 10 10 10 10 10 10 10 10 10 10 10 10 10 10 4 4 4 4 4 4 4 4 10 10 10 10 10 10 10 10 10 10 10 10 10 10 10 10 10 8.5 7 7 4 4 -9999
4 4 4 4 4 4 7 7 7 7 7 4 4 4 4 4 4 4 4 4 4 5.25 9 9 9 9 9 9 9 9 9 9 9 9 9 9 9 9 9 9 9 9.25 10 10 10 10 10 10 10 10 10 10 10 10 10 10 10 10 10 10 10 10 10 10 10 4 4 4 4 4 4 4 8.5 10 10 10 10 10 10 10 10 10 10 8 6 6 4 2 2 3 3.5 4 4 4 4 4
4 4 4 4 4 4 7 7 7 7 7 4 4 4 4 4 4 4 4 4 4 4 7.75 9 9 9 9 9 9 9 9 9 9 9 9 9 9 9 9 9 9 9 9.5 10 10 10 10 10 10 10 10 10 10 10 10 10 10 10 10 10 10 10 10 10 10 5.5 4 4 4 4 4 8.5 10 10 10 10 10 10 10 10 10 8 2 2 2 2 2 2 2 2 2 3.5 4 4 4 4
4 4 4 4 4 4 5.5 7 7 7 7 4 4 4 4 4 4 4 4 4 4 4 7.75 9 9 9 9 9 9 9 9 9 9 9 9 9 9 9 9 9 9 9 9.5 10 10 10 10 10 10 10 10 10 10 10 10 10 10 10 10 10 10 10 10 10 10 8.5 4 4 4 4 4 10 10 10 10 10 10 10 10 8 6 2 2 2 2 2 2 2 2 2 2 2 4 4 4 4
6.5 5.25 4 4 4 4 7 7 7 7 7 4 4 4 4 4 4 4 4 4 4 4 9 9 9 9 9 9 9 9 9 9 9 9 9 9 9 9 9 9 9 9 9 10 10 10 10 10 10 10 10 10 10 10 10 10 10 10 10 10 10 10 10 10 10 10 7 4 4 7 8.5 10 10 10 10 10 10 8 6 2 2 2 2 2 2 2 2 2 2 2 2 2 3 4 4 4
9 9 7.75 6.5 4 4 7 7 7 7 7 4 4 4 4 4 4 4 4 4 4 4 9 9 9 9 9 9 9 9 9 9 9 9 9 9 9 9 9 9 9 9 9.25 10 10 10 10 10 10 10 10 10 10 10 10 10 10 10 10 10 10 10 10 10 10 10 10 8.5 7 10 10 10 10 10 10 8 4 2 2 2 2 2 2 2 2 2 2 2 2 2 2 2 2 3 4 4
9 9 9 9 9 5.25 7 7 7 7 7 4 4 4 4 4 4 4 4 4 4 4 7.75 9 9 9 9 9 9 9 9 9 9 9 9 9 9 9 9 9 9 9.25 9.75 10 10 10 10 10 10 10 10 10 10 10 8.5 5.5 4 4 7 10 10 10 10 10 10 10 10 10 10 10 10 10 10 10 10 4 2 2 2 2 2 2 2 2 2 2 2 2 2 2 2 2 2 2 3.5 4
9 9 9 9 9 7.75 7 7 7 7 5.5 4 4 4 4 4 4 4 4 4 4 5.25 9 9 9 9 9 9 6.5 5.25 4 4 5.25 5.25 5.25 6.5 7.75 6.5 9 9 9.25 10 10 10 10 10 10 10 10 10 10 10 10 8.5 4 4 4 4 4 10 10 10 10 10 10 10 10 10 10 10 10 10 10 10 4 2 2 2 2 2 2 2 2 2 2 2 2 2 2 2 2 2 2 2 2 3
9 9 9 9 9 9 7 7 7 7 4.75 4 4 4 4 4 4 4 4 4 5.25 9 9 9 9 9 5.25 4 4 4 4 4 4 4 4 4 4 4 4 5.5 10 10 10 10 10 10 10 10 10 10 10 10 7 4 4 4 4 4 4 10 10 10 10 10 10 10 10 10 10 10 10 10 10 10 2 2 2 2 2 2 2 2 2 2 2 2 2 2 2 2 2 2 2 2 2 2
9 9 9 9 9 9 7 7 7 7 4 4 4 4 4 4 4 4 4 7.75 9 9 9 9 7.75 4 4 4 4 4 4 4 4 4 4 4 4 4 5.5 10 10 10 10 10 10 10 10 10 10 10 10 7 4 4 4 4 4 4 7 10 10 10 10 10 10 10 10 10 10 10 10 10 10 4 2 2 2 2 2 2 2 2 2 2 2 2 2 2 2 2 2 2 2 2 2 2
9 9 9 9 9 9 7 7 7 7 4.75 4 4 4 4 4 4 5.25 9 9 9 9 9 5.25 4 4 4 4 4 4 4 4 4 4 4 4 4 4 10 10 10 10 10 10 10 10 10 10 10 10 7 4 4 4 4 4 4 4 5.5 10 10 10 10 10 10 10 10 10 10 10 10 10 10 2 2 2 2 2 2 2 2 2 2 2 2 2 2 2 2 2 2 2 2 2 2 2
9 9 9 9 9 9 7 7 7 7 4 4 4 4 4 4 6.5 9 9 9 9 7.75 4 4 4 4 4 4 4 4 4 4 4 4 4 4 4 7 10 10 10 10 10 10 10 10 10 10 10 5.5 4 4 4 4 4 4 4 4 7 10 10 10 10 10 10 10 10 10 10 10 10 10 8 2 2 2 2 2 2 2 2 2 2 2 2 2 2 2 2 2 2 2 2 2 2 2
9 9 9 9 9 9 7 7 7 7 4 4 4 4 4 4 9 9 9 9 7.75 4 4 4 4 4 4 4 4 4 4 4 4 4 4 4 4 5.5 10 10 10 10 10 10 10 10 10 10 8.5 4 4 4 4 4 4 4 4 4 7 10 10 10 10 10 10 10 10 10 10 10 10 10 6 2 2 2 2 2 2 2 2 2 2 2 2 2 2 2 2 2 2 2 2 2 2 2
9 9 9 9 9 9 7 7 7 7 4 4 4 4 4 4 9 9 9 9 7.75 4 4 4 4 4 4 4 4 4 4 4 4 4 4 4 4 4 10 10 10 10 10 10 10 10 10 7 4 4 4 4 4 4 4 4 4 4 10 10 10 10 10 10 10 10 10 10 10 10 10 10 6 2 2 2 2 2 2 2 2 2 2 2 2 2 2 2 2 2 2 2 2 2 2 2
9 9 9 9 9 8.5 7 7 7 7 5.5 4 4 4 4 4 9 9 9 9 6.5 4 4 4 4 4 4 4 4 4 4 4 4 4 4 4 4 4 8.5 10 10 10 10 10 10 10 7 4 4 4 4 4 4 4 4 4 4 4 8.5 10 10 10 10 10 10 10 10 10 10 10 10 10 2 2 2 2 2 2 2 2 2 2 2 2 2 2 2 2 2 2 2 2 2 2 2 2
9 9 9 9 9 9 7 7 7 7 5.5 4 4 4 4 4 9 9 9 9 6.5 4 4 4 4 4 4 4 4 4 4 4 4 4 4 4 4 4 4 10 10 10 10 10 10 7 4 4 4 4 4 4 4 4 4 4 4 4 10 10 10 10 10 10 10 10 10 10 10 10 10 10 6 2 2 2 2 2 2 2 2 2 2 2 2 2 2 2 2 2 2 2 2 2 2 2
9 9 9 9 9 9 7 7 7 7 5.5 4 4 4 4 4 9 9 9 9 6.5 4 4 4 4 4 4 4 4 4 4 4 4 4 4 4 4 4 4 4 8.5 10 10 10 7 4 4 4 4 4 4 4 4 4 4 4 4 5.5 10 10 10 10 10 10 10 10 10 10 10 10 10 10 6 2 2 2 2 2 2 2 2 2 2 2 2 2 2 2 2 2 2 2 2 2 2 2
9 9 9 9 9 9 7 7 7 7 5.5 4 4 4 4 4 7.75 9 9 9 7.75 4 4 4 4 4 4 4 4 4 4 4 4 4 4 4 4 4 4 4 4 4 7 4 4 4 4 4 4 4 4 4 4 4 4 4 4 5.5 10 10 10 10 10 10 10 10 10 10 10 10 10 10 2 2 2 2 2 2 2 2 2 2 2 2 2 2 2 2 2 2 2 2 2 2 2 2
9 9 9 9 9 9 7 7 7 7 6.25 4 4 4 4 4 5.25 9 9 9 6.5 4 4 4 4 4 4 4 4 4 4 4 4 4 4 4 4 4 4 4 4 4 4 4 4 4 6.5 9 9 6.5 7.75 4 4 4 4 4 4 7 10 10 10 10 10 10 10 10 10 10 10 10 10 10 2 2 2 2 2 2 2 2 2 2 2 2 2 2 2 2 2 2 2 2 2 2 2 2
9 9 9 9 9 9 7.5 7 7 7 7 5.5 4 4 4 4 4 9 9 9 9 4 4 4 4 4 4 4 4 4 4 4 4 4 4 4 4 4 4 4 4 4 4 4 5.25 7.75 9 9 9 9 9 6.5 4 4 4 4 4 10 10 10 10 10 10 10 10 10 10 10 10 10 10 8 2 2 2 2 2 2 2 2 2 1.75 1.5 1.75 2 2 2 2 2 2 2 2 2 2 2 2
9 9 9 9 9 9 8 7 7 7 7 5.5 4 4 4 4 4 9 9 9 9 4 4 4 4 4 4 4 4 4 4 4 4 4 4 4 4 4 4 4 4 4 4 5.25 9 9 9 9 9 9 9 6.5 4 4 4 4 4 10 10 10 10 10 10 10 10 10 10 10 10 10 10 4 2 2 2 2 2 2 1.5 1.5 1 1 1 1 1 1 1.25 1.5 1.75 2 2 2 2 2 2 2
9 9 9 9 9 9 9 7 7 7 7 7 4 4 4 4 4 6.5 9 9 9 5.25 4 4 4 4 4 4 4 4 4 4 4 4 4 4 4 4 4 4 4 4 7.75 9 9 9 9 9 9 9 9 7.75 4 4 4 4 4 10 10 10 10 10 10 10 10 10 10 10 10 10 6 2 2 2 2 2 2 1 1 1 1 1 1 1 1 1 1 1 1 1.25 1.5 1.5 1.5 1.5 1.25 1
9 9 9 9 9 9 9 7 7 7 7 7 5.5 4 4 4 4 6.5 9 9 9 6.5 4 4 4 4 4 4 4 4 4 4 4 4 4 4 4 4 4 4 4 7.75 9 9 9 9 9 9 9 9 9 9 4 4 4 4 5.5 10 10 10 10 10 10 10 10 10 10 10 10 10 4 2 2 2 2 2 1.5 1 1 1 1 1 1 1 1 1 1 1 1 1 1 1 1 1 1 1
9 9 9 9 9 9 9 7 7 7 7 7 5.5 4 4 4 4 4 7.75 9 9 9 4 4 4 4 4 4 4 4 4 4 4 4 4 4 4 4 4 4 7.75 9 9 9 9 9 9 9 9 9 9 7.75 4 4 4 4 7 10 10 10 10 10 10 10 10 10 10 10 10 4 2 2 2 2 2 1.75 1 1 1 1 1 1 1 1 1 1 1 1 1 1 1 1 1 1 1 1
9 9 9 9 9 9 9 8 7 7 7 7 7 4.75 4 4 4 4 6.5 9 9 9 5.25 4 4 4 4 4 4 4 4 4 4 4 4 4 4 4 5.25 7.75 9 9 9 9 9 9 9 9 9 9 9 5.25 4 4 4 4 7 10 10 10 10 10 10 10 10 10 10 10 6 2 2 2 2 2 2 1.5 1 1 1 1 1 1 1 1 1 1 1 1 1 1 1 1 1 1 1 1
9 9 9 9 9 9 9 9 7 7 7 7 7 7 4 4 4 4 6.5 9 9 9 7.75 4 4 4 4 4 4 4 4 4 4 4 4 4 4 6.5 9 9 9 9 9 9 9 9 9 9 9 9 9 4 4 4 4 4 10 10 10 10 10 10 10 10 10 10 10 4 2 2 2 2 2 2 2 1.25 1 1 1 1 1 1 1 1 1 1 1 1 1 1 1 1 1 1 1 1
9 9 9 9 9 9 9 9 7 7 7 7 7 7 4.75 4 4 4 6.5 9 9 9 9 5.25 4 4 4 4 4 4 4 4 4 4 4 5.25 9 9 9 9 9 9 9 9 9 9 9 9 9 9 5.25 4 4 4 4 7 10 10 10 10 10 10 10 10 10 10 6 2 2 2 2 2 2 2 2 1 1 1 1 1 1 1 1 1 1 1 1 1 1 1 1 1 1 1 1 1
9 9 9 9 9 9 9 9 8 7 7 7 7 7 5.5 4 4 4 5.25 9 9 9 9 9 5.25 4 4 4 4 4 4 4 4 4 7.75 9 9 9 9 9 9 9 9 9 9 9 9 9 9 5.25 4 4 4 4 4 7 10 10 10 10 10 10 10 10 10 10 4 2 2 2 2 2 2 2 2 1 1 1 1 1 1 1 1 1 1 1 1 1 1 1 1 1 1 1 1 1
9 9 9 9 9 9 9 9 8 7 7 7 7 7 5.5 4 4 4 4 7.75 9 9 9 9 9 6.5 4 4 4 4 4 4 4 7.75 9 9 9 9 9 9 9 9 9 9 9 9 9 9 5.25 4 4 4 4 4 4 7 10 10 10 10 10 10 10 10 8 2 2 2 2 2 2 2 2 2 2 1 1 1 1 1 1 1 1 1 1 1 1 1 1 1 1 1 1 1 1 1
9 9 9 9 9 9 9 9 9 7 7 7 7 7 6.25 4.75 4 4 4 6.5 9 9 9 9 9 9 7.75 5.25 6.5 6.5 6.5 9 9 9 9 9 9 9 9 9 9 9 9 9 9 9 6.5 4 4 4 4 4 4 4 4 10 10 10 10 10 10 10 10 10 8 2 2 2 2 2 2 2 2 2 1.75 1 1 1 1 1 1 1 1 1 1 1 1 1 1 1 1 1 1 1 1 1
9 9 9 9 9 9 9 9 9 8.5 7 7 7 7 7 5.5 4 4 4 6.5 9 9 9 9 9 9 9 9 9 9 9 9 9 9 9 9 9 9 9 9 9 9 9 7.75 6.5 4 4 4 4 4 4 4 4 4 4 7 10 10 10 10 10 10 10 10 4 2 2 2 2 2 2 2 2 2 1.5 1 1 1 1 1 1 1 1 1 1 -9999 -9999 1 -9999 -9999 1 1 1 1 1 -9999
9 9 9 9 9 9 9 9 9 9 7.5 7 7 7 7 5.5 4 4 4 4 9 9 9 9 9 9 9 9 9 9 9 9 9 9 9 9 9 9 9 9 9 7.75 5.25 4 4 4 4 4 4 4 4 4 4 4 4 5.5 10 10 10 10 10 10 10 9.5 2 2 2 2 2 2 2 2 2 2 1.75 1 1 1 1 1 1 1 1 -9999 -9999 -9999 -9999 -9999 -9999 -9999 1 1 1 1 -9999 -9999
3.75 9 9 9 9 9 9 9 9 9 8 7 7 7 7 5.5 4 4 4 4 9 9 9 9 9 9 9 9 9 9 9 9 9 9 9 9 9 9 9 9 7.75 4 4 4 4 4 4 4 4 4 4 4 4 4 4 4 4 8.25 10 10 10 10 10 9 2 2 2 2 2 2 2 2 2 2 2 1 1 1 1 1 1 1 1 -9999 -9999 -9999 -9999 -9999 -9999 -9999 -9999 1 1 1 -9999 -9999
2 9 9 9 9 9 9 9 9 9 9 7 7 7 7 5.5 4 4 4 4 6.5 9 9 9 9 9 9 9 9 9 9 9 9 9 9 9 9 9 7.75 5.25 4 4 4 4 4 4 4 4 4 4 4 4 4 4 4 4 4 6.5 9.5 9.25 9.5 9.25 9 9 2 2 2 2 2 2 2 2 2 2 2 1 1 1 1 1 1 -9999 -9999 -9999 -9999 -9999 -9999 -9999 -9999 -9999 -9999 -9999 1 1 -9999 -9999
2 9 9 9 9 9 9 9 9 9 9 7 7 7 7 6.25 4 4 4 4 6.5 9 9 9 9 9 9 9 9 9 9 9 9 9 9 9 7.75 5.25 4 4 4 4 4 4 4 4 4 4 4 4 4 4 4 4 4 4 4 6.5 9 9 9 9 9 9 3.75 2 2 2 2 2 2 2 2 2 2 1 1 1 -9999 -9999 -9999 -9999 -9999 -9999 -9999 -9999 -9999 -9999 -9999 -9999 -9999 -9999 -9999 -9999 -9999 -9999
2 9 9 9 9 9 9 9 9 9 9 8.5 7 7 7 5.5 4 4 4 4 6.5 9 9.25 10 10 9.75 9.5 9.25 9 9 9 9 9 9 9 4 4 4 4 4 4 4 4 4 4 4 4 4 4 4 4 4 4 4 4 4 4 7.75 9 9 9 9 9 9 5.5 2 2 2 2 2 2 2 2 2 2 1 1 1 -9999 -9999 -9999 -9999 -9999 -9999 -9999 -9999 -9999 -9999 -9999 -9999 -9999 -9999 -9999 -9999 -9999 -9999
3.75 9 9 9 9 9 9 9 9 9 9 9 7 7 7 4.75 4 4 4 4 6.5 9.25 10 10 10 10 10 10 9.5 9.25 9 9 9 9.5 6.75 4 4 4 4 4 4 4 4 4 4 4 4 4 4 4 4 4 4 4 4 4 5.25 7.75 9 9 9 9 9 9 9 3.75 2 2 2 2 2 2 2 2 2 1 1 1 -9999 -9999 -9999 -9999 -9999 -9999 -9999 -9999 -9999 -9999 -9999 -9999 -9999 -9999 -9999 -9999 -9999 -9999
3.75 9 9 9 9 9 9 9 9 9 9 9 7 7 7 4 4 4 4 4 5.25 8.25 10 10 10 10 10 10 10 10 10 10 10 10 7 4 4 4 4 4 4 4 4 4 4 4 4 4 4 4 4 4 4 4 6.5 7.75 9 9 9 9 9 9 9 9 9 7.25 3.75 2 2 2 2 2 2 2 2 1 1 -9999 -9999 -9999 -9999 -9999 -9999 -9999 -9999 -9999 -9999 -9999 -9999 -9999 -9999 -9999 -9999 -9999 -9999 -9999
