LSCAM_InData/LSCAM_InData/topsoilsilt_cambodia.asc
ncols         292
nrows         251
xllcorner     800180
yllcorner     -2175230
cellsize      2000
NODATA_value  -9999
[rows 156 to 207 of 251, columns 96 to 191 of 292]
27 27 27 27 27 27 27 27 27 27 27 27 27 27 27 27 27 27 27 19.5 15.75 12 12 12 12 12 12 12 12 12 12 12 12 12 12 12 12 12 12 35.25 43 43 43 43 37 31 31 31 31 31 31 31 31 31 31 31 31 31 31 27.5 24 24 24 24 24 24 24 24 24 24 24 24 24 24 24 24 24 24 24 24 24 25.75 31 31 41 41 41 41 41 41 31 31 31 31 31 27.5
27 27 27 27 27 27 27 27 27 27 27 27 27 27 27 27 27 27 27 27 23.25 12 12 12 12 12 12 12 12 12 12 12 12 12 12 12 12 12 12 19.75 43 43 43 43 43 31 31 31 31 31 31 31 31 31 31 31 31 31 29.25 24 24 24 24 24 24 24 24 24 24 24 24 24 24 24 24 24 24 24 24 27.5 29.25 31 31 31 41 41 41 41 41 36 31 31 31 25.75 24 24
12 27 27 27 27 27 27 27 27 27 27 27 27 27 27 27 27 27 27 27 27 19.5 12 12 12 12 12 12 12 12 12 12 12 12 12 12 12 12 12 12 27.5 43 43 43 43 40 31 31 31 31 31 31 31 31 31 31 31 31 27.5 24 24 24 24 24 24 24 24 24 24 24 24 24 24 24 24 24 24 27.5 31 31 31 31 31 31 38.5 41 41 41 41 33.5 31 29.25 25.75 24 24 24
12 27 27 27 27 27 27 27 27 27 27 27 27 27 27 27 27 27 27 27 27 27 12 12 12 12 12 12 12 12 12 12 12 12 12 12 12 12 12 12 12 35.25 43 43 43 43 31 31 31 31 31 31 31 31 31 31 31 31 24 24 24 24 24 24 24 24 24 24 24 24 24 24 24 24 25.75 31 31 31 31 31 31 31 31 41 41 41 41 41 38.5 31 27.5 24 24 24 24 24
12 23.25 27 27 27 27 27 27 27 27 27 27 27 27 27 27 27 27 27 27 27 27 23.25 12 12 12 12 12 12 12 12 12 12 12 12 12 12 12 12 12 12 19.75 43 43 43 43 37 31 31 31 31 31 31 31 31 31 31 27.5 24 24 24 24 24 24 24 24 24 24 24 24 24 25.75 27.5 29.25 31 31 31 31 31 31 31 31 36 41 41 41 41 41 36 27.5 24 24 24 24 24 24
12 19.5 27 27 27 27 27 27 27 27 27 27 27 27 27 27 27 27 27 27 27 27 27 12 12 12 12 12 12 12 12 12 12 12 12 12 12 12 12 12 12 12 27.5 43 43 43 37 31 31 31 31 31 31 31 31 31 31 25.75 24 24 24 24 24 24 24 24 24 24 27.5 29.25 31 31 31 31 31 31 31 31 31 31 31 31 41 41 41 41 41 41 36.75 24 24 24 24 24 24 24
12 19.5 27 27 27 27 27 27 27 27 27 27 27 27 27 27 27 27 27 27 27 27 23.25 12 12 12 12 27.5 12 12 12 12 12 12 12 12 12 12 12 12 12 12 27.5 43 43 43 37 31 31 31 31 31 31 31 31 31 31 27.5 24 24 24 24 24 24 24 24 24 27.5 31 31 31 31 31 31 31 31 31 31 31 33.5 38.5 41 41 41 41 41 41 41 24 24 24 24 24 24 24 24
12 19.5 27 27 27 27 27 27 27 27 27 27 27 27 27 27 27 27 27 27 27 31 43 43 43 43 43 43 43 35.25 27.5 27.5 12 12 12 12 12 12 12 12 12 12 27.5 43 43 43 37 31 31 31 31 31 31 31 31 31 31 27.5 24 24 24 24 24 24 24 25.75 29.25 31 31 31 31 31 31 31 31 33.5 36 36 38.5 41 41 41 41 41 41 41 41 28.25 24 24 24 24 24 24 24 24
12 15.75 27 27 27 27 27 27 27 27 27 27 27 27 27 27 27 27 27 27 31 43 43 43 43 43 43 43 43 43 43 43 43 19.75 19.75 12 12 12 12 12 12 12 27.5 43 43 43 43 31 31 31 31 31 31 31 31 31 31 29.25 24 24 24 24 24 27.5 29.25 31 31 31 31 31 31 31 36 36 41 41 41 41 41 41 41 41 41 41 41 41 36.75 24 24 24 24 24 24 24 24 24
15.75 23.25 27 27 27 27 27 27 27 27 27 27 27 27 27 27 27 27 27 27 35 43 43 43 43 43 43 43 43 43 43 43 43 43 43 27.5 12 12 12 12 12 12 27.5 43 43 43 43 31 31 31 31 31 31 31 31 31 31 31 25.75 24 24 25.75 31 31 31 31 31 31 31 36 41 41 41 41 41 41 41 41 41 41 41 41 41 41 41 36.75 24 24 24 24 24 24 24 24 24 24
27 27 27 27 27 27 27 27 27 27 27 27 27 27 27 27 27 27 27 27 31 43 43 43 43 43 43 43 43 43 43 43 43 43 43 43 35.25 19.75 12 12 12 19.75 43 43 43 43 43 34 31 31 31 31 31 31 31 31 31 31 31 31 29.25 31 31 31 31 31 31 36 41 41 41 41 41 41 41 41 41 41 41 41 41 41 41 41 32.5 24 24 24 24 24 24 24 24 24 24 24
27 27 27 27 27 27 27 27 27 27 27 27 27 27 27 27 27 27 27 27 27 39 43 43 43 43 43 43 43 43 43 43 43 43 43 43 43 43 35.25 27.5 43 43 43 43 43 43 43 37 31 31 31 31 31 31 31 31 31 31 31 31 31 31 31 31 31 31 38.5 41 41 41 41 41 41 41 41 41 41 41 41 41 41 41 38.5 33.5 29.25 24 24 24 24 24 24 24 24 24 24 24
27 27 27 27 27 27 27 27 27 27 27 27 27 27 27 27 27 27 27 27 27 27 39 43 43 43 43 43 43 43 43 43 43 43 43 43 43 43 43 43 43 43 43 43 43 43 43 34 31 31 31 31 31 31 31 31 31 31 31 31 31 31 31 31 31 38.5 41 41 41 41 41 41 41 41 41 41 41 41 41 41 38.5 33.5 31 31 31 27.5 24 24 24 24 24 24 24 24 24 24
27 27 27 27 27 27 27 27 27 27 27 27 27 27 27 27 27 27 27 27 27 27 27 35 27.5 43 43 43 27.5 27.5 27.5 27.5 43 27.5 43 43 43 43 43 43 43 43 43 43 43 43 43 37 31 31 31 31 31 31 31 31 31 31 31 31 31 31 31 31 38.5 41 41 41 41 41 41 41 41 41 41 41 38.5 36 36 31 31 31 31 31 31 31 24 24 24 24 24 24 24 24 24 24
27 27 27 27 31 35 35 35 35 31 27 27 27 27 27 27 27 27 27 27 27 27 27 27 19.5 12 12 12 12 12 12 12 12 12 12 19.75 27.5 43 43 43 43 43 43 43 43 43 43 43 31 31 31 31 31 31 31 31 31 31 31 31 31 31 31 38.5 41 41 41 41 41 41 41 41 41 41 38.5 36 31 31 31 31 31 31 31 31 31 31 27.5 24 24 24 24 24 24 24 24 24
27 27 27 31 43 43 43 43 43 43 27 27 27 27 27 27 27 27 27 27 27 27 27 27 27 15.75 12 12 12 12 12 12 12 12 12 12 12 12 35.25 43 43 43 43 43 43 43 43 43 31 31 31 31 31 31 31 31 31 31 31 31 31 31 33.5 41 41 41 41 41 41 41 41 38.5 33.5 31 31 31 31 31 31 31 31 31 31 31 31 31 24.5 24 24 24 24 24 24 24 24 24
27 27 27 43 43 43 43 43 43 43 39 27 27 27 27 27 27 27 27 27 27 27 27 27 27 27 15.75 12 12 12 12 12 12 12 12 12 12 12 12 12 27.5 43 43 43 43 43 43 43 31 31 31 31 31 31 31 31 31 31 31 31 31 33.5 41 41 41 41 41 41 41 36 31 31 31 31 31 31 31 31 31 31 31 31 31 31 31 31 16.75 15 24 24 24 24 24 24 24 21
27 27 35 43 43 43 43 43 43 43 43 27 27 27 27 27 27 27 27 27 27 27 27 27 27 27 27 12 12 12 12 12 12 12 12 12 12 12 12 12 12 19.75 35.25 43 43 43 43 43 31 31 31 31 31 31 31 31 31 31 31 31 31 41 41 41 41 41 41 38.5 33.5 31 31 31 31 31 31 31 31 16.75 12 12 16.75 16.75 21.5 31 31 16.75 12 12 15 18 18 24 24 21 15 12
27 27 39 43 43 43 43 43 43 43 43 35 27 27 27 27 27 27 27 27 27 27 27 27 27 27 27 15.75 12 12 12 12 12 12 12 12 12 12 12 12 12 12 12 35.25 43 43 43 43 37 31 31 31 31 31 31 31 31 31 31 31 33.5 41 41 41 41 41 38.5 31 31 31 31 31 31 31 31 31 12 12 12 12 12 12 12 12 12 12 12 12 12 12 12 12 12 12 12 12
27 31 43 43 43 43 43 43 43 43 43 39 27 27 27 27 31 43 43 39 35 35 35 27 27 27 19.5 12 12 12 12 12 12 12 12 12 12 12 12 12 12 12 12 19.75 35.25 43 43 43 43 31 31 31 31 31 31 31 31 31 31 31 38.5 41 41 41 41 33.5 31 31 31 31 31 31 31 31 31 26.25 12 12 12 12 12 12 12 12 12 12 12 12 12 12 12 12 12 12 12 12
27 39 43 43 43 43 43 43 43 43 43 43 43 35 39 43 43 43 43 43 43 43 43 39 27 15.75 12 12 12 12 12 12 12 12 12 12 12 12 12 12 12 12 12 12 19.75 43 43 43 43 31 31 31 31 31 31 31 31 31 31 38.5 41 41 41 41 36 31 31 31 31 31 31 31 31 31 31 12 12 12 12 12 12 12 12 12 12 12 12 12 12 12 12 12 12 12 12 28.5
39 43 43 43 43 43 43 43 43 43 43 43 43 43 43 43 43 43 43 43 43 43 43 43 35.25 12 12 12 12 12 12 12 12 12 12 12 12 12 12 12 12 12 12 12 12 27.5 43 43 43 34 31 38.5 38.5 33.5 31 31 31 31 33.5 41 41 41 41 38.5 31 31 31 31 31 31 31 31 31 31 31 12 12 12 12 12 12 12 12 12 12 12 12 12 12 12 12 12 12 12 12 34
39 43 43 43 43 43 43 43 43 43 43 43 43 43 43 43 43 43 43 43 43 43 43 43 43 12 12 12 12 12 12 12 12 12 12 12 12 12 12 12 12 12 12 12 12 19.75 43 43 43 43 41 41 41 41 36 31 31 33.5 41 41 41 41 41 33.5 31 31 31 31 31 31 31 31 31 31 26.25 12 12 12 12 12 12 12 12 12 12 12 12 12 12 12 12 12 12 12 12 34
43 43 43 43 43 43 43 43 43 43 43 43 43 43 43 43 43 43 43 43 43 43 43 43 43 12 12 12 12 12 12 12 12 12 12 12 12 12 12 12 12 12 12 12 12 12 43 43 43 43 41.5 41 41 41 41 38.5 41 41 41 41 41 41 41 31 31 31 31 31 31 31 31 31 31 31 31 12 12 12 12 12 12 12 12 12 12 12 12 12 12 12 12 12 12 12 17.5 34
43 43 43 43 43 43 43 43 43 43 43 43 43 43 43 43 43 43 43 43 43 43 43 43 35.25 12 12 12 12 12 12 12 12 12 12 12 12 12 12 12 12 12 12 12 12 27.5 43 43 43 43 42.5 41 41 41 41 41 41 41 41 41 41 41 41 36 31 31 31 31 31 31 31 31 31 31 31 16.75 12 12 12 12 12 12 12 12 12 12 12 12 12 12 12 12 12 12 23 34
43 43 43 43 43 43 43 43 43 43 43 43 43 43 43 43 43 43 43 43 43 43 43 43 27.5 12 12 12 12 12 12 12 12 12 12 12 12 12 12 12 12 12 12 12 12 27.5 43 43 43 43 43 41.5 41 41 41 41 41 41 41 41 41 41 41 36 31 31 31 31 31 31 31 31 31 31 31 26.25 12 12 12 12 12 12 12 12 12 12 12 12 12 12 12 12 12 12 23 34
43 43 43 43 43 43 43 43 43 43 43 43 43 43 43 43 43 43 43 43 43 43 43 43 12 12 12 12 12 12 12 12 12 12 12 12 27.5 35.25 12 12 12 12 12 12 12 12 43 43 43 43 43 42 41 41 41 41 41 41 41 41 41 41 41 36 31 0 31 31 31 31 31 31 31 31 31 31 21.5 12 12 12 12 12 12 12 12 12 12 12 12 12 12 12 12 12 12 34
43 43 43 43 43 43 43 43 43 43 43 43 43 43 43 43 43 43 43 43 43 43 43 19.75 12 12 12 12 12 12 12 12 12 12 12 43 43 43 35.25 12 12 12 12 12 12 19.75 43 43 43 43 43 43 41 41 41 41 41 41 41 41 41 41 41 41 31 0 31 31 31 31 31 31 31 31 31 31 31 16.75 12 12 12 12 12 12 12 12 12 12 12 12 12 12 12 12 12 34
43 43 43 43 43 43 43 43 43 43 43 43 43 43 43 43 43 43 43 43 43 43 35.25 12 12 12 12 12 12 12 12 12 12 12 35.25 43 43 43 43 35.25 12 12 12 12 12 35.25 43 43 43 43 43 43 42 41 41 41 41 41 41 41 41 41 41 0 0 0 31 31 31 31 31 31 31 31 31 31 31 31 21.5 16.75 12 12 21.5 21.5 21.5 12 21.5 16.75 12 12 12 12 12 12 12 23
43 43 43 43 43 43 43 43 43 43 43 43 43 43 43 43 43 43 43 43 43 43 35.25 12 12 12 12 12 12 12 12 12 12 35.25 43 43 43 43 43 43 35.25 12 12 12 27.5 43 43 43 43 43 43 43 39.5 41 41 41 41 41 41 41 41 41 0 0 0 0 31 31 31 31 31 31 31 31 31 31 31 31 31 31 31 31 31 31 31 31 31 31 31 26.25 26.25 12 12 12 12 23
43 43 43 43 43 43 43 43 43 43 43 43 43 43 43 43 43 43 43 43 43 43 12 12 12 12 12 12 12 12 12 12 19.75 43 43 43 43 43 43 43 43 35.25 27.5 27.5 35.25 43 43 43 43 43 43 43 37 38.5 41 41 41 41 41 41 41 41 41 41 41 0 36 31 31 31 31 31 31 31 31 31 31 31 31 31 31 31 31 31 31 31 31 31 31 31 31 26.25 12 12 12 12
43 43 43 43 43 43 43 43 43 43 43 43 43 43 43 43 43 43 43 43 43 19.75 12 12 12 12 12 12 12 12 12 12 12 43 43 43 43 43 43 43 43 43 43 43 43 43 43 43 43 43 43 43 31 31 38.5 41 41 41 41 41 41 41 41 41 41 41 41 38.5 33.5 31 31 31 31 31 31 31 31 31 31 31 31 31 31 31 31 31 31 31 31 31 31 31 26.25 12 12 12
43 43 43 43 43 43 43 43 43 43 43 43 43 43 43 43 43 43 43 43 43 12 12 12 12 12 12 12 12 12 12 12 19.75 43 43 43 43 43 43 43 43 43 43 43 43 43 43 43 43 43 43 37 31 31 33.5 41 41 41 41 41 41 41 41 41 41 41 41 41 41 38.5 38.5 33.5 31 31 31 31 31 31 31 31 31 31 31 31 31 31 31 31 31 31 31 31 31 16.75 12 12
43 43 43 43 43 43 43 43 43 43 43 43 43 43 43 43 43 43 43 43 35.25 12 12 12 12 12 12 12 12 12 12 12 27.5 43 43 43 43 43 43 43 43 43 43 43 43 43 43 43 43 43 43 34 31 31 31 38.5 41 41 41 41 41 41 41 41 41 41 41 41 41 41 41 41 38.5 38.5 33.5 31 31 31 31 31 31 31 31 31 31 31 31 31 31 31 31 31 31 26.25 12 12
35 35 35 35 35 43 43 43 43 43 43 43 43 43 43 43 43 43 43 43 19.75 12 12 12 12 12 12 12 12 12 12 12 35.25 43 43 43 43 43 43 43 43 43 43 43 43 43 43 43 43 43 34 31 31 31 31 31 41 41 41 41 41 41 41 41 41 41 41 41 41 41 41 41 41 41 41 36 31 31 31 31 31 31 31 31 31 31 31 31 31 31 31 31 31 31 21.5 12
27 27 27 27 27 27 35 35 43 43 43 43 43 43 43 43 43 43 43 43 12 12 12 12 12 12 12 12 12 12 12 12 43 43 43 43 43 43 43 43 43 43 43 43 43 43 43 43 40 31 31 31 31 31 31 31 36 41 41 41 41 41 41 41 41 41 41 41 41 41 41 41 41 41 41 41 38.5 31 31 31 31 31 31 31 31 31 31 31 31 31 31 31 31 31 31 21.5
27 27 27 27 27 27 27 27 31 43 43 43 43 43 43 43 43 43 43 35.25 12 12 12 12 12 12 12 12 12 12 12 19.75 43 43 43 43 43 43 43 43 43 43 43 43 37 37 37 34 31 31 31 31 31 31 31 31 33.5 41 41 41 41 41 41 41 41 41 41 41 41 41 41 41 41 41 41 41 41 38.5 31 31 31 31 31 31 31 31 31 31 31 31 31 31 31 31 31 31
27 27 27 27 27 27 27 27 27 39 43 43 43 43 43 43 43 43 43 43 27.5 12 12 12 12 12 12 12 12 12 19.75 43 43 43 43 43 43 43 43 43 43 43 34 31 31 31 31 31 31 31 31 31 31 31 31 31 31 36 41 41 41 41 41 41 41 41 41 41 41 41 36 38.5 41 41 41 41 41 41 38.5 31 31 31 31 31 31 31 31 31 31 31 31 31 31 31 31 31
27 27 27 27 27 27 27 27 27 27 43 43 43 43 43 43 43 43 43 43 43 19.75 12 12 12 12 12 12 12 12 43 43 43 43 43 43 43 43 43 43 34 31 31 31 31 31 31 31 31 31 31 31 31 31 31 31 31 31 41 41 41 41 41 41 41 41 41 41 38.5 31 31 31 31 38.5 41 41 41 41 41 33.5 31 31 31 31 31 31 31 31 31 31 31 31 31 31 31 31
27 27 27 27 27 27 27 27 27 27 35 43 43 43 43 43 43 43 43 43 43 43 35.25 19.75 12 12 12 27.5 27.5 43 43 43 43 43 43 43 43 43 40 31 31 31 31 31 31 31 31 31 31 31 31 31 31 31 31 31 31 31 31 41 41 41 41 41 41 41 41 41 31 31 31 31 31 31 41 41 41 41 41 41 36 31 31 31 31 31 31 31 31 31 31 31 31 31 31 31
27 27 27 27 27 27 27 27 27 27 27 43 43 43 43 43 43 43 43 43 43 43 43 43 35.25 35.25 43 43 43 43 43 43 43 43 43 43 43 43 37 31 31 31 31 31 31 31 31 34 40 37 37 34 37 31 31 31 31 31 31 36 41 41 41 41 41 41 41 41 33.5 31 31 31 31 31 31 0 41 41 41 41 36 31 31 31 31 31 31 31 31 31 31 31 31 31 31 31
27 27 27 27 27 27 27 27 27 27 27 43 43 43 43 43 43 43 43 43 43 43 43 43 43 43 43 43 43 43 43 43 43 43 43 43 43 43 40 37 31 31 37 37 37 43 43 43 43 43 43 43 43 43 34 31 31 31 31 33.5 41 41 41 41 41 41 41 41 36 31 31 31 31 31 31 31 41 41 41 41 41 31 31 31 31 31 31 31 31 31 31 31 31 31 31 31
27 27 27 27 27 27 27 27 27 27 27 43 43 43 43 43 43 43 43 43 43 43 43 43 43 43 43 43 43 43 43 43 43 43 43 43 43 43 43 43 43 43 43 43 43 43 43 43 43 43 43 43 43 43 43 40 31 31 31 31 36 41 41 0 41 41 41 41 36 31 31 31 31 31 31 31 41 41 41 41 41 31 31 31 31 31 31 31 31 31 31 31 31 31 31 31
27 27 27 27 27 27 27 27 27 27 27 43 43 43 43 43 43 43 43 43 43 43 43 43 43 43 43 43 43 43 43 43 43 43 43 35 39 43 43 43 43 43 43 43 43 43 43 43 43 43 43 43 43 43 43 43 34 31 31 31 33.5 41 41 0 41 41 41 41 36 31 31 31 31 31 31 31 38.5 41 41 41 41 31 31 31 31 31 31 31 31 31 31 31 31 31 31 31
27 27 27 27 27 27 27 27 27 27 27 35 43 43 43 43 43 43 43 43 43 43 43 43 43 43 43 43 43 39 27 27 27 27 27 27 27 27 35 35 43 43 43 43 43 43 43 43 43 43 43 43 43 43 43 43 37 31 31 31 31 38.5 41 41 41 41 41 41 38.5 31 31 31 31 31 31 31 36 41 41 41 41 36 31 31 31 31 31 31 31 31 31 31 31 31 31 31
27 27 27 27 27 27 27 27 27 27 27 31 43 43 43 43 43 43 43 43 43 43 43 43 43 43 35 35 27 27 27 27 27 27 27 27 27 27 27 27 31 43 43 43 43 43 43 43 43 43 43 43 43 43 43 43 37 31 31 31 31 33.5 41 41 41 41 41 41 41 33.5 31 31 31 31 31 31 36 41 41 41 41 36 31 31 31 31 31 31 31 31 31 31 31 31 31 31
27 27 27 27 27 27 27 27 27 27 27 27 43 43 43 43 43 43 43 43 43 43 43 43 39 27 27 27 27 27 27 27 27 27 27 27 27 27 27 27 27 27 39 43 43 35.25 19.75 12 19.75 43 43 43 43 43 43 43 37 31 31 31 31 31 36 41 41 41 41 41 41 36 31 31 31 31 31 31 31 41 41 41 41 31 31 31 31 31 31 31 31 31 31 31 31 31 31 31
27 27 27 27 27 27 27 27 27 27 27 31 43 43 43 43 43 43 43 43 43 43 43 31 27 27 27 27 27 27 27 27 27 27 27 27 27 27 27 27 27 27 31 43 19.75 12 12 12 12 27.5 43 43 43 43 43 43 37 31 31 31 31 31 36 41 41 41 41 41 41 38.5 31 31 31 31 31 31 31 41 41 41 41 31 31 31 31 31 31 31 31 31 31 31 31 31 31 31
27 27 27 27 27 27 27 27 27 27 27 35 43 43 43 43 43 43 43 43 43 43 31 27 27 27 27 27 27 27 27 27 27 27 27 27 27 27 27 27 27 27 27 35 12 12 12 12 12 27.5 43 43 43 43 43 43 34 31 31 31 31 31 31 41 41 41 41 41 41 41 31 31 31 31 31 31 31 41 41 41 41 33.5 31 31 31 31 31 31 31 31 31 31 31 31 31 31
27 27 27 27 27 27 27 27 27 27 27 35 43 43 43 43 43 43 43 43 43 31 27 27 27 27 27 27 27 27 27 27 27 27 27 27 27 27 27 27 27 27 27 15.75 12 12 12 12 12 27.5 43 43 43 43 43 34 31 31 31 31 31 31 31 41 41 41 41 41 41 41 31 31 31 31 31 0 33.5 41 41 41 41 33.5 31 31 31 31 31 31 31 31 31 31 31 31 31 31
27 27 27 27 27 27 27 27 27 27 27 35 43 43 43 43 43 43 43 43 35 27 27 27 27 27 27 27 27 27 27 23.25 19.5 23.25 27 27 27 27 27 27 27 27 15.75 12 12 12 12 12 12 27.5 43 43 43 43 43 31 31 31 31 31 31 31 31 36 41 41 41 41 41 41 31 31 31 31 31 31 33.5 41 41 41 41 31 31 31 31 31 31 31 31 31 31 31 31 31 31 26.25
27 27 27 27 27 27 27 27 27 27 27 27 35 43 43 43 43 43 43 43 31 27 27 27 27 27 27 23.25 12 12 12 12 12 12 15.75 19.5 27 27 27 27 23.25 15.75 12 12 12 12 12 12 12 27.5 43 43 43 43 43 31 31 31 31 31 31 31 31 33.5 41 41 41 41 41 41 36 31 31 31 31 31 36 41 41 41 41 31 31 31 31 31 31 31 31 31 31 31 31 31 31 16.75
