LSCAM_InData/LSCAM_InData/topsoilclay.asc
ncols         292
nrows         251
xllcorner     800180
yllcorner     -2175230
cellsize      2000
NODATA_value  -9999
[rows 147 to 195 of 251, columns 96 to 191 of 292]
10 10 10 10 10 10 10 10 10 10 10 10 10 10 10 10 10 10 10 23 23 23 23 23 23 23 23 23 23 23 23 23 23 23 23 23 23 23 23 30.25 52 52 52 52 52 52 52 52 52 52 52 52 52 52 52 52 52 52 52 52 52 52 53 56 56 56 56 56 56 56 56 56 56 56 56 56 56 56 56 56 56 56 56 56 56 56 29 20 20 20 20 20 20 20 20 20
10 10 10 10 10 10 10 10 10 10 10 10 10 10 10 10 10 10 10 13.25 23 23 23 23 23 23 23 23 23 23 23 23 23 23 23 23 23 23 23 23 37.5 52 52 52 52 52 52 52 52 52 52 52 52 52 52 52 52 52 52 52 52 52 53 56 56 56 56 56 56 56 56 56 56 56 56 56 56 56 56 56 56 56 56 56 56 47 20 20 20 20 20 20 20 20 20 20
10 10 10 10 10 10 10 10 10 10 10 10 10 10 10 10 10 10 10 10 13.25 19.75 23 23 23 23 23 23 23 23 23 23 23 23 23 23 23 23 23 23 23 52 52 52 52 52 52 52 52 52 52 52 52 52 52 52 52 52 52 52 52 52 54 56 56 56 56 56 56 56 56 56 56 56 56 56 56 56 56 56 56 56 56 56 56 38 20 20 20 20 20 20 20 20 28 44
10 10 10 10 10 10 10 10 10 10 10 10 10 10 10 10 10 10 10 10 10 10 19.75 23 23 23 23 23 23 23 23 23 23 23 23 23 23 23 23 23 23 37.5 52 52 52 52 52 52 52 52 52 52 52 52 52 52 52 52 52 52 52 52 56 56 56 56 56 56 56 56 56 56 56 56 56 56 56 56 56 56 56 56 56 56 56 29 20 20 20 20 20 20 20 36 52 52
10 10 10 10 10 10 10 10 10 10 10 10 10 10 10 10 10 10 10 10 10 10 10 19.75 23 23 23 23 23 23 23 23 23 23 23 23 23 23 23 23 23 23 44.75 52 52 52 52 52 52 52 52 52 52 52 52 52 52 52 52 52 52 54 56 56 56 56 56 56 56 56 56 56 56 56 56 56 56 56 56 56 56 56 56 56 56 29 20 20 20 20 20 20 28 52 52 52
10 10 10 10 10 13.5 17 17 10 10 10 10 10 10 10 10 10 10 10 10 10 10 10 13.25 23 23 23 23 23 23 23 19.75 16.5 19.75 19.75 23 23 23 23 23 23 23 23 52 52 52 52 52 52 52 52 52 52 52 52 52 52 52 52 52 52 55 56 56 56 56 56 56 56 56 56 56 56 56 56 56 56 56 56 56 56 56 56 56 56 20 20 20 20 20 20 28 52 52 52 52
10 10 17 20.5 24 24 24 24 24 17 20.5 17 10 10 10 10 10 10 10 10 10 10 10 10 10 16.5 16.5 16.5 13.25 10 10 10 10 10 10 13.25 23 23 23 23 23 23 23 37.5 52 52 52 52 52 52 52 52 52 52 52 52 52 52 52 52 53 56 56 56 56 56 56 56 56 56 56 56 56 56 56 56 56 56 56 56 56 56 56 56 38 20 20 20 20 20 20 44 52 52 52 52
13.5 20.5 24 24 24 24 24 24 24 24 24 24 24 24 24 17 10 10 10 10 10 10 10 10 10 10 10 10 10 10 10 10 10 10 10 10 10 19.75 23 23 23 23 23 23 52 52 52 52 52 52 52 52 52 52 52 52 52 52 52 52 55 56 56 56 56 56 56 56 56 56 56 56 56 56 56 56 56 56 56 56 56 56 56 56 38 20 20 20 20 20 20 52 52 52 52 52
17 24 24 24 24 24 24 24 24 24 24 24 24 24 24 24 24 24 13.5 10 10 10 10 10 10 10 10 10 10 10 10 10 10 10 10 10 10 10 19.75 23 23 23 23 23 44.75 52 52 52 52 52 52 52 52 52 52 52 52 52 52 52 55 56 56 56 56 56 56 56 56 56 56 56 56 56 56 56 56 56 56 56 56 56 55 53 36 20 20 20 20 20 36 52 52 52 52 52
24 24 24 24 24 24 24 24 24 24 24 24 24 24 24 24 24 24 24 17 13.5 10 10 10 10 10 10 10 10 10 10 10 10 10 10 10 10 10 10 19.75 23 23 23 23 37.5 52 52 52 52 52 52 52 52 52 52 52 52 52 52 54 56 56 56 56 56 56 56 56 56 56 56 56 56 56 56 56 56 56 56 56 56 55 52 52 20 20 20 20 20 20 52 52 52 52 52 54
24 24 24 24 24 24 24 24 24 24 24 24 24 24 24 24 24 24 24 24 20.5 10 10 10 10 10 10 10 10 10 10 10 10 10 10 10 10 10 10 13.25 23 23 23 23 23 52 52 52 52 52 52 52 52 52 52 52 52 52 53 56 56 56 56 56 56 56 56 56 56 56 56 56 56 56 56 56 56 56 56 54 53 52 52 52 20 20 20 20 20 36 52 52 52 55 56 56
10 24 24 24 24 24 24 24 24 24 24 24 24 24 24 24 24 24 24 24 24 17 10 10 10 10 10 10 10 10 10 10 10 10 10 10 10 10 10 10 16.5 23 23 23 23 30.25 52 52 52 52 52 52 52 52 52 52 52 52 54 56 56 56 56 56 56 56 56 56 56 56 56 56 56 56 56 56 56 54 52 52 52 52 52 52 28 20 20 20 20 44 52 53 55 56 56 56
10 24 24 24 24 24 24 24 24 24 24 24 24 24 24 24 24 24 24 24 24 24 10 10 10 10 10 10 10 10 10 10 10 10 10 10 10 10 10 10 10 19.75 23 23 23 23 52 52 52 52 52 52 52 52 52 52 52 52 56 56 56 56 56 56 56 56 56 56 56 56 56 56 56 56 55 52 52 52 52 52 52 52 52 20 20 20 20 20 28 52 54 56 56 56 56 56
10 20.5 24 24 24 24 24 24 24 24 24 24 24 24 24 24 24 24 24 24 24 24 20.5 10 10 10 10 10 10 10 10 10 10 10 10 10 10 10 10 10 10 13.25 23 23 23 23 37.5 52 52 52 52 52 52 52 52 52 52 54 56 56 56 56 56 56 56 56 56 56 56 56 56 55 54 53 52 52 52 52 52 52 52 52 36 20 20 20 20 20 36 54 56 56 56 56 56 56
10 17 24 24 24 24 24 24 24 24 24 24 24 24 24 24 24 24 24 24 24 24 24 10 10 10 10 10 10 10 10 10 10 10 10 10 10 10 10 10 10 10 16.5 23 23 23 37.5 52 52 52 52 52 52 52 52 52 52 55 56 56 56 56 56 56 56 56 56 56 54 53 52 52 52 52 52 52 52 52 52 52 52 52 20 20 20 20 20 20 29 56 56 56 56 56 56 56
10 17 24 24 24 24 24 24 24 24 24 24 24 24 24 24 24 24 24 24 24 24 20.5 10 10 10 10 16.5 10 10 10 10 10 10 10 10 10 10 10 10 10 10 16.5 23 23 23 37.5 52 52 52 52 52 52 52 52 52 52 54 56 56 56 56 56 56 56 56 56 54 52 52 52 52 52 52 52 52 52 52 52 44 28 20 20 20 20 20 20 20 56 56 56 56 56 56 56 56
10 17 24 24 24 24 24 24 24 24 24 24 24 24 24 24 24 24 24 24 24 23.75 23 23 23 23 23 23 23 19.75 16.5 16.5 10 10 10 10 10 10 10 10 10 10 16.5 23 23 23 37.5 52 52 52 52 52 52 52 52 52 52 54 56 56 56 56 56 56 56 55 53 52 52 52 52 52 52 52 52 44 36 36 28 20 20 20 20 20 20 20 20 47 56 56 56 56 56 56 56 56
10 13.5 24 24 24 24 24 24 24 24 24 24 24 24 24 24 24 24 24 24 23.75 23 23 23 23 23 23 23 23 23 23 23 23 13.25 13.25 10 10 10 10 10 10 10 16.5 23 23 23 23 52 52 52 52 52 52 52 52 52 52 53 56 56 56 56 56 54 53 52 52 52 52 52 52 52 36 36 20 20 20 20 20 20 20 20 20 20 20 20 29 56 56 56 56 56 56 56 56 56
13.5 20.5 24 24 24 24 24 24 24 24 24 24 24 24 24 24 24 24 24 24 23.5 23 23 23 23 23 23 23 23 23 23 23 23 23 23 16.5 10 10 10 10 10 10 16.5 23 23 23 23 52 52 52 52 52 52 52 52 52 52 52 55 56 56 55 52 52 52 52 52 52 52 36 20 20 20 20 20 20 20 20 20 20 20 20 20 20 20 29 56 56 56 56 56 56 56 56 56 56
24 24 24 24 24 24 24 24 24 24 24 24 24 24 24 24 24 24 24 24 23.75 23 23 23 23 23 23 23 23 23 23 23 23 23 23 23 19.75 13.25 10 10 10 13.25 23 23 23 23 23 44.75 52 52 52 52 52 52 52 52 52 52 52 52 53 52 52 52 52 52 52 36 20 20 20 20 20 20 20 20 20 20 20 20 20 20 20 20 38 56 56 56 56 56 56 56 56 56 56 56
24 24 24 24 24 24 24 24 24 24 24 24 24 24 24 24 24 24 24 24 24 23.25 23 23 23 23 23 23 23 23 23 23 23 23 23 23 23 23 19.75 16.5 23 23 23 23 23 23 23 37.5 52 52 52 52 52 52 52 52 52 52 52 52 52 52 52 52 52 52 28 20 20 20 20 20 20 20 20 20 20 20 20 20 20 20 28 44 53 56 56 56 56 56 56 56 56 56 56 56
24 24 24 24 24 24 24 24 24 24 24 24 24 24 24 24 24 24 24 24 24 24 23.25 23 23 23 23 23 23 23 23 23 23 23 23 23 23 23 23 23 23 23 23 23 23 23 23 44.75 52 52 52 52 52 52 52 52 52 52 52 52 52 52 52 52 52 28 20 20 20 20 20 20 20 20 20 20 20 20 20 20 28 44 52 52 52 54 56 56 56 56 56 56 56 56 56 56
24 24 24 24 24 24 24 24 24 24 24 24 24 24 24 24 24 24 24 24 24 24 24 23.5 16.5 23 23 23 16.5 16.5 16.5 16.5 23 16.5 23 23 23 23 23 23 23 23 23 23 23 23 23 37.5 52 52 52 52 52 52 52 52 52 52 52 52 52 52 52 52 28 20 20 20 20 20 20 20 20 20 20 20 28 36 36 52 52 52 52 52 52 52 56 56 56 56 56 56 56 56 56 56
24 24 24 24 23.75 23.5 23.5 23.5 23.5 23.75 24 24 24 24 24 24 24 24 24 24 24 24 24 24 17 10 10 10 10 10 10 10 10 10 10 13.25 16.5 23 23 23 23 23 23 23 23 23 23 23 52 52 52 52 52 52 52 52 52 52 52 52 52 52 52 28 20 20 20 20 20 20 20 20 20 20 28 36 52 52 52 52 52 52 52 52 52 52 54 56 56 56 56 56 56 56 56 56
24 24 24 23.75 23 23 23 23 23 23 24 24 24 24 24 24 24 24 24 24 24 24 24 24 24 13.5 10 10 10 10 10 10 10 10 10 10 10 10 19.75 23 23 23 23 23 23 23 23 23 52 52 52 52 52 52 52 52 52 52 52 52 52 52 44 20 20 20 20 20 20 20 20 28 44 52 52 52 52 52 52 52 52 52 52 52 52 52 42.5 56 56 56 56 56 56 56 56 56
24 24 24 23 23 23 23 23 23 23 23.25 24 24 24 24 24 24 24 24 24 24 24 24 24 24 24 13.5 10 10 10 10 10 10 10 10 10 10 10 10 10 16.5 23 23 23 23 23 23 23 52 52 52 52 52 52 52 52 52 52 52 52 52 44 20 20 20 20 20 20 20 36 52 52 52 52 52 52 52 52 52 52 52 52 52 52 52 52 20.5 21.5 56 56 56 56 56 56 56 44.5
24 24 23.5 23 23 23 23 23 23 23 23 24 24 24 24 24 24 24 24 24 24 24 24 24 24 24 24 10 10 10 10 10 10 10 10 10 10 10 10 10 10 13.25 19.75 23 23 23 23 23 52 52 52 52 52 52 52 52 52 52 52 52 52 20 20 20 20 20 20 28 44 52 52 52 52 52 52 52 52 20.5 10 10 20.5 20.5 31 52 52 20.5 10 10 21.5 33 33 56 56 44.5 21.5 10
24 24 23.25 23 23 23 23 23 23 23 23 23.5 24 24 24 24 24 24 24 24 24 24 24 24 24 24 24 13.5 10 10 10 10 10 10 10 10 10 10 10 10 10 10 10 19.75 23 23 23 23 37.5 52 52 52 52 52 52 52 52 52 52 52 44 20 20 20 20 20 28 52 52 52 52 52 52 52 52 52 10 10 10 10 10 10 10 10 10 10 10 10 10 10 10 10 10 10 10 10
24 23.75 23 23 23 23 23 23 23 23 23 23.25 24 24 24 24 23.75 23 23 23.25 23.5 23.5 23.5 24 24 24 17 10 10 10 10 10 10 10 10 10 10 10 10 10 10 10 10 13.25 19.75 23 23 23 23 52 52 52 52 52 52 52 52 52 52 52 28 20 20 20 20 44 52 52 52 52 52 52 52 52 52 41.5 10 10 10 10 10 10 10 10 10 10 10 10 10 10 10 10 10 10 10 10
24 23.25 23 23 23 23 23 23 23 23 23 23 23 23.5 23.25 23 23 23 23 23 23 23 23 23.25 24 13.5 10 10 10 10 10 10 10 10 10 10 10 10 10 10 10 10 10 10 13.25 23 23 23 23 52 52 52 52 52 52 52 52 52 52 28 20 20 20 20 36 52 52 52 52 52 52 52 52 52 52 10 10 10 10 10 10 10 10 10 10 10 10 10 10 10 10 10 10 10 10 46
23.25 23 23 23 23 23 23 23 23 23 23 23 23 23 23 23 23 23 23 23 23 23 23 23 19.75 10 10 10 10 10 10 10 10 10 10 10 10 10 10 10 10 10 10 10 10 16.5 23 23 23 44.75 52 28 28 44 52 52 52 52 44 20 20 20 20 28 52 52 52 52 52 52 52 52 52 52 52 10 10 10 10 10 10 10 10 10 10 10 10 10 10 10 10 10 10 10 10 58
23.25 23 23 23 23 23 23 23 23 23 23 23 23 23 23 23 23 23 23 23 23 23 23 23 23 10 10 10 10 10 10 10 10 10 10 10 10 10 10 10 10 10 10 10 10 13.25 23 23 23 23 20 20 20 20 36 52 52 44 20 20 20 20 20 44 52 52 52 52 52 52 52 52 52 52 41.5 10 10 10 10 10 10 10 10 10 10 10 10 10 10 10 10 10 10 10 10 58
23 23 23 23 23 23 23 23 23 23 23 23 23 23 23 23 23 23 23 23 23 23 23 23 23 10 10 10 10 10 10 10 10 10 10 10 10 10 10 10 10 10 10 10 10 10 23 23 23 23 20.75 20 20 20 20 28 20 20 20 20 20 20 20 52 52 52 52 52 52 52 52 52 52 52 52 10 10 10 10 10 10 10 10 10 10 10 10 10 10 10 10 10 10 10 22 58
23 23 23 23 23 23 23 23 23 23 23 23 23 23 23 23 23 23 23 23 23 23 23 23 19.75 10 10 10 10 10 10 10 10 10 10 10 10 10 10 10 10 10 10 10 10 16.5 23 23 23 23 22.25 20 20 20 20 20 20 20 20 20 20 20 20 36 52 52 52 52 52 52 52 52 52 52 52 20.5 10 10 10 10 10 10 10 10 10 10 10 10 10 10 10 10 10 10 34 58
23 23 23 23 23 23 23 23 23 23 23 23 23 23 23 23 23 23 23 23 23 23 23 23 16.5 10 10 10 10 10 10 10 10 10 10 10 10 10 10 10 10 10 10 10 10 16.5 23 23 23 23 23 20.75 20 20 20 20 20 20 20 20 20 20 20 36 52 52 52 52 52 52 52 52 52 52 52 41.5 10 10 10 10 10 10 10 10 10 10 10 10 10 10 10 10 10 10 34 58
23 23 23 23 23 23 23 23 23 23 23 23 23 23 23 23 23 23 23 23 23 23 23 23 10 10 10 10 10 10 10 10 10 10 10 10 16.5 19.75 10 10 10 10 10 10 10 10 23 23 23 23 23 21.5 20 20 20 20 20 20 20 20 20 20 20 36 52 48 52 52 52 52 52 52 52 52 52 52 31 10 10 10 10 10 10 10 10 10 10 10 10 10 10 10 10 10 10 58
23 23 23 23 23 23 23 23 23 23 23 23 23 23 23 23 23 23 23 23 23 23 23 13.25 10 10 10 10 10 10 10 10 10 10 10 23 23 23 19.75 10 10 10 10 10 10 13.25 23 23 23 23 23 23 20 20 20 20 20 20 20 20 20 20 20 20 52 48.23529 52 52 52 52 52 52 52 52 52 52 52 20.5 10 10 10 10 10 10 10 10 10 10 10 10 10 10 10 10 10 58
23 23 23 23 23 23 23 23 23 23 23 23 23 23 23 23 23 23 23 23 23 23 19.75 10 10 10 10 10 10 10 10 10 10 10 19.75 23 23 23 23 19.75 10 10 10 10 10 19.75 23 23 23 23 23 23 21.5 20 20 20 20 20 20 20 20 20 20 25.33333 34.93333 44 52 52 52 52 52 52 52 52 52 52 52 52 31 20.5 10 10 31 31 31 10 31 20.5 10 10 10 10 10 10 10 34
23 23 23 23 23 23 23 23 23 23 23 23 23 23 23 23 23 23 23 23 23 23 19.75 10 10 10 10 10 10 10 10 10 10 19.75 23 23 23 23 23 23 19.75 10 10 10 16.5 23 23 23 23 23 23 23 29.5 20 20 20 20 20 20 20 20 20 21.6 22 29 36.47059 52 52 52 52 52 52 52 52 52 52 52 52 52 52 52 52 52 52 52 52 52 52 52 41.5 41.5 10 10 10 10 34
23 23 23 23 23 23 23 23 23 23 23 23 23 23 23 23 23 23 23 23 23 23 10 10 10 10 10 10 10 10 10 10 13.25 23 23 23 23 23 23 23 23 19.75 16.5 16.5 19.75 23 23 23 23 23 23 23 37.5 28 20 20 20 20 20 20 20 20 20 20 20 30.22222 36 52 52 52 52 52 52 52 52 52 52 52 52 52 52 52 52 52 52 52 52 52 52 52 52 41.5 10 10 10 10
23 23 23 23 23 23 23 23 23 23 23 23 23 23 23 23 23 23 23 23 23 13.25 10 10 10 10 10 10 10 10 10 10 10 23 23 23 23 23 23 23 23 23 23 23 23 23 23 23 23 23 23 23 52 52 28 20 20 20 20 20 20 20 20 20 20 20 20 28 44 52 52 52 52 52 52 52 52 52 52 52 52 52 52 52 52 52 52 52 52 52 52 52 41.5 10 10 10
23 23 23 23 23 23 23 23 23 23 23 23 23 23 23 23 23 23 23 23 23 10 10 10 10 10 10 10 10 10 10 10 13.25 23 23 23 23 23 23 23 23 23 23 23 23 23 23 23 23 23 23 37.5 52 52 44 20 20 20 20 20 20 20 20 20 20 20 20 20 20 28 28 44 52 52 52 52 52 52 52 52 52 52 52 52 52 52 52 52 52 52 52 52 52 20.5 10 10
23 23 23 23 23 23 23 23 23 23 23 23 23 23 23 23 23 23 23 23 19.75 10 10 10 10 10 10 10 10 10 10 10 16.5 23 23 23 23 23 23 23 23 23 23 23 23 23 23 23 23 23 23 44.75 52 52 52 28 20 20 20 20 20 20 20 20 20 20 20 20 20 20 20 20 28 28 44 52 52 52 52 52 52 52 52 52 52 52 52 52 52 52 52 52 52 41.5 10 10
23.5 23.5 23.5 23.5 23.5 23 23 23 23 23 23 23 23 23 23 23 23 23 23 23 13.25 10 10 10 10 10 10 10 10 10 10 10 19.75 23 23 23 23 23 23 23 23 23 23 23 23 23 23 23 23 23 44.75 52 52 52 52 52 20 20 20 20 20 20 20 20 20 20 20 20 20 20 20 20 20 20 20 36 52 52 52 52 52 52 52 52 52 52 52 52 52 52 52 52 52 52 31 10
24 24 24 24 24 24 23.5 23.5 23 23 23 23 23 23 23 23 23 23 23 23 10 10 10 10 10 10 10 10 10 10 10 10 23 23 23 23 23 23 23 23 23 23 23 23 23 23 23 23 30.25 52 52 52 52 52 52 52 36 20 20 20 20 20 20 20 20 20 20 20 20 20 20 20 20 20 20 20 28 52 52 52 52 52 52 52 52 52 52 52 52 52 52 52 52 52 52 31
24 24 24 24 24 24 24 24 23.75 23 23 23 23 23 23 23 23 23 23 19.75 10 10 10 10 10 10 10 10 10 10 10 13.25 23 23 23 23 23 23 23 23 23 23 23 23 37.5 37.5 37.5 44.75 52 52 52 52 52 52 52 52 44 20 20 20 20 20 20 20 20 20 20 20 20 20 20 20 20 20 20 20 20 28 52 52 52 52 52 52 52 52 52 52 52 52 52 52 52 52 52 52
24 24 24 24 24 24 24 24 24 23.25 23 23 23 23 23 23 23 23 23 23 16.5 10 10 10 10 10 10 10 10 10 13.25 23 23 23 23 23 23 23 23 23 23 23 44.75 52 52 52 52 52 52 52 52 52 52 52 52 52 52 36 20 20 20 20 20 20 20 20 20 20 20 20 36 28 20 20 20 20 20 20 28 52 52 52 52 52 52 52 52 52 52 52 52 52 52 52 52 52
24 24 24 24 24 24 24 24 24 24 23 23 23 23 23 23 23 23 23 23 23 13.25 10 10 10 10 10 10 10 10 23 23 23 23 23 23 23 23 23 23 44.75 52 52 52 52 52 52 52 52 52 52 52 52 52 52 52 52 52 20 20 20 20 20 20 20 20 20 20 28 52 52 52 52 28 20 20 20 20 20 44 52 52 52 52 52 52 52 52 52 52 52 52 52 52 52 52
24 24 24 24 24 24 24 24 24 24 23.5 23 23 23 23 23 23 23 23 23 23 23 19.75 13.25 10 10 10 16.5 16.5 23 23 23 23 23 23 23 23 23 30.25 52 52 52 52 52 52 52 52 52 52 52 52 52 52 52 52 52 52 52 52 20 20 20 20 20 20 20 20 20 52 52 52 52 52 52 20 20 20 20 20 20 36 52 52 52 52 52 52 52 52 52 52 52 52 52 52 52
