LSCAM_InData/LSCAM_InData/topsoilsand_cambodia.asc
ncols         292
nrows         251
xllcorner     800180
yllcorner     -2175230
cellsize      2000
NODATA_value  -9999
[rows 156 to 207 of 251, columns 96 to 191 of 292]
49 49 49 49 49 49 49 49 49 49 49 49 49 49 49 49 49 49 49 63.5 70.75 78 78 78 78 78 78 78 78 78 78 78 78 78 78 78 78 78 78 45 34 34 34 34 25.5 17 17 17 17 17 17 17 17 17 17 17 17 17 17 18.5 20 20 20 20 20 20 20 20 20 20 20 20 20 20 20 20 20 20 20 20 20 19.25 17 17 39 39 39 39 39 39 17 17 17 17 17 18.5
49 49 49 49 49 49 49 49 49 49 49 49 49 49 49 49 49 49 49 49 56.25 78 78 78 78 78 78 78 78 78 78 78 78 78 78 78 78 78 78 67 34 34 34 34 34 17 17 17 17 17 17 17 17 17 17 17 17 17 17.75 20 20 20 20 20 20 20 20 20 20 20 20 20 20 20 20 20 20 20 20 18.5 17.75 17 17 17 39 39 39 39 39 28 17 17 17 19.25 20 20
78 49 49 49 49 49 49 49 49 49 49 49 49 49 49 49 49 49 49 49 49 63.5 78 78 78 78 78 78 78 78 78 78 78 78 78 78 78 78 78 78 56 34 34 34 34 29.75 17 17 17 17 17 17 17 17 17 17 17 17 18.5 20 20 20 20 20 20 20 20 20 20 20 20 20 20 20 20 20 20 18.5 17 17 17 17 17 17 33.5 39 39 39 39 22.5 17 17.75 19.25 20 20 20
78 49 49 49 49 49 49 49 49 49 49 49 49 49 49 49 49 49 49 49 49 49 78 78 78 78 78 78 78 78 78 78 78 78 78 78 78 78 78 78 78 45 34 34 34 34 17 17 17 17 17 17 17 17 17 17 17 17 20 20 20 20 20 20 20 20 20 20 20 20 20 20 20 20 19.25 17 17 17 17 17 17 17 17 39 39 39 39 39 33.5 17 18.5 20 20 20 20 20
78 56.25 49 49 49 49 49 49 49 49 49 49 49 49 49 49 49 49 49 49 49 49 56.25 78 78 78 78 78 78 78 78 78 78 78 78 78 78 78 78 78 78 67 34 34 34 34 25.5 17 17 17 17 17 17 17 17 17 17 18.5 20 20 20 20 20 20 20 20 20 20 20 20 20 19.25 18.5 17.75 17 17 17 17 17 17 17 17 28 39 39 39 39 39 28 18.5 20 20 20 20 20 20
78 63.5 49 49 49 49 49 49 49 49 49 49 49 49 49 49 49 49 49 49 49 49 49 78 78 78 78 78 78 78 78 78 78 78 78 78 78 78 78 78 78 78 56 34 34 34 25.5 17 17 17 17 17 17 17 17 17 17 19.25 20 20 20 20 20 20 20 20 20 20 18.5 17.75 17 17 17 17 17 17 17 17 17 17 17 17 39 39 39 39 39 39 34.25 20 20 20 20 20 20 20
78 63.5 49 49 49 49 49 49 49 49 49 49 49 49 49 49 49 49 49 49 49 49 56.25 78 78 78 78 56 78 78 78 78 78 78 78 78 78 78 78 78 78 78 56 34 34 34 25.5 17 17 17 17 17 17 17 17 17 17 18.5 20 20 20 20 20 20 20 20 20 18.5 17 17 17 17 17 17 17 17 17 17 17 22.5 33.5 39 39 39 39 39 39 39 20 20 20 20 20 20 20 20
78 63.5 49 49 49 49 49 49 49 49 49 49 49 49 49 49 49 49 49 49 49 45.25 34 34 34 34 34 34 34 45 56 56 78 78 78 78 78 78 78 78 78 78 56 34 34 34 25.5 17 17 17 17 17 17 17 17 17 17 18.5 20 20 20 20 20 20 20 19.25 17.75 17 17 17 17 17 17 17 17 22.5 28 28 33.5 39 39 39 39 39 39 39 39 24.75 20 20 20 20 20 20 20 20
78 70.75 49 49 49 49 49 49 49 49 49 49 49 49 49 49 49 49 49 49 45.25 34 34 34 34 34 34 34 34 34 34 34 34 67 67 78 78 78 78 78 78 78 56 34 34 34 34 17 17 17 17 17 17 17 17 17 17 17.75 20 20 20 20 20 18.5 17.75 17 17 17 17 17 17 17 28 28 39 39 39 39 39 39 39 39 39 39 39 39 34.25 20 20 20 20 20 20 20 20 20
70.75 56.25 49 49 49 49 49 49 49 49 49 49 49 49 49 49 49 49 49 49 41.5 34 34 34 34 34 34 34 34 34 34 34 34 34 34 56 78 78 78 78 78 78 56 34 34 34 34 17 17 17 17 17 17 17 17 17 17 17 19.25 20 20 19.25 17 17 17 17 17 17 17 28 39 39 39 39 39 39 39 39 39 39 39 39 39 39 39 34.25 20 20 20 20 20 20 20 20 20 20
49 49 49 49 49 49 49 49 49 49 49 49 49 49 49 49 49 49 49 49 45.25 34 34 34 34 34 34 34 34 34 34 34 34 34 34 34 45 67 78 78 78 67 34 34 34 34 34 21.25 17 17 17 17 17 17 17 17 17 17 17 17 17.75 17 17 17 17 17 17 28 39 39 39 39 39 39 39 39 39 39 39 39 39 39 39 39 29.5 20 20 20 20 20 20 20 20 20 20 20
49 49 49 49 49 49 49 49 49 49 49 49 49 49 49 49 49 49 49 49 49 37.75 34 34 34 34 34 34 34 34 34 34 34 34 34 34 34 34 45 56 34 34 34 34 34 34 34 25.5 17 17 17 17 17 17 17 17 17 17 17 17 17 17 17 17 17 17 33.5 39 39 39 39 39 39 39 39 39 39 39 39 39 39 39 33.5 22.5 17.75 20 20 20 20 20 20 20 20 20 20 20
49 49 49 49 49 49 49 49 49 49 49 49 49 49 49 49 49 49 49 49 49 49 37.75 34 34 34 34 34 34 34 34 34 34 34 34 34 34 34 34 34 34 34 34 34 34 34 34 21.25 17 17 17 17 17 17 17 17 17 17 17 17 17 17 17 17 17 33.5 39 39 39 39 39 39 39 39 39 39 39 39 39 39 33.5 22.5 17 17 17 18.5 20 20 20 20 20 20 20 20 20 20
49 49 49 49 49 49 49 49 49 49 49 49 49 49 49 49 49 49 49 49 49 49 49 41.5 56 34 34 34 56 56 56 56 34 56 34 34 34 34 34 34 34 34 34 34 34 34 34 25.5 17 17 17 17 17 17 17 17 17 17 17 17 17 17 17 17 33.5 39 39 39 39 39 39 39 39 39 39 39 33.5 28 28 17 17 17 17 17 17 17 20 20 20 20 20 20 20 20 20 20
49 49 49 49 45.25 41.5 41.5 41.5 41.5 45.25 49 49 49 49 49 49 49 49 49 49 49 49 49 49 63.5 78 78 78 78 78 78 78 78 78 78 67 56 34 34 34 34 34 34 34 34 34 34 34 17 17 17 17 17 17 17 17 17 17 17 17 17 17 17 33.5 39 39 39 39 39 39 39 39 39 39 33.5 28 17 17 17 17 17 17 17 17 17 17 18.5 20 20 20 20 20 20 20 20 20
49 49 49 45.25 34 34 34 34 34 34 49 49 49 49 49 49 49 49 49 49 49 49 49 49 49 70.75 78 78 78 78 78 78 78 78 78 78 78 78 45 34 34 34 34 34 34 34 34 34 17 17 17 17 17 17 17 17 17 17 17 17 17 17 22.5 39 39 39 39 39 39 39 39 33.5 22.5 17 17 17 17 17 17 17 17 17 17 17 17 17 33 20 20 20 20 20 20 20 20 20
49 49 49 34 34 34 34 34 34 34 37.75 49 49 49 49 49 49 49 49 49 49 49 49 49 49 49 70.75 78 78 78 78 78 78 78 78 78 78 78 78 78 56 34 34 34 34 34 34 34 17 17 17 17 17 17 17 17 17 17 17 17 17 22.5 39 39 39 39 39 39 39 28 17 17 17 17 17 17 17 17 17 17 17 17 17 17 17 17 62.75 63.5 20 20 20 20 20 20 20 34.5
49 49 41.5 34 34 34 34 34 34 34 34 49 49 49 49 49 49 49 49 49 49 49 49 49 49 49 49 78 78 78 78 78 78 78 78 78 78 78 78 78 78 67 45 34 34 34 34 34 17 17 17 17 17 17 17 17 17 17 17 17 17 39 39 39 39 39 39 33.5 22.5 17 17 17 17 17 17 17 17 62.75 78 78 62.75 62.75 47.5 17 17 62.75 78 78 63.5 49 49 20 20 34.5 63.5 78
49 49 37.75 34 34 34 34 34 34 34 34 41.5 49 49 49 49 49 49 49 49 49 49 49 49 49 49 49 70.75 78 78 78 78 78 78 78 78 78 78 78 78 78 78 78 45 34 34 34 34 25.5 17 17 17 17 17 17 17 17 17 17 17 22.5 39 39 39 39 39 33.5 17 17 17 17 17 17 17 17 17 78 78 78 78 78 78 78 78 78 78 78 78 78 78 78 78 78 78 78 78
49 45.25 34 34 34 34 34 34 34 34 34 37.75 49 49 49 49 45.25 34 34 37.75 41.5 41.5 41.5 49 49 49 63.5 78 78 78 78 78 78 78 78 78 78 78 78 78 78 78 78 67 45 34 34 34 34 17 17 17 17 17 17 17 17 17 17 17 33.5 39 39 39 39 22.5 17 17 17 17 17 17 17 17 17 32.25 78 78 78 78 78 78 78 78 78 78 78 78 78 78 78 78 78 78 78 78
49 37.75 34 34 34 34 34 34 34 34 34 34 34 41.5 37.75 34 34 34 34 34 34 34 34 37.75 49 70.75 78 78 78 78 78 78 78 78 78 78 78 78 78 78 78 78 78 78 67 34 34 34 34 17 17 17 17 17 17 17 17 17 17 33.5 39 39 39 39 28 17 17 17 17 17 17 17 17 17 17 78 78 78 78 78 78 78 78 78 78 78 78 78 78 78 78 78 78 78 78 25.5
37.75 34 34 34 34 34 34 34 34 34 34 34 34 34 34 34 34 34 34 34 34 34 34 34 45 78 78 78 78 78 78 78 78 78 78 78 78 78 78 78 78 78 78 78 78 56 34 34 34 21.25 17 33.5 33.5 22.5 17 17 17 17 22.5 39 39 39 39 33.5 17 17 17 17 17 17 17 17 17 17 17 78 78 78 78 78 78 78 78 78 78 78 78 78 78 78 78 78 78 78 78 8
37.75 34 34 34 34 34 34 34 34 34 34 34 34 34 34 34 34 34 34 34 34 34 34 34 34 78 78 78 78 78 78 78 78 78 78 78 78 78 78 78 78 78 78 78 78 67 34 34 34 34 39 39 39 39 28 17 17 22.5 39 39 39 39 39 22.5 17 17 17 17 17 17 17 17 17 17 32.25 78 78 78 78 78 78 78 78 78 78 78 78 78 78 78 78 78 78 78 78 8
34 34 34 34 34 34 34 34 34 34 34 34 34 34 34 34 34 34 34 34 34 34 34 34 34 78 78 78 78 78 78 78 78 78 78 78 78 78 78 78 78 78 78 78 78 78 34 34 34 34 37.75 39 39 39 39 33.5 39 39 39 39 39 39 39 17 17 17 17 17 17 17 17 17 17 17 17 78 78 78 78 78 78 78 78 78 78 78 78 78 78 78 78 78 78 78 60.5 8
34 34 34 34 34 34 34 34 34 34 34 34 34 34 34 34 34 34 34 34 34 34 34 34 45 78 78 78 78 78 78 78 78 78 78 78 78 78 78 78 78 78 78 78 78 56 34 34 34 34 35.25 39 39 39 39 39 39 39 39 39 39 39 39 28 17 17 17 17 17 17 17 17 17 17 17 62.75 78 78 78 78 78 78 78 78 78 78 78 78 78 78 78 78 78 78 43 8
34 34 34 34 34 34 34 34 34 34 34 34 34 34 34 34 34 34 34 34 34 34 34 34 56 78 78 78 78 78 78 78 78 78 78 78 78 78 78 78 78 78 78 78 78 56 34 34 34 34 34 37.75 39 39 39 39 39 39 39 39 39 39 39 28 17 17 17 17 17 17 17 17 17 17 17 32.25 78 78 78 78 78 78 78 78 78 78 78 78 78 78 78 78 78 78 43 8
34 34 34 34 34 34 34 34 34 34 34 34 34 34 34 34 34 34 34 34 34 34 34 34 78 78 78 78 78 78 78 78 78 78 78 78 56 45 78 78 78 78 78 78 78 78 34 34 34 34 34 36.5 39 39 39 39 39 39 39 39 39 39 39 28 17 0 17 17 17 17 17 17 17 17 17 17 47.5 78 78 78 78 78 78 78 78 78 78 78 78 78 78 78 78 78 78 8
34 34 34 34 34 34 34 34 34 34 34 34 34 34 34 34 34 34 34 34 34 34 34 67 78 78 78 78 78 78 78 78 78 78 78 34 34 34 45 78 78 78 78 78 78 67 34 34 34 34 34 34 39 39 39 39 39 39 39 39 39 39 39 39 17 0 17 17 17 17 17 17 17 17 17 17 17 62.75 78 78 78 78 78 78 78 78 78 78 78 78 78 78 78 78 78 8
34 34 34 34 34 34 34 34 34 34 34 34 34 34 34 34 34 34 34 34 34 34 45 78 78 78 78 78 78 78 78 78 78 78 45 34 34 34 34 45 78 78 78 78 78 45 34 34 34 34 34 34 36.5 39 39 39 39 39 39 39 39 39 39 0 0 0 17 17 17 17 17 17 17 17 17 17 17 17 47.5 62.75 78 78 47.5 47.5 47.5 78 47.5 62.75 78 78 78 78 78 78 78 43
34 34 34 34 34 34 34 34 34 34 34 34 34 34 34 34 34 34 34 34 34 34 45 78 78 78 78 78 78 78 78 78 78 45 34 34 34 34 34 34 45 78 78 78 56 34 34 34 34 34 34 34 31 39 39 39 39 39 39 39 39 39 0 0 0 0 17 17 17 17 17 17 17 17 17 17 17 17 17 17 17 17 17 17 17 17 17 17 17 32.25 32.25 78 78 78 78 43
34 34 34 34 34 34 34 34 34 34 34 34 34 34 34 34 34 34 34 34 34 34 78 78 78 78 78 78 78 78 78 78 67 34 34 34 34 34 34 34 34 45 56 56 45 34 34 34 34 34 34 34 25.5 33.5 39 39 39 39 39 39 39 39 39 39 39 0 28 17 17 17 17 17 17 17 17 17 17 17 17 17 17 17 17 17 17 17 17 17 17 17 17 32.25 78 78 78 78
34 34 34 34 34 34 34 34 34 34 34 34 34 34 34 34 34 34 34 34 34 67 78 78 78 78 78 78 78 78 78 78 78 34 34 34 34 34 34 34 34 34 34 34 34 34 34 34 34 34 34 34 17 17 33.5 39 39 39 39 39 39 39 39 39 39 39 39 33.5 22.5 17 17 17 17 17 17 17 17 17 17 17 17 17 17 17 17 17 17 17 17 17 17 17 32.25 78 78 78
34 34 34 34 34 34 34 34 34 34 34 34 34 34 34 34 34 34 34 34 34 78 78 78 78 78 78 78 78 78 78 78 67 34 34 34 34 34 34 34 34 34 34 34 34 34 34 34 34 34 34 25.5 17 17 22.5 39 39 39 39 39 39 39 39 39 39 39 39 39 39 33.5 33.5 22.5 17 17 17 17 17 17 17 17 17 17 17 17 17 17 17 17 17 17 17 17 17 62.75 78 78
34 34 34 34 34 34 34 34 34 34 34 34 34 34 34 34 34 34 34 34 45 78 78 78 78 78 78 78 78 78 78 78 56 34 34 34 34 34 34 34 34 34 34 34 34 34 34 34 34 34 34 21.25 17 17 17 33.5 39 39 39 39 39 39 39 39 39 39 39 39 39 39 39 39 33.5 33.5 22.5 17 17 17 17 17 17 17 17 17 17 17 17 17 17 17 17 17 17 32.25 78 78
41.5 41.5 41.5 41.5 41.5 34 34 34 34 34 34 34 34 34 34 34 34 34 34 34 67 78 78 78 78 78 78 78 78 78 78 78 45 34 34 34 34 34 34 34 34 34 34 34 34 34 34 34 34 34 21.25 17 17 17 17 17 39 39 39 39 39 39 39 39 39 39 39 39 39 39 39 39 39 39 39 28 17 17 17 17 17 17 17 17 17 17 17 17 17 17 17 17 17 17 47.5 78
49 49 49 49 49 49 41.5 41.5 34 34 34 34 34 34 34 34 34 34 34 34 78 78 78 78 78 78 78 78 78 78 78 78 34 34 34 34 34 34 34 34 34 34 34 34 34 34 34 34 29.75 17 17 17 17 17 17 17 28 39 39 39 39 39 39 39 39 39 39 39 39 39 39 39 39 39 39 39 33.5 17 17 17 17 17 17 17 17 17 17 17 17 17 17 17 17 17 17 47.5
49 49 49 49 49 49 49 49 45.25 34 34 34 34 34 34 34 34 34 34 45 78 78 78 78 78 78 78 78 78 78 78 67 34 34 34 34 34 34 34 34 34 34 34 34 25.5 25.5 25.5 21.25 17 17 17 17 17 17 17 17 22.5 39 39 39 39 39 39 39 39 39 39 39 39 39 39 39 39 39 39 39 39 33.5 17 17 17 17 17 17 17 17 17 17 17 17 17 17 17 17 17 17
49 49 49 49 49 49 49 49 49 37.75 34 34 34 34 34 34 34 34 34 34 56 78 78 78 78 78 78 78 78 78 67 34 34 34 34 34 34 34 34 34 34 34 21.25 17 17 17 17 17 17 17 17 17 17 17 17 17 17 28 39 39 39 39 39 39 39 39 39 39 39 39 28 33.5 39 39 39 39 39 39 33.5 17 17 17 17 17 17 17 17 17 17 17 17 17 17 17 17 17
49 49 49 49 49 49 49 49 49 49 34 34 34 34 34 34 34 34 34 34 34 67 78 78 78 78 78 78 78 78 34 34 34 34 34 34 34 34 34 34 21.25 17 17 17 17 17 17 17 17 17 17 17 17 17 17 17 17 17 39 39 39 39 39 39 39 39 39 39 33.5 17 17 17 17 33.5 39 39 39 39 39 22.5 17 17 17 17 17 17 17 17 17 17 17 17 17 17 17 17
49 49 49 49 49 49 49 49 49 49 41.5 34 34 34 34 34 34 34 34 34 34 34 45 67 78 78 78 56 56 34 34 34 34 34 34 34 34 34 29.75 17 17 17 17 17 17 17 17 17 17 17 17 17 17 17 17 17 17 17 17 39 39 39 39 39 39 39 39 39 17 17 17 17 17 17 39 39 39 39 39 39 28 17 17 17 17 17 17 17 17 17 17 17 17 17 17 17
49 49 49 49 49 49 49 49 49 49 49 34 34 34 34 34 34 34 34 34 34 34 34 34 45 45 34 34 34 34 34 34 34 34 34 34 34 34 25.5 17 17 17 17 17 17 17 17 21.25 29.75 25.5 25.5 21.25 25.5 17 17 17 17 17 17 28 39 39 39 39 39 39 39 39 22.5 17 17 17 17 17 17 0 39 39 39 39 28 17 17 17 17 17 17 17 17 17 17 17 17 17 17 17
49 49 49 49 49 49 49 49 49 49 49 34 34 34 34 34 34 34 34 34 34 34 34 34 34 34 34 34 34 34 34 34 34 34 34 34 34 34 29.75 25.5 17 17 25.5 25.5 25.5 34 34 34 34 34 34 34 34 34 21.25 17 17 17 17 22.5 39 39 39 39 39 39 39 39 28 17 17 17 17 17 17 17 39 39 39 39 39 17 17 17 17 17 17 17 17 17 17 17 17 17 17 17
49 49 49 49 49 49 49 49 49 49 49 34 34 34 34 34 34 34 34 34 34 34 34 34 34 34 34 34 34 34 34 34 34 34 34 34 34 34 34 34 34 34 34 34 34 34 34 34 34 34 34 34 34 34 34 29.75 17 17 17 17 28 39 39 0 39 39 39 39 28 17 17 17 17 17 17 17 39 39 39 39 39 17 17 17 17 17 17 17 17 17 17 17 17 17 17 17
49 49 49 49 49 49 49 49 49 49 49 34 34 34 34 34 34 34 34 34 34 34 34 34 34 34 34 34 34 34 34 34 34 34 34 41.5 37.75 34 34 34 34 34 34 34 34 34 34 34 34 34 34 34 34 34 34 34 21.25 17 17 17 22.5 39 39 0 39 39 39 39 28 17 17 17 17 17 17 17 33.5 39 39 39 39 17 17 17 17 17 17 17 17 17 17 17 17 17 17 17
49 49 49 49 49 49 49 49 49 49 49 41.5 34 34 34 34 34 34 34 34 34 34 34 34 34 34 34 34 34 37.75 49 49 49 49 49 49 49 49 41.5 41.5 34 34 34 34 34 34 34 34 34 34 34 34 34 34 34 34 25.5 17 17 17 17 33.5 39 39 39 39 39 39 33.5 17 17 17 17 17 17 17 28 39 39 39 39 28 17 17 17 17 17 17 17 17 17 17 17 17 17 17
49 49 49 49 49 49 49 49 49 49 49 45.25 34 34 34 34 34 34 34 34 34 34 34 34 34 34 41.5 41.5 49 49 49 49 49 49 49 49 49 49 49 49 45.25 34 34 34 34 34 34 34 34 34 34 34 34 34 34 34 25.5 17 17 17 17 22.5 39 39 39 39 39 39 39 22.5 17 17 17 17 17 17 28 39 39 39 39 28 17 17 17 17 17 17 17 17 17 17 17 17 17 17
49 49 49 49 49 49 49 49 49 49 49 49 34 34 34 34 34 34 34 34 34 34 34 34 37.75 49 49 49 49 49 49 49 49 49 49 49 49 49 49 49 49 49 37.75 34 34 45 67 78 67 34 34 34 34 34 34 34 25.5 17 17 17 17 17 28 39 39 39 39 39 39 28 17 17 17 17 17 17 17 39 39 39 39 17 17 17 17 17 17 17 17 17 17 17 17 17 17 17
49 49 49 49 49 49 49 49 49 49 49 45.25 34 34 34 34 34 34 34 34 34 34 34 45.25 49 49 49 49 49 49 49 49 49 49 49 49 49 49 49 49 49 49 45.25 34 67 78 78 78 78 56 34 34 34 34 34 34 25.5 17 17 17 17 17 28 39 39 39 39 39 39 33.5 17 17 17 17 17 17 17 39 39 39 39 17 17 17 17 17 17 17 17 17 17 17 17 17 17 17
49 49 49 49 49 49 49 49 49 49 49 41.5 34 34 34 34 34 34 34 34 34 34 45.25 49 49 49 49 49 49 49 49 49 49 49 49 49 49 49 49 49 49 49 49 41.5 78 78 78 78 78 56 34 34 34 34 34 34 21.25 17 17 17 17 17 17 39 39 39 39 39 39 39 17 17 17 17 17 17 17 39 39 39 39 22.5 17 17 17 17 17 17 17 17 17 17 17 17 17 17
49 49 49 49 49 49 49 49 49 49 49 41.5 34 34 34 34 34 34 34 34 34 45.25 49 49 49 49 49 49 49 49 49 49 49 49 49 49 49 49 49 49 49 49 49 70.75 78 78 78 78 78 56 34 34 34 34 34 21.25 17 17 17 17 17 17 17 39 39 39 39 39 39 39 17 17 17 17 17 0 22.5 39 39 39 39 22.5 17 17 17 17 17 17 17 17 17 17 17 17 17 17
49 49 49 49 49 49 49 49 49 49 49 41.5 34 34 34 34 34 34 34 34 41.5 49 49 49 49 49 49 49 49 49 49 56.25 63.5 56.25 49 49 49 49 49 49 49 49 70.75 78 78 78 78 78 78 56 34 34 34 34 34 17 17 17 17 17 17 17 17 28 39 39 39 39 39 39 17 17 17 17 17 17 22.5 39 39 39 39 17 17 17 17 17 17 17 17 17 17 17 17 17 17 32.25
49 49 49 49 49 49 49 49 49 49 49 49 41.5 34 34 34 34 34 34 34 45.25 49 49 49 49 49 49 56.25 78 78 78 78 78 78 70.75 63.5 49 49 49 49 56.25 70.75 78 78 78 78 78 78 78 56 34 34 34 34 34 17 17 17 17 17 17 17 17 22.5 39 39 39 39 39 39 28 17 17 17 17 17 28 39 39 39 39 17 17 17 17 17 17 17 17 17 17 17 17 17 17 62.75
