LSCAM_InData/LSCAM_InData/topsoilsilt_cambodia.asc
ncols         292
nrows         251
xllcorner     800180
yllcorner     -2175230
cellsize      2000
NODATA_value  -9999
[rows 104 to 155 of 251, columns 192 to 287 of 292]
27.5 19.75 12 12 12 12 31 31 31 31 31 41 41 41 41 41 41 19.25 12 12 12 12 43 43 43 43 43 43 43 43 43 43 43 43 43 43 43 43 43 43 43 43 43 27 27 27 27 27 27 27 27 27 27 27 27 27 27 27 27 27 27 27 27 27 27 27 19.5 12 12 19.5 23.25 27 27 27 27 27 27 26.25 25.5 24 24 24 24 24 24 24 24 24 24 24 24 24 18 12 12 12
43 43 35.25 27.5 12 12 31 31 31 31 31 41 41 41 41 41 41 12 12 12 12 12 43 43 43 43 43 43 43 43 43 43 43 43 43 43 43 43 43 43 43 43 39 27 27 27 27 27 27 27 27 27 27 27 27 27 27 27 27 27 27 27 27 27 27 27 27 23.25 19.5 27 27 27 27 27 27 26.25 24.75 24 24 24 24 24 24 24 24 24 24 24 24 24 24 24 24 18 12 12
43 43 43 43 43 19.75 31 31 31 31 31 41 41 41 41 41 41 12 12 12 12 12 35.25 43 43 43 43 43 43 43 43 43 43 43 43 43 43 43 43 43 43 39 31 27 27 27 27 27 27 27 27 27 27 27 23.25 15.75 12 12 19.5 27 27 27 27 27 27 27 27 27 27 27 27 27 27 27 27 24.75 24 24 24 24 24 24 24 24 24 24 24 24 24 24 24 24 24 24 15 12
43 43 43 43 43 35.25 31 31 31 31 36 41 41 41 41 41 41 12 12 12 12 19.75 43 43 43 43 43 43 27.5 19.75 12 12 19.75 19.75 19.75 27.5 35.25 27.5 43 43 39 27 27 27 27 27 27 27 27 27 27 27 27 23.25 12 12 12 12 12 27 27 27 27 27 27 27 27 27 27 27 27 27 27 27 24.75 24 24 24 24 24 24 24 24 24 24 24 24 24 24 24 24 24 24 24 24 18
43 43 43 43 43 43 31 31 31 31 38.5 41 41 41 41 41 26.5 12 12 12 19.75 43 43 43 43 43 19.75 12 12 12 12 12 12 12 12 12 12 12 12 15.75 27 27 27 27 27 27 27 27 27 27 27 27 19.5 12 12 12 12 12 12 27 27 27 27 27 27 27 27 27 27 27 27 27 27 27 24 24 24 24 24 24 24 24 24 24 24 24 24 24 24 24 24 24 24 24 24 24
43 43 43 43 43 43 31 31 31 31 41 41 41 41 41 41 19.25 12 12 35.25 43 43 43 43 35.25 12 12 12 12 12 12 12 12 12 12 12 12 12 15.75 27 27 27 27 27 27 27 27 27 27 27 27 19.5 12 12 12 12 12 12 19.5 27 27 27 27 27 27 27 27 27 27 27 27 27 27 24.75 24 24 24 24 24 24 24 24 24 24 24 24 24 24 24 24 24 24 24 24 24 24
43 43 43 43 43 43 31 31 31 31 38.5 41 41 41 41 41 26.5 19.75 43 43 43 43 43 19.75 12 12 12 12 12 12 12 12 12 12 12 12 12 12 27 27 27 27 27 27 27 27 27 27 27 27 19.5 12 12 12 12 12 12 12 15.75 27 27 27 27 27 27 27 27 27 27 27 27 27 27 24 24 24 24 24 24 24 24 24 24 24 24 24 24 24 24 24 24 24 24 24 24 24
43 43 43 43 43 43 31 31 31 31 41 41 41 41 41 41 42 43 43 43 43 35.25 12 12 12 12 12 12 12 12 12 12 12 12 12 12 12 19.5 27 27 27 27 27 27 27 27 27 27 27 15.75 12 12 12 12 12 12 12 12 19.5 27 27 27 27 27 27 27 27 27 27 27 27 27 26.25 24 24 24 24 24 24 24 24 24 24 24 24 24 24 24 24 24 24 24 24 24 24 24
43 43 43 43 43 43 31 31 31 31 41 41 41 41 41 41 43 43 43 43 35.25 12 12 12 12 12 12 12 12 12 12 12 12 12 12 12 12 15.75 27 27 27 27 27 27 27 27 27 27 23.25 12 12 12 12 12 12 12 12 12 19.5 27 27 27 27 27 27 27 27 27 27 27 27 27 25.5 24 24 24 24 24 24 24 24 24 24 24 24 24 24 24 24 24 24 24 24 24 24 24
43 43 43 43 43 43 31 31 31 31 41 41 41 41 41 41 43 43 43 43 35.25 12 12 12 12 12 12 12 12 12 12 12 12 12 12 12 12 12 27 27 27 27 27 27 27 27 27 19.5 12 12 12 12 12 12 12 12 12 12 27 27 27 27 27 27 27 27 27 27 27 27 27 27 25.5 24 24 24 24 24 24 24 24 24 24 24 24 24 24 24 24 24 24 24 24 24 24 24
43 43 43 43 43 40 31 31 31 31 36 41 41 41 41 41 43 43 43 43 27.5 12 12 12 12 12 12 12 12 12 12 12 12 12 12 12 12 12 23.25 27 27 27 27 27 27 27 19.5 12 12 12 12 12 12 12 12 12 12 12 23.25 27 27 27 27 27 27 27 27 27 27 27 27 27 24 24 24 24 24 24 24 24 24 24 24 24 24 24 24 24 24 24 24 24 24 24 24 24
43 43 43 43 43 43 31 31 31 31 36 41 41 41 41 41 43 43 43 43 27.5 12 12 12 12 12 12 12 12 12 12 12 12 12 12 12 12 12 12 27 27 27 27 27 27 19.5 12 12 12 12 12 12 12 12 12 12 12 12 27 27 27 27 27 27 27 27 27 27 27 27 27 27 25.5 24 24 24 24 24 24 24 24 24 24 24 24 24 24 24 24 24 24 24 24 24 24 24
43 43 43 43 43 43 31 31 31 31 36 41 41 41 41 41 43 43 43 43 27.5 12 12 12 12 12 12 12 12 12 12 12 12 12 12 12 12 12 12 12 23.25 27 27 27 19.5 12 12 12 12 12 12 12 12 12 12 12 12 15.75 27 27 27 27 27 27 27 27 27 27 27 27 27 27 25.5 24 24 24 24 24 24 24 24 24 24 24 24 24 24 24 24 24 24 24 24 24 24 24
43 43 43 43 43 43 31 31 31 31 36 41 41 41 41 41 42.5 43 43 43 35.25 12 12 12 12 12 12 12 12 12 12 12 12 12 12 12 12 12 12 12 12 12 19.5 12 12 12 12 12 12 12 12 12 12 12 12 12 12 15.75 27 27 27 27 27 27 27 27 27 27 27 27 27 27 24 24 24 24 24 24 24 24 24 24 24 24 24 24 24 24 24 24 24 24 24 24 24 24
43 43 43 43 43 43 31 31 31 31 33.5 41 41 41 41 41 41.5 43 43 43 27.5 12 12 12 12 12 12 12 12 12 12 12 12 12 12 12 12 12 12 12 12 12 12 12 12 12 27.5 43 43 27.5 35.25 12 12 12 12 12 12 19.5 27 27 27 27 27 27 27 27 27 27 27 27 27 27 24 24 24 24 24 24 24 24 24 24 24 24 24 24 24 24 24 24 24 24 24 24 24 24
43 43 43 43 43 43 34 31 31 31 31 36 41 41 41 41 41 43 43 43 43 12 12 12 12 12 12 12 12 12 12 12 12 12 12 12 12 12 12 12 12 12 12 12 19.75 35.25 43 43 43 43 43 27.5 12 12 12 12 12 27 27 27 27 27 27 27 27 27 27 27 27 27 27 26.25 24 24 24 24 24 24 24 24 24 22.75 21.5 22.75 24 24 24 24 24 24 24 24 24 24 24 24
43 43 43 43 43 43 37 31 31 31 31 36 41 41 41 41 41 43 43 43 43 12 12 12 12 12 12 12 12 12 12 12 12 12 12 12 12 12 12 12 12 12 12 19.75 43 43 43 43 43 43 43 27.5 12 12 12 12 12 27 27 27 27 27 27 27 27 27 27 27 27 27 27 24.75 24 24 24 24 24 24 21.5 21.5 19 19 19 19 19 19 20.25 21.5 22.75 24 24 24 24 24 24 24
43 43 43 43 43 43 43 31 31 31 31 31 41 41 41 41 41 42 43 43 43 19.75 12 12 12 12 12 12 12 12 12 12 12 12 12 12 12 12 12 12 12 12 35.25 43 43 43 43 43 43 43 43 35.25 12 12 12 12 12 27 27 27 27 27 27 27 27 27 27 27 27 27 25.5 24 24 24 24 24 24 19 19 19 19 19 19 19 19 19 19 19 19 20.25 21.5 21.5 21.5 21.5 20.25 19
43 43 43 43 43 43 43 31 31 31 31 31 36 41 41 41 41 42 43 43 43 27.5 12 12 12 12 12 12 12 12 12 12 12 12 12 12 12 12 12 12 12 35.25 43 43 43 43 43 43 43 43 43 43 12 12 12 12 15.75 27 27 27 27 27 27 27 27 27 27 27 27 27 24.75 24 24 24 24 24 21.5 19 19 19 19 19 19 19 19 19 19 19 19 19 19 19 19 19 19 19
43 43 43 43 43 43 43 31 31 31 31 31 36 41 41 41 41 41 42.5 43 43 43 12 12 12 12 12 12 12 12 12 12 12 12 12 12 12 12 12 12 35.25 43 43 43 43 43 43 43 43 43 43 35.25 12 12 12 12 19.5 27 27 27 27 27 27 27 27 27 27 27 27 24.75 24 24 24 24 24 22.75 19 19 19 19 19 19 19 19 19 19 19 19 19 19 19 19 19 19 19 19
43 43 43 43 43 43 43 37 31 31 31 31 31 38.5 41 41 41 41 42 43 43 43 19.75 12 12 12 12 12 12 12 12 12 12 12 12 12 12 12 19.75 35.25 43 43 43 43 43 43 43 43 43 43 43 19.75 12 12 12 12 19.5 27 27 27 27 27 27 27 27 27 27 27 25.5 24 24 24 24 24 24 21.5 19 19 19 19 19 19 19 19 19 19 19 19 19 19 19 19 19 19 19 19
43 43 43 43 43 43 43 43 31 31 31 31 31 31 41 41 41 41 42 43 43 43 35.25 12 12 12 12 12 12 12 12 12 12 12 12 12 12 27.5 43 43 43 43 43 43 43 43 43 43 43 43 43 12 12 12 12 12 27 27 27 27 27 27 27 27 27 27 27 24.75 24 24 24 24 24 24 24 20.25 19 19 19 19 19 19 19 19 19 19 19 19 19 19 19 19 19 19 19 19
43 43 43 43 43 43 43 43 31 31 31 31 31 31 38.5 41 41 41 42 43 43 43 43 19.75 12 12 12 12 12 12 12 12 12 12 12 19.75 43 43 43 43 43 43 43 43 43 43 43 43 43 43 19.75 12 12 12 12 19.5 27 27 27 27 27 27 27 27 27 27 25.5 24 24 24 24 24 24 24 24 19 19 19 19 19 19 19 19 19 19 19 19 19 19 19 19 19 19 19 19 19
43 43 43 43 43 43 43 43 37 31 31 31 31 31 36 41 41 41 41.5 43 43 43 43 43 19.75 12 12 12 12 12 12 12 12 12 35.25 43 43 43 43 43 43 43 43 43 43 43 43 43 43 19.75 12 12 12 12 12 19.5 27 27 27 27 27 27 27 27 27 27 24.75 24 24 24 24 24 24 24 24 19 19 19 19 19 19 19 19 19 19 19 19 19 19 19 19 19 19 19 19 19
43 43 43 43 43 43 43 43 37 31 31 31 31 31 36 41 41 41 41 42.5 43 43 43 43 43 27.5 12 12 12 12 12 12 12 35.25 43 43 43 43 43 43 43 43 43 43 43 43 43 43 19.75 12 12 12 12 12 12 19.5 27 27 27 27 27 27 27 27 26.25 24 24 24 24 24 24 24 24 24 24 19 19 19 19 19 19 19 19 19 19 19 19 19 19 19 19 19 19 19 19 19
43 43 43 43 43 43 43 43 43 31 31 31 31 31 33.5 38.5 41 41 41 42 43 43 43 43 43 43 35.25 19.75 27.5 27.5 27.5 43 43 43 43 43 43 43 43 43 43 43 43 43 43 43 27.5 12 12 12 12 12 12 12 12 27 27 27 27 27 27 27 27 27 26.25 24 24 24 24 24 24 24 24 24 22.75 19 19 19 19 19 19 19 19 19 19 19 19 19 19 19 19 19 19 19 19 19
43 43 43 43 43 43 43 43 43 40 31 31 31 31 31 36 41 41 41 42 43 43 43 43 43 43 43 43 43 43 43 43 43 43 43 43 43 43 43 43 43 43 43 35.25 27.5 12 12 12 12 12 12 12 12 12 12 19.5 27 27 27 27 27 27 27 27 24.75 24 24 24 24 24 24 24 24 24 21.5 19 19 19 19 19 19 19 19 19 19 -9999 -9999 19 -9999 -9999 19 19 19 19 19 -9999
43 43 43 43 43 43 43 43 43 43 34 31 31 31 31 36 41 41 41 41 43 43 43 43 43 43 43 43 43 43 43 43 43 43 43 43 43 43 43 43 43 35.25 19.75 12 12 12 12 12 12 12 12 12 12 12 12 15.75 27 27 27 27 27 27 27 35 24 24 24 24 24 24 24 24 24 24 22.75 19 19 19 19 19 19 19 19 -9999 -9999 -9999 -9999 -9999 -9999 -9999 19 19 19 19 -9999 -9999
28.75 43 43 43 43 43 43 43 43 43 37 31 31 31 31 36 41 41 41 41 43 43 43 43 43 43 43 43 43 43 43 43 43 43 43 43 43 43 43 43 35.25 12 12 12 12 12 12 12 12 12 12 12 12 12 12 12 12 27.25 27 27 27 27 27 43 24 24 24 24 24 24 24 24 24 24 24 19 19 19 19 19 19 19 19 -9999 -9999 -9999 -9999 -9999 -9999 -9999 -9999 19 19 19 -9999 -9999
24 43 43 43 43 43 43 43 43 43 43 31 31 31 31 36 41 41 41 41 42 43 43 43 43 43 43 43 43 43 43 43 43 43 43 43 43 43 35.25 19.75 12 12 12 12 12 12 12 12 12 12 12 12 12 12 12 12 12 27.5 35 39 35 39 43 43 24 24 24 24 24 24 24 24 24 24 24 19 19 19 19 19 19 -9999 -9999 -9999 -9999 -9999 -9999 -9999 -9999 -9999 -9999 -9999 19 19 -9999 -9999
24 43 43 43 43 43 43 43 43 43 43 31 31 31 31 33.5 41 41 41 41 42 43 43 43 43 43 43 43 43 43 43 43 43 43 43 43 35.25 19.75 12 12 12 12 12 12 12 12 12 12 12 12 12 12 12 12 12 12 12 27.5 43 43 43 43 43 43 28.75 24 24 24 24 24 24 24 24 24 24 19 19 19 -9999 -9999 -9999 -9999 -9999 -9999 -9999 -9999 -9999 -9999 -9999 -9999 -9999 -9999 -9999 -9999 -9999 -9999
24 43 43 43 43 43 43 43 43 43 43 40 31 31 31 36 41 41 41 41 42 43 39 27 27 31 35 39 43 43 43 43 43 43 43 12 12 12 12 12 12 12 12 12 12 12 12 12 12 12 12 12 12 12 12 12 12 35.25 43 43 43 43 43 43 33.5 24 24 24 24 24 24 24 24 24 24 19 19 19 -9999 -9999 -9999 -9999 -9999 -9999 -9999 -9999 -9999 -9999 -9999 -9999 -9999 -9999 -9999 -9999 -9999 -9999
28.75 43 43 43 43 43 43 43 43 43 43 43 31 31 31 38.5 41 41 41 41 42 39 27 27 27 27 27 27 35 39 43 43 43 35 23.5 12 12 12 12 12 12 12 12 12 12 12 12 12 12 12 12 12 12 12 12 12 19.75 35.25 43 43 43 43 43 43 43 28.75 24 24 24 24 24 24 24 24 24 19 19 19 -9999 -9999 -9999 -9999 -9999 -9999 -9999 -9999 -9999 -9999 -9999 -9999 -9999 -9999 -9999 -9999 -9999 -9999
28.75 43 43 43 43 43 43 43 43 43 43 43 31 31 31 41 41 41 41 41 41.5 34.5 27 27 27 27 27 27 27 27 27 27 27 27 19.5 12 12 12 12 12 12 12 12 12 12 12 12 12 12 12 12 12 12 12 27.5 35.25 43 43 43 43 43 43 43 43 43 38.25 28.75 24 24 24 24 24 24 24 24 19 19 -9999 -9999 -9999 -9999 -9999 -9999 -9999 -9999 -9999 -9999 -9999 -9999 -9999 -9999 -9999 -9999 -9999 -9999 -9999
43 43 43 43 43 43 43 43 43 43 43 37 31 31 33.5 41 41 41 41 41 41 27 27 27 27 27 27 27 27 27 27 27 27 27 27 15.75 12 12 12 12 12 12 12 12 27.5 27.5 27.5 43 43 35.25 27.5 43 43 43 43 43 43 43 43 43 43 43 43 43 43 43 43 28.75 24 24 24 24 24 24 24 19 -9999 -9999 -9999 -9999 -9999 -9999 -9999 -9999 -9999 -9999 -9999 -9999 -9999 -9999 -9999 -9999 -9999 -9999 -9999 -9999
43 43 43 43 43 43 43 43 43 43 43 37 31 31 38.5 41 41 41 41 41 41 27 27 27 27 27 27 27 27 27 27 27 27 27 27 27 12 12 12 12 12 12 19.75 43 43 43 43 43 43 43 43 43 43 43 43 43 43 43 43 43 43 43 43 43 43 43 43 43 28.75 24 24 24 24 24 24 21.5 -9999 -9999 -9999 -9999 -9999 -9999 -9999 -9999 -9999 -9999 -9999 -9999 -9999 -9999 -9999 -9999 -9999 -9999 -9999 -9999
43 43 43 43 43 43 43 43 43 43 43 31 31 38.5 41 41 41 41 41 41 41 27 27 27 27 27 27 27 27 27 27 27 27 27 27 27 12 12 12 12 12 12 43 43 43 43 43 43 43 43 43 43 43 43 43 43 43 43 43 43 43 43 43 43 43 43 43 43 33.5 24 24 24 24 24 24 -9999 -9999 -9999 -9999 -9999 -9999 -9999 -9999 -9999 -9999 -9999 -9999 -9999 -9999 -9999 -9999 -9999 -9999 -9999 -9999 -9999
43 43 43 43 43 43 43 43 43 40 36.5 36 38.5 41 41 41 41 41 41 41 35 27 27 27 27 27 27 27 27 27 27 27 27 27 27 27 12 12 12 12 12 27.5 43 43 43 43 43 43 43 43 43 43 43 43 43 43 43 43 43 43 43 43 43 43 43 43 43 43 43 24 24 24 24 24 -9999 -9999 -9999 -9999 -9999 -9999 -9999 -9999 -9999 -9999 -9999 -9999 -9999 -9999 -9999 -9999 -9999 -9999 -9999 -9999 -9999 -9999
43 43 43 43 43 43 43 43 41.5 41 41 41 41 41 41 41 41 41 41 38.5 31 27 27 27 27 27 27 27 27 27 27 27 27 27 27 27 12 12 12 12 12 19.75 43 43 43 43 43 43 43 43 43 43 43 43 43 43 43 43 43 43 43 43 43 43 43 43 43 43 43 28.75 24 24 24 24 -9999 -9999 -9999 -9999 -9999 -9999 -9999 -9999 -9999 -9999 -9999 -9999 -9999 -9999 -9999 -9999 -9999 -9999 -9999 -9999 -9999 -9999
41 41 41 41.5 41 41 41 41 41 41 41 41 41 41 41 41 41 41 41 33.5 37 31 27 27 27 27 27 27 27 27 27 27 27 27 27 27 19.5 12 12 12 12 12 35.25 43 43 43 43 43 43 43 43 43 43 43 43 43 43 43 43 43 43 43 43 43 43 43 43 43 43 38.25 24 24 24 -9999 -9999 -9999 -9999 -9999 -9999 -9999 -9999 -9999 -9999 -9999 -9999 -9999 -9999 -9999 -9999 -9999 -9999 -9999 -9999 -9999 -9999 -9999
41 41 41 41 41 41 41 41 41 41 41 41 41 41 41 41 41 41 33.5 31 40 43 39 27 27 27 27 27 27 27 27 27 27 27 27 27 19.5 12 12 12 12 12 19.75 43 43 43 43 43 43 43 43 43 35.25 43 43 43 43 43 43 43 43 43 43 43 43 43 43 43 43 43 24 -9999 -9999 -9999 -9999 -9999 -9999 -9999 -9999 -9999 -9999 -9999 -9999 -9999 -9999 -9999 -9999 -9999 -9999 -9999 -9999 -9999 -9999 -9999 -9999 -9999
41 41 41 41 41 41 41 41 41 41 41 41 41 41 41 41 41 33.5 31 31 40 43 43 43 39 43 43 39 27 27 27 27 27 27 27 27 19.5 12 12 12 12 12 12 19.75 27.5 27.5 27.5 27.5 12 12 12 12 12 12 35.25 43 43 43 43 43 43 43 43 43 43 43 43 43 43 43 -9999 -9999 -9999 -9999 -9999 -9999 -9999 -9999 -9999 -9999 -9999 -9999 -9999 -9999 -9999 -9999 -9999 -9999 -9999 -9999 -9999 -9999 -9999 -9999 -9999 -9999
41 41 41 41 41 41 41 41 41 41 41 41 41 41 41 41 33.5 31 31 34 43 43 43 43 43 43 43 43 39 27 27 27 27 27 27 27 19.5 12 12 12 12 12 12 12 12 12 12 12 12 12 12 12 12 12 12 27.5 43 43 43 43 43 43 43 43 43 43 43 43 -9999 -9999 -9999 -9999 -9999 -9999 -9999 -9999 -9999 -9999 -9999 -9999 -9999 -9999 -9999 -9999 -9999 -9999 -9999 -9999 -9999 -9999 -9999 -9999 -9999 -9999 -9999 -9999
41 41 41 41 41 41 41 41 41 41 41 36 41 38.5 36 33.5 31 31 31 40 43 43 43 43 43 43 43 43 43 35 27 27 27 27 27 27 19.5 12 19.75 12 12 12 12 12 12 12 12 12 12 12 12 12 12 12 12 12 43 43 43 -9999 -9999 -9999 -9999 -9999 -9999 -9999 -9999 -9999 -9999 -9999 -9999 -9999 -9999 -9999 -9999 -9999 -9999 -9999 -9999 -9999 -9999 -9999 -9999 -9999 -9999 -9999 -9999 -9999 -9999 -9999 -9999 -9999 -9999 -9999 -9999 -9999
41 36 33.5 31 33.5 36 33.5 31 31 31 31 31 31 31 31 31 31 31 40 43 43 43 43 43 43 43 43 43 43 35 27 27 27 27 27 27 19.5 19.75 35.25 12 12 12 12 12 12 12 12 12 12 12 12 12 12 12 12 35.25 43 43 43 -9999 -9999 -9999 -9999 -9999 -9999 -9999 -9999 -9999 -9999 -9999 -9999 -9999 -9999 -9999 -9999 -9999 -9999 -9999 -9999 -9999 -9999 -9999 -9999 -9999 -9999 -9999 -9999 -9999 -9999 -9999 -9999 -9999 -9999 -9999 -9999 -9999
31 31 31 31 31 31 31 31 31 31 31 31 31 31 31 31 31 40 43 43 43 43 43 43 43 43 43 43 43 35 27 27 27 27 27 27 27.25 43 43 12 12 12 12 12 12 12 12 12 12 12 12 12 12 12 43 43 43 43 -9999 -9999 -9999 -9999 -9999 -9999 -9999 -9999 -9999 -9999 -9999 -9999 -9999 -9999 -9999 -9999 -9999 -9999 -9999 -9999 -9999 -9999 -9999 -9999 -9999 -9999 -9999 -9999 -9999 -9999 -9999 -9999 -9999 -9999 -9999 -9999 -9999 -9999
31 31 31 31 31 31 31 31 31 31 31 31 31 31 31 37 43 43 43 43 43 43 43 43 43 43 43 43 43 39 27 27 27 27 27 27 43 43 43 12 12 12 12 12 12 12 12 12 12 12 12 12 27.5 43 43 43 43 43 -9999 -9999 -9999 -9999 -9999 -9999 -9999 -9999 -9999 -9999 -9999 -9999 -9999 -9999 -9999 -9999 -9999 -9999 -9999 -9999 -9999 -9999 -9999 -9999 -9999 -9999 -9999 -9999 -9999 -9999 -9999 -9999 -9999 -9999 -9999 -9999 -9999 -9999
31 31 31 31 31 31 31 31 31 31 31 31 37 40 43 43 43 43 43 43 43 43 43 43 43 43 43 43 43 43 31 27 27 27 27 27 39 43 43 12 12 12 12 12 12 12 12 12 12 12 19.75 43 43 43 43 43 43 43 -9999 -9999 -9999 -9999 -9999 -9999 -9999 -9999 -9999 -9999 -9999 -9999 -9999 -9999 -9999 -9999 -9999 -9999 -9999 -9999 -9999 -9999 -9999 -9999 -9999 -9999 -9999 -9999 -9999 -9999 -9999 -9999 -9999 -9999 -9999 -9999 -9999 -9999
31 31 31 31 31 31 31 31 31 31 40 43 43 43 43 43 43 43 43 43 43 43 43 43 43 43 43 43 43 43 43 31 27 27 27 31 43 43 43 12 12 12 12 12 12 12 12 12 12 12 12 43 43 43 43 43 43 -9999 -9999 -9999 -9999 -9999 -9999 -9999 -9999 -9999 -9999 -9999 -9999 -9999 -9999 -9999 -9999 -9999 -9999 -9999 -9999 -9999 -9999 -9999 -9999 -9999 -9999 -9999 -9999 -9999 -9999 -9999 -9999 -9999 -9999 -9999 -9999 -9999 -9999 -9999
31 31 31 31 31 37 40 43 43 43 43 43 43 43 43 43 43 43 43 43 43 43 43 43 43 38.25 43 43 43 43 43 39 31 27 27 39 43 43 43 43 12 12 12 12 12 12 12 12 12 12 12 19.75 -9999 -9999 43 35.25 27.5 -9999 -9999 -9999 -9999 -9999 -9999 -9999 -9999 -9999 -9999 -9999 -9999 -9999 -9999 -9999 -9999 -9999 -9999 -9999 -9999 -9999 -9999 -9999 -9999 -9999 -9999 -9999 -9999 -9999 -9999 -9999 -9999 -9999 -9999 -9999 -9999 -9999 -9999 -9999
31 31 31 32.25 35.25 43 43 43 43 43 43 43 43 43 43 43 43 43 43 43 38.25 28.75 24 24 24 24 38.25 43 43 43 43 43 43 43 43 43 43 43 43 43 12 -9999 12 12 12 -9999 12 12 -9999 -9999 -9999 -9999 -9999 -9999 -9999 -9999 -9999 -9999 -9999 -9999 -9999 -9999 -9999 -9999 -9999 -9999 -9999 -9999 -9999 -9999 -9999 -9999 -9999 -9999 -9999 -9999 -9999 -9999 -9999 -9999 -9999 -9999 -9999 -9999 -9999 -9999 -9999 -9999 -9999 -9999 -9999 -9999 -9999 -9999 -9999 -9999
31 31 27.5 24 24 38.25 43 43 43 43 43 43 43 43 43 43 43 43 43 28.75 24 24 24 24 24 24 24 33.5 43 43 43 43 43 43 43 43 43 43 43 -9999 -9999 -9999 -9999 -9999 -9999 -9999 -9999 -9999 -9999 -9999 -9999 -9999 -9999 -9999 -9999 -9999 -9999 -9999 -9999 -9999 -9999 -9999 -9999 -9999 -9999 -9999 -9999 -9999 -9999 -9999 -9999 -9999 -9999 -9999 -9999 -9999 -9999 -9999 -9999 -9999 -9999 -9999 -9999 -9999 -9999 -9999 -9999 -9999 -9999 -9999 -9999 -9999 -9999 -9999 -9999 -9999
