LSCAM_InData/LSCAM_InData/topsoilclay.asc
ncols         292
nrows         251
xllcorner     800180
yllcorner     -2175230
cellsize      2000
NODATA_value  -9999
[rows 196 to 244 of 251, columns 96 to 191 of 292]
24 24 24 24 24 24 24 24 24 24 24 23 23 23 23 23 23 23 23 23 23 23 23 23 19.75 19.75 23 23 23 23 23 23 23 23 23 23 23 23 37.5 52 52 52 52 52 52 52 52 44.75 30.25 37.5 37.5 44.75 37.5 52 52 52 52 52 52 36 20 20 20 20 20 20 20 20 44 52 52 52 52 52 52 32.33333 20 20 20 20 36 52 52 52 52 52 52 52 52 52 52 52 52 52 52 52
24 24 24 24 24 24 24 24 24 24 24 23 23 23 23 23 23 23 23 23 23 23 23 23 23 23 23 23 23 23 23 23 23 23 23 23 23 23 30.25 37.5 52 52 37.5 37.5 37.5 23 23 23 23 23 23 23 23 23 44.75 52 52 52 52 44 20 20 20 20 20 20 20 20 36 52 52 52 52 52 52 52 20 20 20 20 20 52 52 52 52 52 52 52 52 52 52 52 52 52 52 52
24 24 24 24 24 24 24 24 24 24 24 23 23 23 23 23 23 23 23 23 23 23 23 23 23 23 23 23 23 23 23 23 23 23 23 23 23 23 23 23 23 23 23 23 23 23 23 23 23 23 23 23 23 23 23 30.25 52 52 52 52 36 20 20 20.34783 20 20 20 20 36 52 52 52 52 52 52 52 20 20 20 20 20 52 52 52 52 52 52 52 52 52 52 52 52 52 52 52
24 24 24 24 24 24 24 24 24 24 24 23 23 23 23 23 23 23 23 23 23 23 23 23 23 23 23 23 23 23 23 23 23 23 23 23.5 23.25 23 23 23 23 23 23 23 23 23 23 23 23 23 23 23 23 23 23 23 44.75 52 52 52 44 20 20 21.3913 20 20 20 20 36 52 52 52 52 52 52 52 28 20 20 20 20 52 52 52 52 52 52 52 52 52 52 52 52 52 52 52
24 24 24 24 24 24 24 24 24 24 24 23.5 23 23 23 23 23 23 23 23 23 23 23 23 23 23 23 23 23 23.25 24 24 24 24 24 24 24 24 23.5 23.5 23 23 23 23 23 23 23 23 23 23 23 23 23 23 23 23 37.5 52 52 52 52 28 20 20 20 20 20 20 28 52 52 52 52 52 52 52 36 20 20 20 20 36 52 52 52 52 52 52 52 52 52 52 52 52 52 52
24 24 24 24 24 24 24 24 24 24 24 23.75 23 23 23 23 23 23 23 23 23 23 23 23 23 23 23.5 23.5 24 24 24 24 24 24 24 24 24 24 24 24 23.75 23 23 23 23 23 23 23 23 23 23 23 23 23 23 23 37.5 52 52 52 52 44 20 20 20 20 20 20 20 44 52 52 52 52 52 52 36 20 20 20 20 36 52 52 52 52 52 52 52 52 52 52 52 52 52 52
24 24 24 24 24 24 24 24 24 24 24 24 23 23 23 23 23 23 23 23 23 23 23 23 23.25 24 24 24 24 24 24 24 24 24 24 24 24 24 24 24 24 24 23.25 23 23 19.75 13.25 10 13.25 23 23 23 23 23 23 23 37.5 52 52 52 52 52 36 20 20 20 20 20 20 36 52 52 52 52 52 52 52 20 20 20 20 52 52 52 52 52 52 52 52 52 52 52 52 52 52 52
24 24 24 24 24 24 24 24 24 24 24 23.75 23 23 23 23 23 23 23 23 23 23 23 23.75 24 24 24 24 24 24 24 24 24 24 24 24 24 24 24 24 24 24 23.75 23 13.25 10 10 10 10 16.5 23 23 23 23 23 23 37.5 52 52 52 52 52 36 20 20 20 20 20 20 28 52 52 52 52 52 52 52 20 20 20 20 52 52 52 52 52 52 52 52 52 52 52 52 52 52 52
24 24 24 24 24 24 24 24 24 24 24 23.5 23 23 23 23 23 23 23 23 23 23 23.75 24 24 24 24 24 24 24 24 24 24 24 24 24 24 24 24 24 24 24 24 23.5 10 10 10 10 10 16.5 23 23 23 23 23 23 44.75 52 52 52 52 52 52 20 20 20 20 20 20 20 52 52 52 52 52 52 52 20 20 20 20 44 52 52 52 52 52 52 52 52 52 52 52 52 52 52
24 24 24 24 24 24 24 24 24 24 24 23.5 23 23 23 23 23 23 23 23 23 23.75 24 24 24 24 24 24 24 24 24 24 24 24 24 24 24 24 24 24 24 24 24 13.5 10 10 10 10 10 16.5 23 23 23 23 23 44.75 52 52 52 52 52 52 52 20 20 20 20 20 20 20 52 52 52 52 52 44 44 20 20 20 20 44 52 52 52 52 52 52 52 52 52 52 52 52 52 52
24 24 24 24 24 24 24 24 24 24 24 23.5 23 23 23 23 23 23 23 23 23.5 24 24 24 24 24 24 24 24 24 24 20.5 17 20.5 24 24 24 24 24 24 24 24 13.5 10 10 10 10 10 10 16.5 23 23 23 23 23 52 52 52 52 52 52 52 52 36 20 20 20 20 20 20 52 52 52 52 52 52 44 20 20 20 20 52 52 52 52 52 52 52 52 52 52 52 52 52 52 41.5
24 24 24 24 24 24 24 24 24 24 24 24 23.5 23 23 23 23 23 23 23 23.75 24 24 24 24 24 24 20.5 10 10 10 10 10 10 13.5 17 24 24 24 24 20.5 13.5 10 10 10 10 10 10 10 16.5 23 23 23 23 23 52 52 52 52 52 52 52 52 44 20 20 20 20 20 20 36 52 52 52 52 52 36 20 20 20 20 52 52 52 52 52 52 52 52 52 52 52 52 52 52 20.5
24 24 24 24 24 24 24 24 24 24 24 24 23.5 23 23 23 23 23 23 23 24 24 24 24 24 24 24 13.5 10 10 10 10 10 10 10 10 10 17 17 10 10 10 10 10 10 10 10 10 10 10 23 23 23 23 23 52 52 52 52 52 52 52 52 52 36 20 20 20 20 20 36 52 52 52 52 52 36 20 20 20 28 52 52 52 52 52 52 52 52 52 52 52 52 52 52 10
24 24 24 24 24 24 24 24 24 24 24 24 23.5 23 23 23 23 23 23 23.5 24 24 24 24 24 24 13.5 10 10 10 10 10 10 10 10 10 10 10 10 10 10 10 10 10 10 10 10 10 10 13.25 23 23 23 23 23 52 52 52 52 52 52 52 52 52 36 20 20 20 20 20 44 52 52 52 52 52 20 20 20 20 20 52 52 52 52 52 52 52 52 52 52 52 52 52 31 10
24 24 24 24 24 24 24 24 24 24 24 24 23.5 23 23 23 23 23 23 23.5 24 24 24 24 24 24 10 10 10 10 10 10 10 10 10 10 10 10 10 10 10 10 10 10 10 10 10 10 10 16.5 23 23 23 23 23 44.75 52 52 52 52 52 52 52 52 36 20 20 20 20 20 52 52 52 52 52 52 20 20 20 20 36 52 52 52 52 52 52 52 52 52 52 52 52 52 10 10
24 24 23.75 23.25 23 23.25 24 24 24 24 24 24 23.5 23 23 23 23 23 23 23.5 24 24 24 24 24 20.5 10 10 10 10 10 10 10 10 10 10 10 10 10 10 10 10 10 10 10 10 10 10 10 16.5 23 23 23 23 23 30.25 52 52 52 52 52 52 52 52 52 20 20 20 20 20 28 52 52 52 52 52 20 20 20 20 36 52 52 52 52 52 52 52 52 52 52 52 52 31 10 10
24 24 23.25 23 23 23 23.5 24 24 24 24 24 24 23 23 23 23 23 23 23.25 24 24 24 24 24 24 10 10 10 10 10 10 10 10 10 10 10 10 10 10 10 10 10 10 10 10 10 10 10 13.25 23 23 23 23 23 23 37.5 52 52 52 52 52 52 52 52 20 20 20 20 20 20 52 52 52 52 52 20 20 20 20 44 52 52 52 52 52 52 52 52 52 52 52 52 20.5 10 10
23.5 23 23 23 23 23 23.25 23.75 24 24 24 24 24 23.5 23 23 23 23 23 23 24 24 24 24 24 24 10 10 10 10 10 10 10 10 10 10 10 10 10 10 10 10 10 10 10 10 10 10 10 16.5 23 23 23 23 23 23 30.25 52 52 52 52 52 52 52 52 36 20 20 20 20 20 52 52 52 52 52 20 20 20 20 36 52 52 52 52 52 52 52 52 52 52 52 41.5 10 10 10
23 23 23 23 23 23 23 23.75 24 24 24 24 24 23.5 23 23 23 23 23 23 24 24 24 24 24 24 10 10 10 10 10 10 10 10 10 10 10 10 10 10 10 10 10 10 10 10 10 10 10 16.5 23 23 23 23 23 23 37.5 52 52 52 52 52 52 52 52 36 20 20 20 20 20 52 52 52 52 52 20 20 20 20 36 52 52 52 52 52 52 52 52 52 52 52 20.5 10 10 10
23 23 23 23 23 23 23.25 24 24 24 24 24 24 23.5 23 23 23 23 23 23 24 24 24 24 24 24 10 10 10 10 10 10 10 10 10 10 10 10 10 10 10 10 10 10 10 10 10 10 10 16.5 23 23 23 23 23 23 52 52 52 52 52 52 52 52 52 36 20 20 20 20 20 52 52 52 52 52 20 20 20 20 36 52 52 52 52 52 52 52 52 -9999 52 52 10 10 -9999 -9999
23 23 23 23 23 23.25 24 24 24 24 24 24 24 23.5 23 23 23 23 23 23 24 24 24 24 24 24 17 10 10 10 10 10 10 10 10 10 10 10 10 10 10 10 10 10 10 10 10 10 10 16.5 23 23 23 23 23 37.5 52 52 52 52 52 52 52 52 52 52 20 20 20 20 20 44 52 52 52 36 20 20 20 20 36 52 52 52 52 52 -9999 -9999 -9999 -9999 -9999 -9999 -9999 -9999 -9999 -9999
31.75 23 23 23 23.5 24 24 24 24 24 24 24 24 23.75 23 23 23 23 23 23 23.75 24 24 24 24 24 24 10 10 10 10 10 10 10 10 10 10 10 10 10 10 10 10 10 10 10 10 10 10 13.25 23 23 23 23 23 37.5 52 52 52 52 52 52 52 52 52 52 20 20 20 20 20 36 52 52 52 36 20 20 20 20 28 52 52 52 52 52 -9999 -9999 -9999 -9999 -9999 -9999 -9999 -9999 -9999 -9999
58 23 23 23.75 24 24 24 24 24 24 24 24 24 24 16.75 23 23 23 23 23 23.5 24 24 24 24 24 24 20.5 10 10 10 10 10 10 10 10 10 10 10 10 10 10 10 10 10 10 10 10 10 10 23 23 23 23 23 37.5 52 52 52 52 52 52 52 52 52 52 36 20 -9999 -9999 20 20 52 52 52 36 20 20 20 20 20 52 52 52 52 -9999 -9999 -9999 -9999 -9999 -9999 -9999 -9999 -9999 -9999 -9999
58 40.75 24 24 24 24 24 24 24 24 24 24 24 24 17 10 16.5 19.75 23 23 23.5 24 24 24 24 24 24 24 10 10 10 10 10 10 10 10 10 10 10 10 10 10 10 10 10 10 10 10 10 10 23 23 23 23 23 23 52 52 52 52 52 52 52 52 52 52 36 -9999 -9999 20 20 20 52 52 52 52 20 20 20 20 20 52 52 52 -9999 -9999 -9999 -9999 -9999 -9999 -9999 -9999 -9999 -9999 -9999 -9999
58 58 24 24 24 24 24 24 24 24 24 24 24 24 17 10 10 10 13.25 16.5 23.25 24 24 24 24 24 24 24 17 10 10 10 10 10 10 10 10 10 10 10 10 10 10 10 10 10 10 10 10 10 23 23 23 23 23 23 23 30.25 44.75 52 52 52 52 52 52 52 -9999 -9999 -9999 -9999 -9999 -9999 -9999 -9999 -9999 -9999 20 20 20 20 20 52 52 52 -9999 -9999 -9999 -9999 -9999 -9999 -9999 -9999 -9999 -9999 -9999 -9999
58 58 24 24 24 24 24 24 24 24 24 24 24 24 17 10 10 10 10 10 10 20.5 24 24 24 24 24 24 24 17 10 10 10 10 10 10 10 10 10 10 10 10 10 10 10 10 10 10 10 10 23 23 23 23 23 23 23 23 23 44.75 52 52 52 52 52 52 -9999 -9999 -9999 -9999 -9999 -9999 -9999 -9999 -9999 -9999 -9999 -9999 -9999 -9999 -9999 36 52 52 -9999 -9999 -9999 -9999 -9999 -9999 -9999 -9999 -9999 -9999 -9999 -9999
58 58 24 24 24 24 24 24 24 24 24 24 24 24 24 10 10 10 10 10 10 13.5 20.5 24 24 24 24 24 24 24 13.5 10 10 10 10 10 10 10 10 10 10 10 10 10 10 10 10 10 10 10 19.75 23 23 23 23 23 23 23 23 37.5 52 52 52 52 52 -9999 -9999 -9999 -9999 -9999 -9999 -9999 -9999 -9999 -9999 -9999 -9999 -9999 -9999 -9999 -9999 -9999 -9999 -9999 -9999 -9999 -9999 -9999 -9999 -9999 -9999 -9999 -9999 -9999 -9999 -9999
41 32.5 24 24 24 24 24 24 24 24 24 24 24 24 24 10 10 10 10 10 10 10 10 17 24 24 24 24 24 24 24 10 10 10 10 10 10 10 10 10 10 10 10 10 10 10 10 10 10 10 16.5 23 23 23 23 23 23 23 23 30.25 52 52 52 52 52 52 -9999 -9999 -9999 -9999 -9999 -9999 -9999 -9999 -9999 -9999 -9999 -9999 -9999 -9999 -9999 -9999 -9999 -9999 -9999 -9999 -9999 -9999 -9999 -9999 -9999 -9999 -9999 -9999 -9999 -9999
24 24 24 24 24 24 24 24 24 24 24 24 24 24 24 17 10 10 10 10 10 10 10 10 13.5 24 24 24 24 24 24 20.25 10 10 10 10 10 10 10 10 10 10 10 10 10 10 10 10 10 10 23 23 23 23 23 23 23 23 23 23 52 52 52 52 52 52 -9999 -9999 -9999 -9999 -9999 -9999 -9999 -9999 -9999 -9999 -9999 -9999 -9999 -9999 -9999 -9999 -9999 -9999 -9999 -9999 -9999 -9999 -9999 -9999 -9999 -9999 -9999 -9999 -9999 -9999
24 24 24 24 24 24 24 24 24 24 24 24 24 24 24 17 10 10 10 10 10 10 10 10 10 13.5 24 24 24 24 24 23.5 19.75 13.25 10 10 10 10 10 10 10 10 10 10 10 10 10 10 10 13.25 23 23 23 23 23 23 23 23 23 23 52 52 52 52 52 52 52 -9999 -9999 -9999 -9999 -9999 -9999 -9999 -9999 -9999 -9999 -9999 -9999 -9999 -9999 -9999 -9999 -9999 -9999 -9999 -9999 -9999 -9999 -9999 -9999 -9999 -9999 -9999 -9999 -9999
24 24 24 24 24 24 24 24 24 24 24 24 24 24 24 17 10 10 10 10 10 10 10 10 10 10 17 24 24 24 24 23.5 23 23 13.25 10 10 10 10 10 10 10 10 10 10 10 10 10 10 16.5 23 23 23 23 23 23 23 23 23 23 44.75 52 52 52 52 52 52 -9999 -9999 -9999 -9999 -9999 -9999 -9999 -9999 -9999 -9999 -9999 -9999 -9999 -9999 -9999 -9999 -9999 -9999 -9999 -9999 -9999 -9999 -9999 -9999 -9999 -9999 -9999 -9999 -9999
24 24 24 24 24 24 24 24 24 24 24 24 24 24 24 17 10 10 10 10 10 10 10 10 10 10 10 13.5 24 24 23.5 23 23 23 23 23 13.25 10 10 10 10 10 10 10 10 10 10 10 10 19.75 23 23 23 23 23 23 23 23 23 23 37.5 52 52 52 52 52 52 52 -9999 -9999 -9999 -9999 -9999 -9999 -9999 -9999 -9999 -9999 -9999 -9999 -9999 -9999 -9999 -9999 -9999 -9999 -9999 -9999 -9999 -9999 -9999 -9999 -9999 -9999 -9999 -9999
24 24 24 24 24 24 24 24 24 24 24 24 24 24 24 17 10 10 10 10 10 10 10 10 10 10 10 10 13.5 23.25 23 23 23 23 23 23 23 13.25 10 10 10 10 10 10 10 10 10 10 13.25 23 23 23 23 23 23 23 23 23 23 23 23 44.75 52 52 52 52 52 52 52 -9999 -9999 -9999 -9999 -9999 -9999 -9999 -9999 -9999 -9999 -9999 -9999 -9999 -9999 -9999 -9999 -9999 -9999 -9999 -9999 -9999 -9999 -9999 -9999 -9999 -9999 -9999
24 24 24 24 24 24 24 24 24 24 24 24 24 24 24 20.5 10 10 10 10 10 10 10 10 10 10 10 10 10 19.75 23 23 23 23 23 23 23 23 19.75 10 10 10 10 10 10 10 10 10 19.75 23 23 23 23 23 23 23 23 23 23 23 23 23 44.75 52 52 52 52 52 52 52 -9999 -9999 -9999 -9999 -9999 -9999 -9999 -9999 -9999 -9999 -9999 -9999 -9999 -9999 -9999 -9999 -9999 -9999 -9999 -9999 -9999 -9999 -9999 -9999 -9999 -9999
24 24 24 24 24 24 24 24 24 24 24 24 24 24 24 24 17 10 10 10 10 10 10 10 10 10 10 10 10 10 23 23 23 23 23 23 23 23 23 19.75 16.5 10 10 10 10 10 10 10 23 23 23 23 23 23 23 23 23 23 23 23 23 23 30.25 52 52 52 52 52 52 52 -9999 -9999 -9999 -9999 -9999 -9999 -9999 -9999 -9999 -9999 -9999 -9999 -9999 -9999 -9999 -9999 -9999 -9999 -9999 -9999 -9999 -9999 -9999 -9999 -9999 -9999
24 24 24 24 24 24 24 24 24 24 24 24 24 24 24 24 20.5 10 10 10 10 10 10 24 24 17 10 10 10 10 13.25 23 23 23 23 23 23 23 23 23 23 19.75 10 10 10 10 16.5 23 23 23 23 23 23 23 23 23 23 23 23 23 23 23 23 52 52 52 52 52 52 -9999 -9999 -9999 -9999 -9999 -9999 -9999 -9999 -9999 -9999 -9999 -9999 -9999 -9999 -9999 -9999 -9999 -9999 -9999 -9999 -9999 -9999 -9999 -9999 -9999 -9999 -9999
24 24 24 24 24 24 24 24 24 24 24 24 24 24 24 24 24 10 10 10 10 10 17 24 24 24 20.5 10 10 10 10 19.75 23 23 23 23 23 23 23 23 23 23 23 23 23 23 23 23 23 23 23 23 23 23 23 23 23 23 23 23 23 23 44.75 52 52 52 52 -9999 -9999 -9999 -9999 -9999 -9999 -9999 -9999 -9999 -9999 -9999 -9999 -9999 -9999 -9999 -9999 -9999 -9999 -9999 -9999 -9999 -9999 -9999 -9999 -9999 -9999 -9999 -9999 -9999
24 24 24 24 24 24 24 24 24 24 24 24 24 24 24 24 24 10 10 10 10 10 24 24 24 24 24 13.5 10 10 10 16.5 23 23 23 23 23 23 23 23 23 23 23 23 23 23 23 23 23 23 23 23 23 23 23 23 23 23 23 37.5 44.75 52 52 52 52 52 -9999 -9999 -9999 -9999 -9999 -9999 -9999 -9999 -9999 -9999 -9999 -9999 -9999 -9999 -9999 -9999 -9999 -9999 -9999 -9999 -9999 -9999 -9999 -9999 -9999 -9999 -9999 -9999 -9999 -9999
24 24 24 24 24 24 24 24 24 24 24 24 24 24 24 24 24 10 10 10 10 10 17 24 24 24 24 17 10 10 10 16.5 23 23 23 23 23 23 23 23 23 23 23 23 23 23 23 23 23 23 23 23 23 23 23 23 23 23 44.75 52 52 52 52 52 -9999 -9999 -9999 -9999 -9999 -9999 -9999 -9999 -9999 -9999 -9999 -9999 -9999 -9999 -9999 -9999 -9999 -9999 -9999 -9999 -9999 -9999 -9999 -9999 -9999 -9999 -9999 -9999 -9999 -9999 -9999 -9999
24 24 24 24 24 24 24 24 24 24 24 24 24 24 24 24 24 13.5 10 10 10 10 17 24 24 24 24 20.5 10 10 10 10 23 23 23 23 23 23 23 23 23 23 23 23 23 23 23 23 23 23 23 23 23 23 23 23 23 44.75 52 52 52 52 52 -9999 -9999 -9999 -9999 -9999 -9999 -9999 -9999 -9999 -9999 -9999 -9999 -9999 -9999 -9999 -9999 -9999 -9999 -9999 -9999 -9999 -9999 -9999 -9999 -9999 -9999 -9999 -9999 -9999 -9999 -9999 -9999 -9999
31 24 24 24 24 24 24 24 24 24 24 24 24 24 24 24 24 13.5 10 41.5 31 10 17 24 24 24 24 24 10 10 10 10 19.75 23 23 23 23 23 23 23 23 23 23 23 23 23 23 23 23 23 23 23 23 23 23 23 23 30.25 52 52 52 52 -9999 -9999 -9999 -9999 -9999 -9999 -9999 -9999 -9999 -9999 -9999 -9999 -9999 -9999 -9999 -9999 -9999 -9999 -9999 -9999 -9999 -9999 -9999 -9999 -9999 -9999 -9999 -9999 -9999 -9999 -9999 -9999 -9999 -9999
52 45 31 24 24 24 24 24 24 24 24 24 24 24 24 24 24 20.5 41.5 52 52 41.5 10 24 24 24 24 24 13.5 10 10 10 16.5 23 23 23 23 23 23 23 23 23 23 23 23 23 23 23 23 23 23 23 23 23 23 23 23 23 44.75 52 52 -9999 -9999 -9999 -9999 -9999 -9999 -9999 -9999 -9999 -9999 -9999 -9999 -9999 -9999 -9999 -9999 -9999 -9999 -9999 -9999 -9999 -9999 -9999 -9999 -9999 -9999 -9999 -9999 -9999 -9999 -9999 -9999 -9999 -9999 -9999
45.875 52 52 45 31 24 24 24 24 24 24 24 24 24 24 24 31 52 52 52 52 52 52 24 24 24 24 24 20.5 10 10 10 16.5 23 23 23 23 23 23 23 23 23 23 23 23 23 23 23 23 23 23 23 23 23 23 23 23 23 23 30.25 44.75 -9999 -9999 -9999 -9999 -9999 -9999 -9999 -9999 -9999 -9999 -9999 -9999 -9999 -9999 -9999 -9999 -9999 -9999 -9999 -9999 -9999 -9999 -9999 -9999 -9999 -9999 -9999 -9999 -9999 -9999 -9999 -9999 -9999 -9999 -9999
52 52 52 52 52 31 24 24 24 24 24 24 24 24 24 24 52 52 52 52 52 52 52 24 24 24 24 24 24 10 10 10 16.5 23 23 23 23 23 23 23 23 23 23 23 23 23 23 23 23 23 23 23 23 23 23 23 23 23 23 23 -9999 -9999 -9999 -9999 -9999 -9999 -9999 -9999 -9999 -9999 -9999 -9999 -9999 -9999 -9999 -9999 -9999 -9999 -9999 -9999 -9999 -9999 -9999 -9999 -9999 -9999 -9999 -9999 -9999 -9999 -9999 -9999 -9999 -9999 -9999 -9999
52 52 52 52 52 52 45 24 24 24 24 24 24 24 24 45 52 52 52 52 52 52 52 31 24 24 24 24 24 10 10 10 13.25 23 23 23 23 23 23 23 23 23 23 23 23 23 23 23 23 23 23 23 23 23 23 23 23 23 23 23 -9999 -9999 -9999 -9999 -9999 -9999 -9999 -9999 -9999 -9999 -9999 -9999 -9999 -9999 -9999 -9999 -9999 -9999 -9999 -9999 -9999 -9999 -9999 -9999 -9999 -9999 -9999 -9999 -9999 -9999 -9999 -9999 -9999 -9999 -9999 -9999
52 -9999 -9999 -9999 52 52 52 52 38 31 24 24 24 24 45 52 52 52 52 52 52 52 52 38 24 24 24 24 24 10 10 10 10 19.75 23 23 23 23 23 23 23 23 23 23 23 23 23 23 23 23 23 23 23 23 23 23 23 23 23 -9999 -9999 -9999 -9999 -9999 -9999 -9999 -9999 -9999 -9999 -9999 -9999 -9999 -9999 -9999 -9999 -9999 -9999 -9999 -9999 -9999 -9999 -9999 -9999 -9999 -9999 -9999 -9999 -9999 -9999 -9999 -9999 -9999 -9999 -9999 -9999 -9999
52 52 -9999 -9999 52 52 52 52 52 52 52 38 45 52 52 52 52 52 52 52 52 52 52 38 24 24 24 24 24 10 10 10 10 16.5 23 23 23 23 23 23 23 23 23 23 23 23 23 23 23 23 23 23 23 23 23 23 23 23 -9999 -9999 -9999 -9999 -9999 -9999 -9999 -9999 -9999 -9999 -9999 -9999 -9999 -9999 -9999 -9999 -9999 -9999 -9999 -9999 -9999 -9999 -9999 -9999 -9999 -9999 -9999 -9999 -9999 -9999 -9999 -9999 -9999 -9999 -9999 -9999 -9999 -9999
52 -9999 -9999 -9999 -9999 52 52 52 52 52 52 52 52 52 52 52 52 52 52 -9999 52 52 45 38 24 24 24 24 24 17 10 10 10 10 19.75 23 23 23 23 23 23 23 37.5 44.75 52 44.75 -9999 -9999 -9999 -9999 -9999 23 -9999 -9999 -9999 -9999 -9999 -9999 -9999 -9999 -9999 -9999 -9999 -9999 -9999 -9999 -9999 -9999 -9999 -9999 -9999 -9999 -9999 -9999 -9999 -9999 -9999 -9999 -9999 -9999 -9999 -9999 -9999 -9999 -9999 -9999 -9999 -9999 -9999 -9999 -9999 -9999 -9999 -9999 -9999 -9999
52 -9999 -9999 -9999 -9999 -9999 -9999 -9999 52 52 52 52 52 52 52 52 52 -9999 52 -9999 -9999 -9999 -9999 -9999 24 24 24 24 24 17 10 10 10 10 13.25 23 23 23 23 23 30.25 52 -9999 -9999 -9999 -9999 -9999 -9999 -9999 -9999 -9999 -9999 -9999 -9999 -9999 -9999 -9999 -9999 -9999 -9999 -9999 -9999 -9999 -9999 -9999 -9999 -9999 -9999 -9999 -9999 -9999 -9999 -9999 -9999 -9999 -9999 -9999 -9999 -9999 -9999 -9999 -9999 -9999 -9999 -9999 -9999 -9999 -9999 -9999 -9999 -9999 -9999 -9999 -9999 -9999 -9999
