LSCAM_InData/LSCAM_InData/topsoilclay.asc
ncols         292
nrows         251
xllcorner     800180
yllcorner     -2175230
cellsize      2000
NODATA_value  -9999
[rows 98 to 146 of 251, columns 96 to 191 of 292]
23 23 23 23 13.25 10 10 10 10 10 10 10 10 10 10 10 10 23 23 23 23 23 13.25 10 10 10 10 10 10 10 10 10 10 10 10 10 10 10 23 23 23 23 23 10 10 10 10 10 10 10 10 10 10 10 10 10 10 10 10 10 10 10 10 10 52 52 52 52 52 41.5 10 10 10 10 10 10 10 10 10 10 10 10 10 52 52 52 52 52 10 10 10 10 10 10 10 10
23 23 23 23 19.75 10 10 10 10 10 10 10 10 10 10 10 13.25 23 23 23 23 16.5 10 10 10 10 10 10 10 10 10 10 10 10 10 10 10 10 23 23 23 23 19.75 10 10 10 10 10 10 10 10 10 10 10 10 10 10 10 10 10 10 10 10 10 52 52 52 52 52 31 10 10 10 10 10 10 10 10 10 10 10 10 10 52 52 52 52 52 10 10 10 10 10 10 10 10
23 23 23 23 23 19.75 10 10 10 10 10 10 10 10 10 10 16.5 23 23 23 23 16.5 10 10 10 10 10 10 10 10 10 10 10 10 10 10 10 10 23 23 23 23 16.5 10 10 10 10 10 10 10 10 10 10 10 10 10 10 10 10 10 10 10 10 10 52 52 52 52 52 52 10 10 10 10 10 10 10 10 10 10 10 10 10 52 52 52 52 52 20.5 10 16.5 16.5 16.5 10 10 10
23 23 23 23 23 23 13.25 10 10 10 10 10 10 10 10 13.25 23 23 23 23 23 13.25 10 10 10 10 10 10 10 10 10 10 10 10 10 10 10 10 23 23 23 23 23 10 10 10 10 10 10 10 10 10 10 10 10 10 10 10 10 10 10 10 10 20.5 52 52 52 52 52 41.5 10 10 10 10 10 10 10 10 10 10 13.25 19.75 19.75 44.75 52 52 52 52 41.5 23 23 23 23 13.25 10 10
23 23 23 23 23 23 19.75 13.25 10 10 10 10 10 10 10 19.75 23 23 23 23 23 23 10 10 10 10 10 10 10 10 10 10 10 10 10 10 10 10 16.5 23 23 23 23 10 10 10 10 10 10 10 10 10 10 10 10 10 10 10 10 16.5 23 19.75 13.25 31 52 52 52 52 52 31 10 10 10 10 10 10 10 10 10 10 23 23 23 37.5 52 52 52 52 52 23 23 23 23 19.75 10 10
52 30.25 23 23 23 23 23 23 16.5 10 10 10 10 13.25 19.75 23 23 23 23 23 23 23 10 10 10 10 10 10 10 10 10 10 10 10 10 10 10 10 16.5 23 23 23 23 16.5 10 10 10 10 10 10 10 10 10 10 10 10 10 10 19.75 23 23 23 19.75 31 52 52 52 52 52 10 10 10 10 10 10 10 10 10 10 13.25 23 23 23 37.5 52 52 52 52 52 23 23 23 23 23 16.5 10
52 52 30.25 23 23 23 23 23 23 19.75 23 19.75 19.75 23 23 23 23 23 23 23 23 19.75 10 10 10 10 10 10 10 10 10 10 10 10 10 10 10 10 16.5 23 23 23 23 23 13.25 10 10 13.25 16.5 23 23 23 10 10 10 10 10 13.25 23 23 23 23 23 37.5 52 52 52 52 52 10 10 10 10 10 10 10 10 10 10 16.5 23 23 23 37.5 52 52 52 52 52 23 23 23 23 23 23 19.75
52 52 52 37.5 23 23 23 23 23 23 23 23 23 23 23 23 23 23 23 23 23 23 10 10 10 10 10 10 10 10 10 10 10 10 10 10 10 10 16.5 23 23 23 23 23 23 19.75 23 23 23 23 23 23 19.75 10 10 10 16.5 23 23 23 23 23 23 44.75 52 52 52 52 41.5 10 10 10 10 10 10 10 10 10 10 16.5 23 23 23 37.5 52 52 52 52 52 23 23 23 23 23 23 23
52 52 52 52 52 30.25 23 23 23 23 23 23 23 23 23 44.75 52 52 30.25 23 23 23 13.25 10 10 10 10 10 10 10 10 10 10 10 10 10 10 10 19.75 23 23 23 23 23 23 23 23 23 23 23 23 23 23 23 19.75 23 23 23 23 23 23 23 23 52 52 52 52 52 31 10 10 10 16.5 16.5 13.25 10 10 10 10 16.5 23 23 23 30.25 52 52 52 52 52 37.5 23 23 23 23 23 23
52 52 52 52 52 52 44.75 30.25 23 23 23 23 23 30.25 44.75 52 52 52 44.75 23 23 23 19.75 10 10 10 10 10 10 10 10 10 10 10 10 10 10 10 16.5 23 23 23 23 23 23 23 23 23 23 23 23 23 23 23 23 23 23 23 23 23 23 23 37.5 52 52 52 52 52 31 10 16.5 23 23 23 23 13.25 10 10 10 13.25 23 23 23 23 52 52 52 52 52 44.75 23 23 23 23 23 23
52 52 52 52 52 52 52 52 44.75 37.5 37.5 37.5 52 52 52 52 52 52 52 23 23 23 23 19.75 10 10 10 10 10 10 10 10 10 10 10 10 10 13.25 23 23 23 23 23 23 23 23 23 23 23 23 23 23 23 23 23 23 23 23 23 23 23 23 30.25 52 52 52 52 52 13.25 23 23 23 23 23 23 16.5 10 10 10 10 23 23 23 23 37.5 52 52 52 52 52 23 23 23 23 23 23
52 52 52 52 52 52 52 52 52 52 52 52 52 52 52 52 52 52 52 30.25 23 23 23 23 23 23 19.75 19.75 23 16.5 16.5 10 10 10 10 10 10 16.5 23 23 23 23 23 23 23 23 23 23 23 23 23 23 23 23 23 23 23 23 23 23 23 23 44.75 52 52 52 52 44.75 23 23 23 23 23 23 23 23 10 10 10 13.25 23 23 23 23 37.5 52 52 52 52 52 23 23 23 23 23 23
52 52 52 52 52 52 52 52 52 52 52 52 52 52 52 52 52 52 52 37.5 23 23 23 23 23 23 23 23 23 23 23 19.75 13.25 10 10 10 13.25 23 23 23 23 23 23 23 23 23 23 23 23 23 23 23 23 23 23 23 23 23 23 23 23 30.25 52 52 52 52 52 23 23 23 23 23 23 23 23 16.5 10 10 10 13.25 23 23 23 23 37.5 52 52 52 52 52 23 23 23 23 23 23
52 52 52 52 52 52 52 52 52 52 52 52 52 52 52 52 52 52 52 37.5 23 23 23 23 23 23 23 23 23 23 23 23 23 23 19.75 23 23 23 23 23 23 23 23 23 23 23 23 23 23 23 23 23 23 23 23 23 23 23 23 23 23 44.75 52 52 52 52 44.75 23 23 23 23 23 23 23 23 10 10 10 10 10 23 23 23 23 30.25 52 52 52 52 52 37.5 23 23 23 23 23
52 52 52 52 52 52 52 52 52 52 52 52 52 52 52 52 52 52 52 52 30.25 23 23 23 23 23 23 23 23 23 23 23 23 23 23 23 23 23 23 23 23 23 23 23 23 23 23 23 23 23 23 23 23 23 23 23 23 23 23 23 37.5 52 52 52 52 52 30.25 23 23 23 23 23 23 23 16.5 10 10 10 10 10 16.5 23 23 23 23 37.5 52 52 52 52 37.5 23 23 23 23 23
52 52 52 52 52 52 52 52 52 52 52 52 52 52 52 52 52 52 52 52 52 30.25 23 23 23 23 23 23 23 23 23 23 23 23 23 23 23 23 23 23 23 23 23 23 23 23 23 23 23 23 23 23 23 23 23 23 23 23 23 23 52 52 52 52 52 44.75 23 23 23 23 23 23 23 23 10 10 10 10 10 10 10 19.75 23 23 23 37.5 52 52 52 52 37.5 23 23 23 23 23
52 52 52 52 52 52 52 52 52 52 52 52 52 52 52 52 52 52 52 52 52 52 52 30.25 23 23 23 23 23 23 23 23 23 23 23 23 23 23 23 23 23 23 23 23 23 23 23 23 23 23 23 23 23 23 23 23 23 23 23 30.25 52 52 52 52 52 37.5 23 23 23 23 23 23 19.75 10 10 10 10 10 10 10 10 13.25 23 23 23 23 52 52 52 52 44.75 23 23 23 23 23
52 52 52 52 52 52 52 52 52 52 52 52 52 52 52 52 52 52 52 52 52 52 52 52 37.5 30.25 23 23 23 23 23 23 23 23 23 23 23 23 23 23 23 23 23 23 23 23 23 23 23 23 23 23 23 23 23 23 23 23 23 30.25 52 52 52 52 44.75 23 23 23 23 23 23 19.75 13.25 10 10 10 10 10 10 10 10 10 10 19.75 23 13.25 52 52 52 52 52 23 23 23 23 23
52 52 52 52 52 52 52 52 52 52 52 52 52 52 52 52 52 52 52 52 52 52 52 52 52 52 30.25 23 23 23 23 23 23 23 23 23 23 23 23 23 23 23 23 23 23 23 23 23 23 23 23 23 23 23 23 23 23 23 23 44.75 52 52 52 44.75 23 23 23 23 23 23 16.5 10 10 10 10 10 10 10 10 10 10 10 10 10 10 10 41.5 52 52 52 52 37.5 23 23 23 23
-9999 52 52 52 52 52 52 52 52 52 52 52 52 52 52 52 52 52 52 52 52 52 52 52 52 52 52 37.5 23 23 23 23 23 23 23 23 23 23 23 23 23 23 23 23 23 23 23 23 23 23 23 23 23 23 23 23 23 23 37.5 52 52 52 52 30.25 23 23 23 23 23 13.25 10 10 10 10 10 10 10 10 10 10 10 10 10 10 10 10 31 52 52 52 52 37.5 23 23 23 23
-9999 -9999 52 52 52 52 52 52 52 52 52 52 52 52 52 52 52 52 52 52 52 52 52 52 52 52 52 52 30.25 23 23 23 23 23 23 23 23 23 23 23 23 23 23 23 23 23 23 23 23 23 23 23 23 23 23 23 23 23 52 52 52 52 30.25 23 23 23 23 19.75 10 10 10 10 10 10 10 10 10 10 10 10 10 10 10 10 10 10 31 52 52 52 52 37.5 23 23 23 23
-9999 -9999 -9999 52 52 52 52 52 52 52 52 52 52 52 52 52 52 52 52 52 52 52 52 52 52 52 52 52 52 37.5 23 23 23 23 23 23 23 23 23 23 23 23 23 23 23 23 23 23 23 23 23 23 23 23 23 23 23 44.75 52 52 52 44.75 23 23 23 23 23 13.25 10 10 10 10 10 10 10 10 10 10 10 10 10 10 10 10 10 10 31 52 52 52 52 37.5 23 23 23 23
-9999 -9999 -9999 52 52 52 52 52 52 52 52 52 52 52 52 52 52 52 52 52 52 52 52 52 52 52 52 52 52 52 30.25 23 23 23 23 23 23 23 23 23 23 23 23 23 23 23 23 23 23 23 23 23 23 23 23 23 37.5 52 52 52 52 30.25 23 23 23 23 19.75 10 10 10 10 10 10 10 10 10 10 10 10 10 10 10 10 10 10 10 31 52 52 52 52 44.75 23 23 23 23
52 52 52 52 52 52 52 52 52 52 52 52 52 52 52 52 52 52 52 52 52 52 52 52 52 52 52 52 52 52 52 30.25 23 23 23 23 23 23 23 23 23 23 23 23 23 23 23 23 23 23 23 23 23 23 23 30.25 52 52 52 52 30.25 23 23 23 23 23 16.5 10 10 10 10 10 10 10 10 13.25 19.75 23 23 16.5 13.25 10 10 10 10 10 20.5 52 52 52 52 37.5 23 23 23 23
52 52 52 52 52 52 52 52 52 52 52 52 52 52 52 52 52 52 52 52 52 52 52 52 52 52 52 52 52 52 52 52 30.25 23 23 23 23 23 23 23 23 23 23 23 23 23 23 23 23 23 23 23 23 23 37.5 52 52 52 52 30.25 23 23 23 23 23 23 13.25 10 10 10 10 10 10 10 13.25 23 23 23 23 23 16.5 10 10 10 10 10 10 52 52 52 52 37.5 23 23 23 23
52 52 52 52 52 52 52 52 52 52 52 52 52 52 52 52 52 52 52 52 52 52 52 52 52 52 52 52 52 52 52 52 44.75 23 23 23 23 23 23 23 23 23 23 37.5 37.5 37.5 37.5 37.5 30.25 23 23 23 23 44.75 52 52 52 52 44.75 23 23 23 23 23 23 23 13.25 10 10 10 10 10 10 16.5 23 23 23 23 23 23 23 10 10 10 10 10 10 52 52 52 52 37.5 23 23 23 23
52 52 52 52 52 52 52 52 52 52 52 52 52 52 52 52 52 52 52 52 52 52 52 52 52 52 52 52 52 52 52 52 52 52 30.25 23 23 23 23 23 23 23 44.75 52 52 52 52 52 52 37.5 23 44.75 52 52 52 52 52 44.75 23 23 23 23 23 23 23 23 23 10 10 10 10 10 13.25 23 23 23 23 23 23 23 23 13.25 10 10 10 10 31 52 52 52 52 37.5 23 23 23 23
52 52 52 52 52 52 52 52 52 52 52 52 52 52 52 52 52 52 52 52 52 52 52 52 52 52 52 52 52 52 52 52 52 52 44.75 23 23 23 23 23 23 44.75 52 52 52 52 52 52 52 52 52 52 52 52 52 52 52 30.25 23 23 23 23 23 23 23 23 23 16.5 10 10 13.25 19.75 23 23 23 23 23 23 23 23 23 16.5 10 10 10 10 20.5 52 52 52 52 52 23 23 23 23
52 52 52 52 52 52 52 52 52 52 52 52 52 52 52 52 52 52 52 52 52 52 52 52 52 52 52 52 52 52 52 52 52 52 52 52 44.75 37.5 37.5 37.5 52 52 52 52 52 52 52 52 52 52 52 52 52 52 52 52 44.75 23 23 23 23 23 23 23 23 23 23 23 23 19.75 23 23 23 23 23 23 23 23 23 23 23 19.75 10 10 10 10 10 52 52 52 52 44.75 23 23 23 23
52 52 52 52 52 52 52 52 52 -9999 52 52 52 52 52 52 52 52 52 52 52 52 52 52 52 52 52 52 52 52 52 52 52 52 52 52 52 52 52 52 52 52 52 52 52 52 52 52 52 52 52 52 52 52 52 30.25 23 23 23 23 23 23 23 23 23 23 23 23 23 23 23 23 23 23 23 23 23 23 23 23 23 16.5 10 10 10 10 31 52 52 52 52 37.5 23 23 23 23
52 52 52 52 52 52 52 52 52 52 -9999 -9999 -9999 -9999 52 52 52 52 52 52 -9999 -9999 -9999 -9999 52 52 52 52 52 52 52 52 52 52 52 52 52 52 52 52 52 52 52 52 52 52 52 52 52 52 52 52 52 52 37.5 23 23 23 23 23 23 23 23 23 23 23 23 23 23 23 23 23 23 23 23 23 23 23 23 23 23 10 10 10 10 10 41.5 52 52 52 52 37.5 23 23 23 23
52 52 52 52 52 52 52 52 52 52 -9999 -9999 -9999 -9999 -9999 -9999 -9999 -9999 -9999 -9999 -9999 -9999 -9999 -9999 52 52 52 52 52 52 52 52 52 52 52 52 52 52 52 52 52 52 52 52 52 52 52 52 52 52 52 52 52 44.75 23 23 23 23 23 23 23 23 23 23 23 23 23 23 23 23 23 23 23 23 23 23 23 23 23 23 23 10 10 10 10 10 52 52 52 52 52 37.5 23 23 23 23
52 52 52 52 52 52 52 52 52 52 52 -9999 -9999 -9999 -9999 -9999 -9999 -9999 -9999 -9999 -9999 -9999 -9999 -9999 52 52 52 52 52 52 52 52 52 52 52 52 52 52 52 52 52 52 52 52 52 52 52 52 52 52 52 52 44.75 23 23 23 23 23 23 23 23 23 23 23 23 23 23 23 23 23 23 23 23 23 23 23 23 23 23 23 23 16.5 10 10 10 41.5 52 52 52 52 52 30.25 23 23 23 23
52 52 52 52 52 52 52 52 52 52 52 52 -9999 -9999 -9999 -9999 -9999 -9999 -9999 -9999 -9999 -9999 -9999 -9999 52 52 52 52 52 52 52 52 52 52 52 52 52 52 52 52 52 52 52 52 52 52 52 52 52 52 52 52 23 23 23 23 23 23 23 23 23 23 23 23 23 23 23 23 23 23 23 23 23 23 23 23 23 23 23 23 23 23 16.5 31 52 52 52 52 52 52 52 39.5 56 56 56 47.75
52 52 52 52 52 52 52 52 52 52 52 52 52 -9999 -9999 -9999 -9999 -9999 -9999 -9999 -9999 -9999 -9999 -9999 52 52 52 52 52 52 52 52 52 52 52 52 52 52 52 52 52 52 52 52 52 52 52 52 52 52 44.75 30.25 23 23 23 23 23 23 23 23 23 23 23 23 37.5 44.75 52 52 52 52 52 52 37.5 52 44.75 37.5 23 37.5 37.5 37.5 37.5 44.75 52 52 52 52 52 52 52 52 54 56 56 56 56 56
52 52 52 52 52 52 52 52 52 52 50.02273 47.46875 41.125 33.15 30.25 27.83333 23 23 -9999 -9999 -9999 -9999 -9999 -9999 52 52 52 52 52 52 52 52 52 52 52 52 52 52 52 52 52 52 52 52 52 52 52 52 52 44.75 23 23 23 23 23 23 23 23 23 23 23 30.25 37.5 44.75 52 52 52 52 52 52 52 52 52 52 52 52 52 52 52 52 52 52 52 52 52 52 52 52 52 53 56 56 56 56 56 56
52 52 52 52 52 52 52 52 52 52 52 41.40385 34.20454 28.075 26.22222 25.07143 23 23 23 -9999 -9999 -9999 -9999 -9999 52 52 52 52 52 52 52 52 52 52 52 52 52 52 52 52 52 52 52 52 52 52 52 52 52 37.5 23 23 23 23 23 23 23 23 44.75 52 52 52 52 52 52 52 52 52 52 52 52 52 52 52 52 52 52 52 52 52 52 52 52 52 52 52 52 52 53 56 56 56 56 56 56 56
52 52 52 52 52 52 52 52 52 52 52 44.75 37.5 37.5 23 23 23 23 23 23 23 23 -9999 -9999 52 52 52 52 52 52 52 52 52 52 52 52 52 52 52 52 52 52 52 52 52 52 52 52 52 37.5 23 23 23 23 23 23 30.25 52 52 52 52 52 52 52 52 52 52 52 52 52 52 52 52 52 52 52 52 52 52 52 52 52 52 52 52 52 52 52 55 56 56 56 56 56 56 56
52 52 52 52 52 52 52 52 52 52 37.5 23 23 23 23 23 23 23 23 23 23 23 23 23 31.28572 38.81818 52 52 52 52 52 52 52 52 52 52 52 52 52 52 52 52 52 52 52 52 52 52 52 37.5 23 23 23 23 37.5 52 52 52 52 52 52 52 52 52 52 52 52 52 52 52 52 52 52 54 52 52 52 52 52 52 52 52 52 52 52 52 54 55 56 56 56 56 56 56 56 56
52 52 52 52 52 52 52 52 52 30.25 23 23 23 23 23 23 23 23 23 23 23 23 23 23 25.63636 31.28572 34.94118 52 52 52 52 52 52 52 52 52 52 52 52 52 52 52 52 52 52 52 52 52 52 52 44.75 37.5 44.75 52 52 52 52 52 52 52 52 52 52 52 52 52 52 52 54 55 56 56 56 56 56 56 55 55 54 52 52 52 52 52 53 56 56 56 56 56 56 56 56 56 56 56
52 52 52 52 52 52 52 44.75 30.25 23 23 23 23 23 23 23 23 23 23 23 23 23 23 23 23 23 23 23 23 37.5 40.72222 45.17647 52 52 52 52 52 52 52 52 52 52 52 52 52 52 52 52 52 52 52 52 52 52 52 52 52 52 52 52 52 52 52 52 52 52 52 54 56 56 56 56 56 56 56 56 56 56 56 56 56 56 56 56 56 56 56 56 56 56 56 56 56 56 56 47.75
52 52 52 52 52 52 44.75 30.25 23 23 23 23 23 23 23 23 23 23 23 23 23 23 23 23 23 23 23 23 23 23 32.66667 37.5 43.13889 52 52 52 52 52 52 52 52 52 52 52 52 52 52 52 52 52 52 52 52 52 52 52 52 52 52 52 52 52 52 52 52 52 55 56 56 56 56 56 56 56 56 56 56 56 56 56 56 56 56 56 56 56 56 56 56 56 56 56 56 56 56 39.5
52 52 52 52 52 44.75 23 23 23 23 23 23 23 23 23 23 23 23 23 23 23 23 23 23 23 23 23 23 23 23 23 23 37.09722 42.9375 52 52 52 52 52 52 52 52 52 52 52 52 52 52 52 52 52 52 52 52 52 52 52 52 52 52 52 52 52 52 52 54 56 56 56 56 56 56 56 56 56 56 56 56 56 56 56 56 56 56 56 56 56 56 56 56 56 56 56 56 56 31.25
52 52 52 44.75 30.25 23 23 23 23 23 23 23 23 23 23 23 23 23 23 23 23 23 23 23 23 23 23 23 23 23 23 23 23 37.5 52 52 52 52 52 52 52 52 52 52 52 52 52 52 52 52 52 52 52 52 52 52 52 52 52 52 52 52 52 52 52 55 56 56 56 56 56 56 56 56 56 56 56 56 56 56 56 56 56 56 56 56 56 56 56 56 56 56 56 56 39.5 23
44.75 37.5 30.25 23 23 23 23 23 23 23 23 23 23 23 23 23 23 23 23 23 23 23 23 23 23 23 23 23 23 23 23 23 23 30.25 52 52 52 52 52 52 52 52 52 52 52 52 52 52 52 52 52 52 52 52 52 52 52 52 52 52 52 52 52 52 53 56 56 56 56 56 56 56 56 56 56 56 56 56 56 56 56 56 56 56 56 56 56 56 56 56 56 56 47 30.5 23 22.25
23 23 23 23 23 23 23 23 23 23 23 23 23 23 23 23 23 23 23 23 23 23 23 23 23 23 23 23 23 23 23 23 23 23 30.25 37.5 52 52 52 52 52 52 52 52 52 52 52 52 52 52 52 52 52 52 52 52 52 52 52 52 52 52 52 52 55 56 56 56 56 56 56 56 56 56 56 56 56 56 56 56 56 56 56 56 56 56 56 56 56 56 38 20 20 20 20 20
23 23 23 23 23 23 23 23 23 23 23 23 23 23 23 23 23 23 23 23 23 23 23 23 23 23 23 23 23 23 23 23 23 23 23 23 30.25 52 52 52 52 52 52 52 52 52 52 52 52 52 52 52 52 52 52 52 52 52 52 52 52 52 52 52 56 56 56 56 56 56 56 56 56 56 56 56 56 56 56 56 56 56 56 56 56 56 56 56 38 20 20 20 20 20 20 20
23 23 23 23 19.75 16.5 16.5 16.5 16.5 16.5 10 10 10 10 10 13.25 19.75 23 23 23 23 23 23 23 23 23 23 23 23 23 23 23 23 23 23 23 23 23 52 52 52 52 52 52 52 52 52 52 52 52 52 52 52 52 52 52 52 52 52 52 52 52 52 54 56 56 56 56 56 56 56 56 56 56 56 56 56 56 56 56 56 56 56 56 56 56 47 29 20 20 20 20 20 20 20 20
16.5 16.5 16.5 10 10 10 10 10 10 10 10 10 10 10 10 10 10 13.25 19.75 23 23 23 23 23 23 23 23 23 23 23 23 23 23 23 23 23 23 23 30.25 52 52 52 52 52 52 52 52 52 52 52 52 52 52 52 52 52 52 52 52 52 52 52 52 56 56 56 56 56 56 56 56 56 56 56 56 56 56 56 56 56 56 56 56 56 56 56 38 20 20 20 20 20 20 20 20 20
