LSCAM_InData/LSCAM_InData/topsoilsilt_cambodia.asc
ncols         292
nrows         251
xllcorner     800180
yllcorner     -2175230
cellsize      2000
NODATA_value  -9999
[rows 104 to 155 of 251, columns 96 to 191 of 292]
31 31 40 43 43 43 43 43 43 35.25 43 35.25 35.25 43 43 43 43 43 43 43 43 35.25 12 12 12 12 12 12 12 12 12 12 12 12 12 12 12 12 27.5 43 43 43 43 43 19.75 12 12 19.75 27.5 43 43 43 12 12 12 12 12 19.75 43 43 43 43 43 37 31 31 31 31 31 12 12 12 12 12 12 12 12 12 12 27.5 43 43 43 37 31 31 31 31 31 43 43 43 43 43 43 35.25
31 31 31 37 43 43 43 43 43 43 43 43 43 43 43 43 43 43 43 43 43 43 12 12 12 12 12 12 12 12 12 12 12 12 12 12 12 12 27.5 43 43 43 43 43 43 35.25 43 43 43 43 43 43 35.25 12 12 12 27.5 43 43 43 43 43 43 34 31 31 31 31 26.25 12 12 12 12 12 12 12 12 12 12 27.5 43 43 43 37 31 31 31 31 31 43 43 43 43 43 43 43
31 31 31 31 31 40 43 43 43 43 43 43 43 43 43 34 31 31 40 43 43 43 19.75 12 12 12 12 12 12 12 12 12 12 12 12 12 12 12 35.25 43 43 43 43 43 43 43 43 43 43 43 43 43 43 43 35.25 43 43 43 43 43 43 43 43 31 31 31 31 31 21.5 12 12 12 27.5 27.5 19.75 12 12 12 12 27.5 43 43 43 40 31 31 31 31 31 37 43 43 43 43 43 43
31 31 31 31 31 31 34 40 43 43 43 43 43 40 34 31 31 31 34 43 43 43 35.25 12 12 12 12 12 12 12 12 12 12 12 12 12 12 12 27.5 43 43 43 43 43 43 43 43 43 43 43 43 43 43 43 43 43 43 43 43 43 43 43 37 31 31 31 31 31 21.5 12 27.5 43 43 43 43 19.75 12 12 12 19.75 43 43 43 43 31 31 31 31 31 34 43 43 43 43 43 43
0 31 31 31 31 31 31 31 34 37 37 37 31 31 31 31 31 31 31 43 43 43 43 35.25 12 12 12 12 12 12 12 12 12 12 12 12 12 19.75 43 43 43 43 43 43 43 43 43 43 43 43 43 43 43 43 43 43 43 43 43 43 43 43 40 31 31 31 31 31 19.75 43 43 43 43 43 43 27.5 12 12 12 12 43 43 43 43 37 31 31 31 31 31 43 43 43 43 43 43
0 31 31 31 31 31 31 31 31 31 31 31 31 31 31 31 31 31 31 40 43 43 43 43 43 43 35.25 35.25 43 27.5 27.5 12 12 12 12 12 12 27.5 43 43 43 43 43 43 43 43 43 43 43 43 43 43 43 43 43 43 43 43 43 43 43 43 34 31 31 31 31 34 43 43 43 43 43 43 43 43 12 12 12 19.75 43 43 43 43 37 31 31 31 31 31 43 43 43 43 43 43
0 0 31 31 31 31 31 31 31 31 31 31 31 31 31 31 31 31 31 37 43 43 43 43 43 43 43 43 43 43 43 35.25 19.75 12 12 12 19.75 43 43 43 43 43 43 43 43 43 43 43 43 43 43 43 43 43 43 43 43 43 43 43 43 40 31 31 31 31 31 43 43 43 43 43 43 43 43 27.5 12 12 12 19.75 43 43 43 43 37 31 31 31 31 31 43 43 43 43 43 43
0 0 31 31 31 31 31 31 31 31 31 31 31 31 31 31 31 31 31 37 43 43 43 43 43 43 43 43 43 43 43 43 43 43 35.25 43 43 43 43 43 43 43 43 43 43 43 43 43 43 43 43 43 43 43 43 43 43 43 43 43 43 34 31 31 31 31 34 43 43 43 43 43 43 43 43 12 12 12 12 12 43 43 43 43 40 31 31 31 31 31 37 43 43 43 43 43
0 0 31 31 31 31 31 31 31 31 31 31 31 31 31 31 31 31 31 31 40 43 43 43 43 43 43 43 43 43 43 43 43 43 43 43 43 43 43 43 43 43 43 43 43 43 43 43 43 43 43 43 43 43 43 43 43 43 43 43 37 31 31 31 31 31 40 43 43 43 43 43 43 43 27.5 12 12 12 12 12 27.5 43 43 43 43 37 31 31 31 31 37 43 43 43 43 43
0 0 31 31 31 31 31 31 31 31 31 31 31 31 31 31 31 31 31 31 31 40 43 43 43 43 43 43 43 43 43 43 43 43 43 43 43 43 43 43 43 43 43 43 43 43 43 43 43 43 43 43 43 43 43 43 43 43 43 43 31 31 31 31 31 34 43 43 43 43 43 43 43 43 12 12 12 12 12 12 12 35.25 43 43 43 37 31 31 31 31 37 43 43 43 43 43
0 0 31 31 31 31 0 31 31 31 31 31 31 31 31 31 31 31 31 31 31 31 31 40 43 43 43 43 43 43 43 43 43 43 43 43 43 43 43 43 43 43 43 43 43 43 43 43 43 43 43 43 43 43 43 43 43 43 43 40 31 31 31 31 31 37 43 43 43 43 43 43 35.25 12 12 12 12 12 12 12 12 19.75 43 43 43 43 31 31 31 31 34 43 43 43 43 43
0 0 0 31 31 31 31 0 31 31 31 31 31 31 31 31 31 31 31 31 31 31 31 31 37 40 43 43 43 43 43 43 43 43 43 43 43 43 43 43 43 43 43 43 43 43 43 43 43 43 43 43 43 43 43 43 43 43 43 40 31 31 31 31 34 43 43 43 43 43 43 35.25 19.75 12 12 12 12 12 12 12 12 12 12 35.25 43 19.75 31 31 31 31 31 43 43 43 43 43
0 0 0 0 31 31 31 0 31 31 0 31 31 31 31 31 31 31 31 31 31 31 31 31 31 31 40 43 43 43 43 43 43 43 43 43 43 43 43 43 43 43 43 43 43 43 43 43 43 43 43 43 43 43 43 43 43 43 43 34 31 31 31 34 43 43 43 43 43 43 27.5 12 12 12 12 12 12 12 12 12 12 12 12 12 12 12 26.25 31 31 31 31 37 43 43 43 43
0 0 0 0 0 31 0 0 0 31 0 0 31 31 31 31 31 31 31 31 31 31 31 31 31 31 31 37 43 43 43 43 43 43 43 43 43 43 43 43 43 43 43 43 43 43 43 43 43 43 43 43 43 43 43 43 43 43 37 31 31 31 31 40 43 43 43 43 43 19.75 12 12 12 12 12 12 12 12 12 12 12 12 12 12 12 12 21.5 31 31 31 31 37 43 43 43 43
0 0 0 0 0 31 31 0 0 0 0 0 0 31 31 31 31 31 31 31 31 31 31 31 31 31 31 31 40 43 43 43 43 43 43 43 43 43 43 43 43 43 43 43 43 43 43 43 43 43 43 43 43 43 43 43 43 43 31 31 31 31 40 43 43 43 43 35.25 12 12 12 12 12 12 12 12 12 12 12 12 12 12 12 12 12 12 21.5 31 31 31 31 37 43 43 43 43
0 0 0 0 0 0 31 31 0 0 0 0 0 0 0 31 31 31 31 31 31 31 31 31 31 31 31 31 31 37 43 43 43 43 43 43 43 43 43 43 43 43 43 43 43 43 43 43 43 43 43 43 43 43 43 43 43 34 31 31 31 34 43 43 43 43 43 19.75 12 12 12 12 12 12 12 12 12 12 12 12 12 12 12 12 12 12 21.5 31 31 31 31 37 43 43 43 43
0 0 0 0 0 0 0 31 0 0 0 0 0 0 0 0 0 31 31 31 31 31 31 31 31 31 31 31 31 31 40 43 43 43 43 43 43 43 43 43 43 43 43 43 43 43 43 43 43 43 43 43 43 43 43 43 37 31 31 31 31 40 43 43 43 43 35.25 12 12 12 12 12 12 12 12 12 12 12 12 12 12 12 12 12 12 12 21.5 31 31 31 31 34 43 43 43 43
0 0 0 0 0 0 0 31 31 0 0 0 0 0 0 0 0 0 31 31 31 31 31 31 31 31 31 31 31 31 31 40 43 43 43 43 43 43 43 43 43 43 43 43 43 43 43 43 43 43 43 43 43 43 43 40 31 31 31 31 40 43 43 43 43 43 27.5 12 12 12 12 12 12 12 12 19.75 35.25 43 43 27.5 19.75 12 12 12 12 12 16.75 31 31 31 31 37 43 43 43 43
0 0 0 0 0 0 0 31 31 31 0 0 0 0 0 0 0 0 0 31 31 31 31 31 31 31 31 31 31 31 31 31 40 43 43 43 43 43 43 43 43 43 43 43 43 43 43 43 43 43 43 43 43 43 37 31 31 31 31 40 43 43 43 43 43 43 19.75 12 12 12 12 12 12 12 19.75 43 43 43 43 43 27.5 12 12 12 12 12 12 31 31 31 31 37 43 43 43 43
0 31 31 31 0 0 0 0 31 31 0 0 0 31 31 31 31 0 31 31 31 31 31 31 31 31 31 31 31 31 31 31 34 43 43 43 43 43 43 43 43 43 43 37 37 37 37 37 40 43 43 43 43 34 31 31 31 31 34 43 43 43 43 43 43 43 19.75 12 12 12 12 12 12 27.5 43 43 43 43 43 43 43 12 12 12 12 12 12 31 31 31 31 37 43 43 43 43
31 31 31 31 0 0 0 0 31 31 31 0 31 31 31 31 31 31 31 31 31 31 31 31 31 31 31 31 31 31 31 31 31 31 40 43 43 43 43 43 43 43 34 31 31 31 31 31 31 37 43 34 31 31 31 31 31 34 43 43 43 43 43 43 43 43 43 12 12 12 12 12 19.75 43 43 43 43 43 43 43 43 19.75 12 12 12 12 21.5 31 31 31 31 37 43 43 43 43
31 31 31 31 0 0 0 0 0 0 0 0 31 31 31 31 31 31 31 31 31 31 31 31 31 31 31 31 31 31 31 31 31 31 34 43 43 43 43 43 43 34 31 31 31 31 31 31 31 31 31 31 31 31 31 31 31 40 43 43 43 43 43 43 43 43 43 27.5 12 12 19.75 35.25 43 43 43 43 43 43 43 43 43 27.5 12 12 12 12 16.75 31 31 31 31 31 43 43 43 43
31 31 31 31 31 0 0 0 0 0 0 0 0 0 0 0 31 31 0 0 0 0 0 0 0 0 31 31 31 31 31 31 31 31 31 31 34 37 37 37 31 31 31 31 31 31 31 31 31 31 31 31 31 31 31 31 34 43 43 43 43 43 43 43 43 43 43 43 43 35.25 43 43 43 43 43 43 43 43 43 43 43 35.25 12 12 12 12 12 31 31 31 31 34 43 43 43 43
31 31 31 31 31 31 0 0 0 0 0 0 0 0 0 0 0 0 0 0 0 0 0 0 0 0 0 31 31 31 31 31 31 31 31 31 31 31 31 31 31 31 31 31 31 31 31 31 31 31 31 31 31 31 31 40 43 43 43 43 43 43 43 43 43 43 43 43 43 43 43 43 43 43 43 43 43 43 43 43 43 27.5 12 12 12 12 21.5 31 31 31 31 37 43 43 43 43
31 31 31 31 31 31 31 0 0 0 0 0 0 0 0 0 0 0 0 0 0 0 0 0 0 0 0 31 31 31 31 31 31 31 31 31 31 31 31 31 31 31 31 31 31 31 31 31 31 31 31 31 31 31 37 43 43 43 43 43 43 43 43 43 43 43 43 43 43 43 43 43 43 43 43 43 43 43 43 43 43 12 12 12 12 12 26.25 31 31 31 31 37 43 43 43 43
31 31 31 31 31 31 31 0 0 0 0 0 0 0 0 0 0 0 0 0 0 0 0 0 0 0 31 31 31 31 31 31 31 31 31 31 31 31 31 31 31 31 31 31 31 31 31 31 31 31 31 31 31 34 43 43 43 43 43 43 43 43 43 43 43 43 43 43 43 43 43 43 43 43 43 43 43 43 43 43 43 12 12 12 12 12 31 31 31 31 31 37 43 43 43 43
31 31 31 31 31 31 31 31 0 0 0 0 0 0 0 0 0 0 0 0 0 0 0 0 0 0 31 31 31 31 31 31 31 31 31 31 31 31 31 31 31 31 31 31 31 31 31 31 31 31 31 31 34 43 43 43 43 43 43 43 43 43 43 43 43 43 43 43 43 43 43 43 43 43 43 43 43 43 43 43 43 27.5 12 12 12 26.25 31 31 31 31 31 40 43 43 43 43
31 31 31 31 31 31 31 31 0 0 0 0 0 0 0 0 0 0 0 0 0 0 0 0 0 0 31 31 31 31 31 31 31 31 31 31 31 31 31 31 31 31 31 31 31 31 31 31 31 31 31 31 43 43 43 43 43 43 43 43 43 43 43 43 43 43 43 43 43 43 43 43 43 43 43 43 43 43 43 43 43 43 27.5 21.5 31 31 31 31 31 31 31 33.5 24 24 24 28.75
31 31 31 31 31 31 31 31 31 0 0 0 0 0 0 0 0 0 0 0 0 0 0 0 0 0 31 31 31 31 31 31 31 31 31 31 31 31 31 31 31 31 31 31 31 31 31 31 31 31 34 40 43 43 43 43 43 43 43 43 43 43 43 43 37 34 31 31 31 31 31 31 37 31 34 37 43 37 37 37 37 34 31 31 31 31 31 31 31 31 27.5 24 24 24 24 24
31 31 31 31 31 31 31 31 31 31 0 0 0 0 0 0 0 0 0 0 0 0 0 0 0 0 31 31 31 31 31 31 31 31 31 31 31 31 31 31 31 31 31 31 31 31 31 31 31 34 43 43 43 43 43 43 43 43 43 43 43 40 37 34 31 31 31 31 31 31 31 31 31 31 31 31 31 31 31 31 31 31 31 31 31 31 31 31 31 29.25 24 24 24 24 24 24
31 31 31 31 31 31 31 31 31 31 31 0 0 0 0 0 0 0 0 0 0 0 0 0 0 0 31 31 31 31 31 31 31 31 31 31 31 31 31 31 31 31 31 31 31 31 31 31 31 37 43 43 43 43 43 43 43 43 34 31 31 31 31 31 31 31 31 31 31 31 31 31 31 31 31 31 31 31 31 31 31 31 31 31 31 31 31 31 29.25 24 24 24 24 24 24 24
31 31 31 31 31 31 31 31 31 31 31 34 37 37 43 43 0 0 0 0 0 0 0 0 0 0 0 31 31 31 31 31 31 31 31 31 31 31 31 31 31 31 31 31 31 31 31 31 31 37 43 43 43 43 43 43 40 31 31 31 31 31 31 31 31 31 31 31 31 31 31 31 31 31 31 31 31 31 31 31 31 31 31 31 31 31 31 31 25.75 24 24 24 24 24 24 24
31 31 31 31 31 31 31 31 31 31 37 43 43 43 43 43 43 0 0 0 0 0 0 0 0 0 31 31 31 31 31 31 31 31 31 31 31 31 31 31 31 31 31 31 31 31 31 31 31 37 43 43 43 43 37 31 31 31 31 31 31 31 31 31 31 31 31 31 31 31 31 31 31 27.5 31 31 31 31 31 31 31 31 31 31 31 31 27.5 25.75 24 24 24 24 24 24 24 24
31 31 31 31 31 31 31 31 31 40 43 43 43 43 43 43 43 43 43 43 0 0 0 0 0 0 0 31 31 31 31 31 31 31 31 31 31 31 31 31 31 31 31 31 31 31 31 31 31 31 34 37 34 31 31 31 31 31 31 31 31 31 31 31 31 31 31 31 27.5 25.75 24 24 24 24 24 24 25.75 25.75 27.5 31 31 31 31 31 29.25 24 24 24 24 24 24 24 24 24 24 24
31 31 31 31 31 31 31 34 40 43 43 43 43 43 43 43 43 43 43 43 43 43 43 43 43 43 43 43 43 0 0 0 31 31 31 31 31 31 31 31 31 31 31 31 31 31 31 31 31 31 31 31 31 31 31 31 31 31 31 31 31 31 31 31 31 31 31 27.5 24 24 24 24 24 24 24 24 24 24 24 24 24 24 24 24 24 24 24 24 24 24 24 24 24 24 24 28.75
31 31 31 31 31 31 34 40 43 43 43 43 43 43 43 43 43 43 43 43 43 43 43 43 43 43 43 43 43 43 0 0 0 31 31 31 31 31 31 31 31 31 31 31 31 31 31 31 31 31 31 31 31 31 31 31 31 31 31 31 31 31 31 31 31 31 25.75 24 24 24 24 24 24 24 24 24 24 24 24 24 24 24 24 24 24 24 24 24 24 24 24 24 24 24 24 33.5
31 31 31 31 31 34 43 43 43 43 43 43 43 43 43 43 43 43 43 43 43 43 43 43 43 43 43 43 43 43 43 43 0 0 31 31 31 31 31 31 31 31 31 31 31 31 31 31 31 31 31 31 31 31 31 31 31 31 31 31 31 31 31 31 31 27.5 24 24 24 24 24 24 24 24 24 24 24 24 24 24 24 24 24 24 24 24 24 24 24 24 24 24 24 24 24 38.25
31 31 31 34 40 43 43 43 43 43 43 43 43 43 43 43 43 43 43 43 43 43 43 43 43 43 43 43 43 43 43 43 43 37 31 31 31 31 31 31 31 31 31 31 31 31 31 31 31 31 31 31 31 31 31 31 31 31 31 31 31 31 31 31 31 25.75 24 24 24 24 24 24 24 24 24 24 24 24 24 24 24 24 24 24 24 24 24 24 24 24 24 24 24 24 33.5 43
34 37 40 43 43 43 43 43 43 43 43 43 43 43 43 43 43 43 43 43 43 43 43 43 43 43 43 43 43 43 43 43 43 40 31 31 31 31 31 31 31 31 31 31 31 31 31 31 31 31 31 31 31 31 31 31 31 31 31 31 31 31 31 31 29.25 24 24 24 24 24 24 24 24 24 24 24 24 24 24 24 24 24 24 24 24 24 24 24 24 24 24 24 28.25 37.75 43 42.5
43 43 43 43 43 43 43 43 43 43 43 43 43 43 43 43 43 43 43 43 43 43 43 43 43 43 43 43 43 43 43 43 43 43 40 37 31 31 31 31 31 31 31 31 31 31 31 31 31 31 31 31 31 31 31 31 31 31 31 31 31 31 31 31 25.75 24 24 24 24 24 24 24 24 24 24 24 24 24 24 24 24 24 24 24 24 24 24 24 24 24 32.5 41 41 41 41 41
43 43 43 43 43 43 43 43 43 43 43 43 43 43 43 43 43 43 43 43 43 43 43 43 43 43 43 43 43 43 43 43 43 43 43 43 40 31 31 31 31 31 31 31 31 31 31 31 31 31 31 31 31 31 31 31 31 31 31 31 31 31 31 31 24 24 24 24 24 24 24 24 24 24 24 24 24 24 24 24 24 24 24 24 24 24 24 24 32.5 41 41 41 41 41 41 41
43 43 43 43 35.25 27.5 27.5 27.5 27.5 27.5 12 12 12 12 12 19.75 35.25 43 43 43 43 43 43 43 43 43 43 43 43 43 43 43 43 43 43 43 43 43 31 31 31 31 31 31 31 31 31 31 31 31 31 31 31 31 31 31 31 31 31 31 31 31 31 27.5 24 24 24 24 24 24 24 24 24 24 24 24 24 24 24 24 24 24 24 24 24 24 28.25 36.75 41 41 41 41 41 41 41 41
27.5 27.5 27.5 12 12 12 12 12 12 12 12 12 12 12 12 12 12 19.75 35.25 43 43 43 43 43 43 43 43 43 43 43 43 43 43 43 43 43 43 43 40 31 31 31 31 31 31 31 31 31 31 31 31 31 31 31 31 31 31 31 31 31 31 31 31 24 24 24 24 24 24 24 24 24 24 24 24 24 24 24 24 24 24 24 24 24 24 24 32.5 41 41 41 41 41 41 41 41 41
12 12 12 12 12 12 12 12 12 12 12 12 12 12 12 12 12 12 12 43 43 43 43 43 43 43 43 43 43 43 43 43 43 43 43 43 43 43 43 40 31 31 31 31 31 31 31 31 31 31 31 31 31 31 31 31 31 31 31 31 31 31 29.25 24 24 24 24 24 24 24 24 24 24 24 24 24 24 24 24 24 24 24 24 24 24 24 36.75 41 41 41 41 41 41 41 41 41
12 12 12 12 12 12 12 12 12 12 12 12 12 12 12 12 12 12 12 19.75 43 43 43 43 43 43 43 43 43 43 43 43 43 43 43 43 43 43 43 43 37 31 31 31 31 31 31 31 31 31 31 31 31 31 31 31 31 31 31 31 31 31 29.25 24 24 24 24 24 24 24 24 24 24 24 24 24 24 24 24 24 24 24 24 24 24 28.25 41 41 41 41 41 41 41 41 41 41
12 12 12 12 12 12 12 12 12 12 12 12 12 12 12 12 12 12 12 12 19.75 35.25 43 43 43 43 43 43 43 43 43 43 43 43 43 43 43 43 43 43 43 31 31 31 31 31 31 31 31 31 31 31 31 31 31 31 31 31 31 31 31 31 27.5 24 24 24 24 24 24 24 24 24 24 24 24 24 24 24 24 24 24 24 24 24 24 32.5 41 41 41 41 41 41 41 41 38.5 33.5
12 12 12 12 12 12 12 12 12 12 12 12 12 12 12 12 12 12 12 12 12 12 35.25 43 43 43 43 43 43 43 43 43 43 43 43 43 43 43 43 43 43 37 31 31 31 31 31 31 31 31 31 31 31 31 31 31 31 31 31 31 31 31 24 24 24 24 24 24 24 24 24 24 24 24 24 24 24 24 24 24 24 24 24 24 24 36.75 41 41 41 41 41 41 41 36 31 31
12 12 12 12 12 12 12 12 12 12 12 12 12 12 12 12 12 12 12 12 12 12 12 35.25 43 43 43 43 43 43 43 43 43 43 43 43 43 43 43 43 43 43 34 31 31 31 31 31 31 31 31 31 31 31 31 31 31 31 31 31 31 27.5 24 24 24 24 24 24 24 24 24 24 24 24 24 24 24 24 24 24 24 24 24 24 24 36.75 41 41 41 41 41 41 38.5 31 31 31
12 12 12 12 12 15.75 19.5 19.5 12 12 12 12 12 12 12 12 12 12 12 12 12 12 12 19.75 43 43 43 43 43 43 43 35.25 27.5 35.25 35.25 43 43 43 43 43 43 43 43 31 31 31 31 31 31 31 31 31 31 31 31 31 31 31 31 31 31 25.75 24 24 24 24 24 24 24 24 24 24 24 24 24 24 24 24 24 24 24 24 24 24 24 41 41 41 41 41 41 38.5 31 31 31 31
12 12 19.5 23.25 27 27 27 27 27 19.5 23.25 19.5 12 12 12 12 12 12 12 12 12 12 12 12 12 27.5 27.5 27.5 19.75 12 12 12 12 12 12 19.75 43 43 43 43 43 43 43 37 31 31 31 31 31 31 31 31 31 31 31 31 31 31 31 31 29.25 24 24 24 24 24 24 24 24 24 24 24 24 24 24 24 24 24 24 24 24 24 24 24 32.5 41 41 41 41 41 41 33.5 31 31 31 31
15.75 23.25 27 27 27 27 27 27 27 27 27 27 27 27 27 19.5 12 12 12 12 12 12 12 12 12 12 12 12 12 12 12 12 12 12 12 12 12 35.25 43 43 43 43 43 43 31 31 31 31 31 31 31 31 31 31 31 31 31 31 31 31 25.75 24 24 24 24 24 24 24 24 24 24 24 24 24 24 24 24 24 24 24 24 24 24 24 32.5 41 41 41 41 41 41 31 31 31 31 31
19.5 27 27 27 27 27 27 27 27 27 27 27 27 27 27 27 27 27 15.75 12 12 12 12 12 12 12 12 12 12 12 12 12 12 12 12 12 12 12 35.25 43 43 43 43 43 34 31 31 31 31 31 31 31 31 31 31 31 31 31 31 31 25.75 24 24 24 24 24 24 24 24 24 24 24 24 24 24 24 24 24 24 24 24 24 25.75 29.25 36 41 41 41 41 41 36 31 31 31 31 31
