LSCAM_InData/LSCAM_InData/topsoilsand_cambodia.asc
ncols         292
nrows         251
xllcorner     800180
yllcorner     -2175230
cellsize      2000
NODATA_value  -9999
[rows 52 to 103 of 251, columns 192 to 287 of 292]
34 34 34 34 34 34 34 34 34 34 34 34 34 34 34 34 34 34 34 34 34 34 29.75 17 17 17 17 29.75 34 34 34 34 34 37.75 49 49 49 49 49 49 49 33 17 17 17 17 17 17 33 49 49 49 49 49 34.5 20 21 22 22 22 22 22 22 22 22 22 22 22 22 22 22 22 22 22 22 22 22 22 22 22 22 22 22 22 22 22 22 21.5 20 -9999 -9999 -9999 -9999 -9999 -9999 -9999
34 34 34 34 34 34 34 34 34 34 34 34 34 34 34 34 34 34 34 34 34 34 21.25 17 17 17 17 34 34 34 34 34 34 34 49 49 49 49 49 49 41 17 17 17 17 17 17 33 49 49 49 49 41.75 20 20 20.5 22 22 22 22 22 22 22 22 22 22 22 22 22 22 22 22 22 22 22 22 22 22 22 22 22 22 22 22 22 22 21.5 20 20 20 -9999 -9999 -9999 -9999 -9999 -9999
34 34 34 34 34 34 34 34 34 34 34 34 34 34 34 34 34 34 34 34 34 34 21.25 17 17 17 25.5 34 34 34 34 34 34 34 41.5 49 49 49 49 41 17 17 17 17 17 17 25 49 49 49 49 41.75 20 20 20 21.5 22 22 22 22 22 22 22 22 22 22 22 22 22 22 22 22 22 22 22 22 22 22 22 22 22 22 22 22 22 21.5 20 20 20 20 -9999 -9999 -9999 -9999 -9999 -9999
56 56 56 67 78 56 34 34 34 34 34 34 34 34 34 34 34 34 34 34 34 29.75 17 17 17 21.25 34 34 34 34 34 34 34 34 34 37.75 41.5 45.25 37.25 17 17 17 17 17 17 25 49 49 49 49 49 20 20 20 20 21 22 22 22 22 22 22 22 22 22 22 22 22 22 22 22 22 22 22 22 22 22 22 22 22 22 22 22 22 21.5 20 20 20 20 20 20 -9999 -9999 -9999 -9999 -9999
78 78 78 78 68.25 39 39 35.25 34 34 34 34 34 34 34 34 34 34 34 34 34 21.25 17 17 17 25.5 34 34 34 34 34 34 34 34 34 34 34 29.75 21.25 17 17 17 17 17 25 49 49 49 49 49 27.25 20 20 20 20 22 22 22 22 22 22 22 22 22 22 22 22 22 22 22 22 22 22 22 22 22 22 22 22 22 22 22 22 21.5 20 20 20 20 20 20 20 -9999 -9999 -9999 -9999 -9999
78 78 78 78 78 39 39 39 34 34 34 34 34 34 34 34 34 34 34 34 34 17 17 17 21.25 34 34 34 34 34 34 34 34 34 34 34 25.5 17 17 17 17 17 17 25 49 49 49 49 49 27.25 20 20 20 20 20 22 22 22 22 22 22 22 22 22 22 22 22 22 22 22 22 22 22 22 22 22 22 22 22 22 22 22 21.5 20 20 20 20 20 20 20 20 20 -9999 -9999 -9999 -9999
78 78 78 78 68.25 39 39 39 36.5 34 34 34 34 34 34 34 34 34 34 34 25.5 17 17 17 29.75 34 34 34 34 34 34 34 34 34 34 25.5 17 17 17 17 17 17 17 41 49 49 49 49 49 20 20 20 20 20 20.5 22 22 22 22 22 22 22 22 22 22 22 22 22 22 22 22 22 22 22 22 22 22 22 22 22 22 22 20 20 20 20 20 20 20 20 20 20 -9999 -9999 -9999 -9999
78 78 78 78 78 39 39 39 37.75 34 34 34 34 34 34 34 34 34 34 34 17 17 17 25.5 34 34 34 34 34 34 34 34 34 34 25.5 17 17 17 17 17 17 17 25 49 49 49 49 49 34.5 20 20 20 20 20 20 22 22 22 22 22 22 22 22 22 22 22 22 22 22 22 22 22 22 22 22 22 22 22 22 22 22 20.5 20 20 20 20 20 20 20 20 20 20 34.5 -9999 -9999 -9999
78 78 78 78 78 39 39 39 39 35.25 34 34 34 34 34 34 34 34 34 29.75 17 17 17 29.75 34 34 34 34 34 34 34 34 34 21.25 17 17 17 17 17 17 17 17 49 49 49 49 49 49 20 20 20 20 20 20 20 21 22 22 22 22 22 22 22 22 22 22 22 22 22 22 22 22 22 22 22 22 22 22 22 22 21 20 20 20 20 20 20 20 20 20 20 63.5 78 -9999 -9999 -9999
78 78 78 78 78 68.25 39 39 39 39 34 34 34 34 34 34 34 34 34 21.25 17 17 21.25 34 34 34 34 34 34 34 34 34 25.5 17 17 17 17 17 17 17 17 25 49 49 49 49 49 49 20 20 20 20 20 20 20 20.5 22 22 22 22 22 22 22 22 22 22 22 22 22 22 22 22 22 22 22 22 22 22 22 21 20 20 20 20 20 20 20 20 20 34.5 78 78 78 78 -9999 -9999
78 78 78 78 78 78 39 39 39 39 34 34 34 34 34 34 34 34 21.25 17 17 17 25.5 34 34 34 34 34 34 34 34 29.75 17 17 17 17 17 17 17 17 17 49 49 49 49 49 49 49 20 20 20 20 20 20 20 20 21.5 22 22 22 22 22 22 22 22 22 22 22 22 22 22 22 22 22 22 22 22 21.5 20 20 20 20 20 20 20 20 20 20 34.5 78 78 78 78 70.75 -9999 -9999
63.5 70.75 78 78 78 78 39 39 39 39 39 34 34 34 34 34 34 29.75 17 17 17 17 34 34 34 34 34 34 34 34 29.75 17 17 17 17 17 17 17 17 17 33 49 49 49 49 49 49 49 27.25 20 20 20 20 20 20 20 20.5 22 22 22 22 22 22 22 22 22 22 22 22 22 22 22 22 22 22 21 20.5 20 20 20 20 20 20 20 20 20 20 20 63.5 78 78 78 63.5 49 49 -9999
49 49 49 56.25 78 78 39 39 39 39 44 45.25 34 34 34 34 29.75 17 17 17 17 25.5 34 34 34 34 34 34 34 34 21.25 17 17 17 17 17 17 17 17 41 49 49 49 49 49 49 49 49 34.5 20 20 20 20 20 20 20 20 20.5 21.5 22 22 22 22 22 22 22 22 22 22 22 22 22 22 22 21 20 20 20 20 20 20 20 20 20 20 20 20 34.5 78 78 70.75 49 49 49 49 -9999
49 49 49 49 49 78 39 39 39 39 41.5 49 37.75 37.75 41.5 41.5 17 17 17 17 17 34 34 34 34 34 34 34 34 29.25 17 17 17 17 17 17 17 17 33 49 49 49 49 49 49 49 49 49 41.75 20 20 20 20 20 20 20 20 20 20 21 21.5 22 22 22 22 22 22 22 22 22 22 21 21 20.5 20 20 20 20 20 20 20 20 20 20 20 20 20 49 63.5 49 49 49 49 49 49 -9999
49 49 49 49 49 49 58.5 39 39 39 39 49 49 49 49 41 17 17 17 17 21.25 34 34 34 34 34 34 34 37.75 33 17 17 17 17 17 17 33 41 49 49 49 49 49 49 49 49 49 49 49 41.75 20 20 20 20 20 20 20 20 20 20 20 20 20 20 21 21 20.5 21 21 20.5 20 20 20 20 20 20 20 20 20 20 20 20 20 20 20 20 20 49 49 49 49 49 49 49 49 49
49 49 49 49 49 49 44 39 39 39 39 49 49 49 49 33 17 17 17 17 29.75 34 34 34 34 34 34 37.75 45.25 49 33 33 33 33 33 41 49 49 49 49 49 49 49 49 49 49 49 49 49 49 34.5 20 20 20 20 20 20 20 20 20 20 20 20 20 20 20 20 20 20 20 20 20 20 20 20 20 20 20 20 20 20 20 20 20 27.25 34.5 49 49 49 49 49 49 49 49 49 49
49 49 49 49 49 49 44 39 39 39 39 49 49 49 49 41 17 17 17 41 37.75 34 34 34 34 34 37.75 49 49 49 49 49 49 49 49 49 49 49 49 49 49 49 49 49 49 49 49 49 49 49 49 41.75 34.5 20 20 20 20 20 20 20 20 20 20 20 20 20 20 20 20 20 20 20 20 20 20 20 20 20 20 20 20 27.25 34.5 49 49 49 49 49 49 49 49 49 49 49 49 49
49 49 49 49 49 49 44 39 39 39 39 49 49 49 49 49 41 33 49 49 49 37.75 34 37.75 41.5 41.5 49 49 49 49 49 49 49 49 49 49 49 33 49 49 49 49 49 49 49 49 49 49 49 49 49 49 49 49 27.25 20 20 20 20 20 20 20 20 20 20 20 20 20 20 20 20 20 20 20 20 20 20 20 27.25 34.5 34.5 49 49 49 49 49 49 49 49 49 49 56.25 63.5 56.25 49 49
49 49 49 49 49 49 44 39 39 39 39 44 49 49 49 49 49 49 49 49 49 49 49 49 49 49 49 49 49 49 49 49 49 49 25 17 17 17 17 25 25 41 49 49 49 49 49 49 49 49 49 49 49 49 41 33 25.75 18.5 18.5 17 18.5 18.5 18.5 18.5 20 20 20 20 20 20 20 20 20 20 20 20 27.25 41.75 49 49 49 49 49 49 49 49 49 49 49 49 56.25 78 78 78 70.75 49
49 49 49 49 49 49 44 39 39 39 39 44 49 49 49 49 49 49 49 49 49 49 49 49 49 49 49 49 49 49 49 49 49 25 17 17 17 17 17 17 17 17 33 41 49 49 49 49 49 49 49 49 33 25 17 17 17 17 17 17 17 17 17 17 17 17 19.25 20 20 20 20 20 20 20 27.25 41.75 49 49 49 49 49 49 49 49 49 49 49 49 49 63.5 78 78 78 78 78 63.5
49 49 49 49 49 49 44 39 39 39 39 44 49 49 49 49 49 49 49 49 49 49 49 49 49 49 49 49 49 49 49 49 25 17 17 17 17 17 17 17 17 17 17 17 25 33 33 41 49 33 17 17 17 17 17 17 17 17 17 17 17 17 17 17 17 17 17 17.75 19.25 20 20 20 27.25 41.75 49 49 49 49 49 49 49 49 49 49 49 49 49 56.25 70.75 78 78 78 78 78 78 70.75
49 49 49 49 49 49 44 39 39 39 39 44 49 49 49 49 49 49 49 49 49 49 49 49 49 49 49 49 49 49 49 41 17 17 17 17 17 17 17 17 17 17 17 17 17 17 17 17 17 17 17 17 17 17 17 17 17 17 17 17 17 17 17 17 17 17 17 17 17 19.25 20 20 49 49 49 49 49 49 49 49 49 49 49 49 49 56.25 63.5 78 78 78 78 78 78 78 78 78
49 49 49 49 49 49 44 39 39 39 39 44 49 49 49 49 49 63.5 49 49 49 49 49 49 49 49 49 49 49 49 49 25 17 17 17 17 17 17 17 17 17 17 17 17 17 17 17 17 17 17 17 17 17 17 17 17 17 17 17 17 17 17 17 17 17 17 17 17 17 17 17.75 34.5 49 49 49 49 49 49 49 49 49 49 49 49 70.75 78 78 78 78 78 78 78 78 78 78 78
49 49 49 49 49 49 44 39 39 39 39 44 49 56.25 63.5 78 78 78 78 63.5 56.25 49 49 49 49 49 49 49 49 49 49 17 17 17 17 25 41 49 49 49 33 17 17 17 17 17 17 17 17 17 17 17 17 17 17 17 17 17 47.5 32.25 17 17 17 17 17 17 17 17 17 17 17 33 49 49 49 49 49 49 49 49 49 49 49 55.5 78 78 78 78 78 78 78 78 78 78 78 78
49 49 49 49 49 49 44 39 39 39 39 44 49 70.75 78 78 78 78 78 78 78 56.25 49 49 49 49 49 49 49 49 49 25 17 17 17 33 49 49 49 49 49 41 25 17 17 17 17 17 17 17 17 17 17 17 17 17 17 62.75 78 78 62.75 62.75 32.25 17 17 17 17 17 17 17 17 25 41 49 49 49 49 49 49 49 49 49 40.25 32.25 47.5 47.5 32.25 62.75 78 78 78 78 78 78 78 78
49 49 49 49 49 49 44 39 39 39 39 63.5 78 78 78 78 78 78 78 78 78 78 56.25 49 49 49 49 49 49 49 49 41 17 25 41 49 49 49 49 49 49 49 49 41 25 33 33 33 33 33 17 17 17 17 33 41 49 78 78 78 78 78 78 62.75 32.25 17 17 17 17 17 17 17 33 49 49 49 49 49 49 49 41 25 17 17 17 17 17 17 62.75 78 78 78 78 78 78 -9999
49 49 49 49 49 49 33.5 39 39 39 39 58.5 78 78 78 78 78 78 78 78 78 78 78 56.25 49 49 49 49 49 49 49 49 49 49 49 49 49 49 49 49 49 49 49 49 49 49 49 49 49 49 49 49 49 49 49 49 56.25 78 78 78 78 78 78 78 78 17 17 17 17 17 17 17 17 17 25 33 49 33 33 17 17 17 17 17 17 17 17 17 17 78 78 78 78 78 78 -9999
49 49 49 49 49 25 28 39 39 39 39 78 78 78 78 78 78 78 78 78 78 78 78 78 56.25 49 49 49 49 49 49 49 49 49 49 49 49 49 49 49 49 49 49 49 49 49 49 49 49 49 49 49 49 49 49 49 49 63.5 78 78 78 78 78 78 78 62.75 32.25 17 17 17 17 17 17 17 17 17 17 17 17 17 17 17 17 17 17 17 17 17 17 78 78 78 78 78 78 -9999
49 49 49 49 41 17 33.5 39 39 39 39 78 78 78 78 78 78 78 78 78 78 78 78 78 70.75 49 49 49 49 49 49 49 49 49 49 49 49 49 49 49 49 49 49 49 49 49 49 49 49 49 49 49 49 49 49 49 49 49 78 78 78 78 78 78 78 78 78 62.75 47.5 32.25 17 17 17 17 17 17 17 17 17 17 17 17 17 17 17 17 17 17 17 78 78 78 78 78 -9999 -9999
49 49 49 49 25 17 39 39 39 39 39 78 78 78 78 78 78 78 78 78 78 78 78 78 67 45.25 49 49 49 49 49 49 49 49 49 49 49 49 49 49 49 49 49 49 49 49 49 49 49 49 49 49 49 49 49 49 49 49 56.25 78 78 78 78 78 78 78 78 78 78 78 78 78 47.5 47.5 32.25 32.25 17 17 17 17 17 17 17 17 17 17 17 17 32.25 78 78 78 78 78 -9999 -9999
49 49 49 33 17 17 39 39 39 39 39 78 78 78 78 78 78 78 78 78 78 78 78 78 45 41.5 49 49 49 49 49 49 49 49 49 49 49 49 49 49 49 49 49 49 49 49 49 49 49 49 49 49 49 49 49 49 49 49 49 63.5 78 78 78 78 78 78 78 78 78 78 78 78 78 78 78 78 78 62.75 47.5 17 17 17 17 17 17 17 17 32.25 78 78 78 78 78 78 -9999 -9999
49 49 41 17 17 17 39 39 39 39 39 78 78 78 78 78 78 78 78 78 78 78 78 78 45 37.75 49 49 49 49 49 49 49 49 49 49 49 49 49 49 49 49 49 49 49 49 49 49 49 49 49 49 49 49 49 49 49 49 49 49 56.25 78 78 78 78 78 78 78 78 78 78 78 78 78 78 78 78 78 78 78 78 47.5 32.25 32.25 17 17 17 62.75 78 78 78 78 78 78 -9999 -9999
49 41 25 17 17 17 39 39 39 39 39 58.5 78 78 78 78 78 78 78 78 78 78 78 78 34 34 49 49 49 49 49 49 49 49 49 49 49 49 49 49 49 49 49 49 49 49 49 49 49 49 49 49 49 49 49 49 49 49 49 49 49 70.75 78 78 78 78 78 78 78 78 78 78 78 78 78 78 78 78 78 78 78 78 78 78 78 78 78 78 78 78 78 78 78 -9999 -9999 -9999
33 17 17 17 17 17 39 39 39 39 39 48.75 78 78 78 78 78 78 78 78 78 78 78 56 34 34 41.5 49 49 49 49 49 49 49 49 49 49 49 49 49 49 49 49 49 49 49 49 49 49 49 49 49 49 49 49 49 49 49 49 49 49 49 78 78 78 78 78 78 78 78 78 78 78 78 78 78 78 78 78 78 78 78 78 78 78 78 78 78 78 78 78 78 78 -9999 -9999 -9999
25 17 17 17 17 17 28 39 39 39 39 39 78 78 78 78 78 78 78 78 78 78 78 45 34 34 41.5 49 49 49 49 49 49 49 49 49 49 49 49 49 49 49 49 49 49 49 49 49 49 49 49 49 49 49 49 49 49 49 49 49 49 49 56.25 78 78 78 78 78 78 78 78 78 78 78 78 78 78 78 78 78 78 78 78 78 78 78 78 78 78 78 63.5 63.5 49 -9999 -9999 -9999
17 17 17 17 17 17 17 39 39 39 39 39 39 68.25 78 78 78 78 78 78 78 78 78 34 34 34 41.5 49 49 49 49 49 49 49 49 49 49 49 49 49 49 49 49 49 49 49 49 49 49 49 49 49 49 49 49 49 49 49 49 49 49 49 49 78 78 78 78 78 78 78 78 78 78 78 78 78 78 78 78 78 78 78 78 78 78 78 78 56.25 49 49 49 49 -9999 -9999 -9999 -9999
17 17 17 17 17 17 17 39 39 39 39 39 39 39 78 78 78 78 78 78 78 78 45 34 34 34 41.5 49 49 49 49 49 49 49 49 49 49 49 49 49 49 49 49 49 49 49 49 49 49 49 49 49 49 49 49 49 49 49 49 49 49 49 63.5 78 78 78 78 78 78 78 78 78 78 78 78 78 78 78 78 78 78 78 78 78 63.5 56.25 49 49 49 49 49 49 -9999 -9999 -9999 -9999
17 17 17 17 17 17 17 33.5 39 39 39 39 39 39 48.75 78 78 78 78 78 78 78 34 34 34 34 34 49 49 49 49 49 49 49 49 49 49 49 49 49 49 49 49 49 49 49 49 49 49 49 49 49 49 49 49 49 49 49 49 49 49 49 78 78 78 78 78 78 78 78 78 78 78 78 78 78 78 78 78 78 78 78 70.75 56.25 49 49 49 49 49 49 49 49 -9999 -9999 -9999 -9999
47.5 17 17 17 17 17 17 22.5 39 39 39 39 39 39 39 58.5 78 78 78 78 78 45 34 34 34 34 34 49 49 49 49 49 49 49 49 49 49 49 49 49 49 49 49 49 49 49 49 49 49 49 49 49 49 49 49 49 49 49 49 49 49 56.25 78 78 78 78 78 78 78 78 78 78 78 78 78 78 78 78 78 78 78 56.25 49 49 49 49 49 49 49 49 49 49 -9999 -9999 -9999 -9999
78 78 32.25 17 17 17 17 17 33.5 39 39 39 39 39 39 39 78 78 78 78 67 34 34 34 34 34 37.75 49 49 49 49 49 49 49 49 49 49 49 49 49 49 49 49 49 49 49 49 49 49 49 49 49 49 49 49 49 49 49 49 49 49 63.5 78 78 78 78 78 78 78 78 78 78 78 78 78 78 78 78 78 78 70.75 49 49 49 49 49 49 49 49 49 49 49 -9999 -9999 -9999 -9999
78 78 78 32.25 17 17 17 17 22.5 39 39 39 39 39 39 39 68.25 78 78 78 56 34 34 34 34 34 41.5 49 49 49 49 49 49 49 49 49 49 49 49 49 49 49 49 49 49 49 49 49 49 49 49 49 49 49 49 49 49 49 49 49 49 78 78 78 78 78 78 78 78 78 78 78 78 78 78 78 78 78 78 70.75 49 49 49 49 49 49 49 49 49 49 49 49 -9999 -9999 -9999 -9999
78 78 78 78 47.5 17 17 17 17 28 39 39 39 39 39 39 58.5 78 78 78 78 34 34 34 34 34 34 49 49 49 49 49 49 49 49 49 49 49 49 49 49 49 49 49 49 49 49 49 49 49 49 49 49 49 49 49 49 49 49 49 49 56.25 78 78 78 78 78 78 78 78 78 78 78 78 78 78 78 78 78 49 49 49 49 49 49 49 49 49 49 49 49 49 -9999 -9999 -9999 -9999
78 78 78 78 78 17 17 17 17 17 39 39 39 39 39 39 39 68.25 78 78 78 34 34 34 34 34 34 45.25 49 49 49 49 49 49 49 49 49 49 49 49 49 49 49 49 49 49 49 49 49 49 49 49 49 49 49 49 49 49 49 49 49 49 63.5 78 78 78 78 78 78 78 78 78 78 78 78 78 78 78 56.25 49 49 49 49 49 49 49 49 49 49 49 49 49 -9999 -9999 -9999 -9999
78 78 78 78 78 47.5 17 17 17 17 33.5 39 39 39 39 39 39 58.5 78 78 78 34 34 34 34 34 34 41.5 49 49 49 49 49 49 49 49 49 49 49 49 49 49 49 49 49 49 49 49 49 49 49 49 49 49 49 49 49 49 49 49 49 49 49 63.5 78 78 78 78 78 78 78 78 78 78 78 78 78 56.25 49 49 49 49 49 49 49 49 49 49 49 49 49 49 -9999 -9999 -9999 -9999
78 78 78 78 78 47.5 17 17 17 17 28 39 39 39 39 39 39 58.5 78 78 78 34 34 34 34 34 34 34 45.25 49 49 49 49 49 49 49 49 49 49 49 49 49 49 49 49 49 49 49 49 49 49 49 49 49 49 49 49 49 49 49 49 49 49 63.5 78 78 78 78 78 78 78 78 78 78 78 78 56.25 49 49 49 49 49 49 49 49 49 49 49 49 49 49 49 -9999 -9999 -9999 -9999
78 78 78 78 78 47.5 17 17 17 17 28 39 39 39 39 39 39 48.75 78 78 78 45 34 34 34 34 34 34 34 45.25 49 49 49 49 49 49 49 49 49 49 49 49 49 49 49 49 49 49 49 49 49 49 49 49 49 49 49 49 49 49 49 49 49 49 78 78 78 78 78 78 78 78 78 78 78 56.25 49 49 49 49 49 49 49 49 49 49 49 49 49 49 49 49 49 -9999 -9999 -9999
78 78 78 78 78 62.75 17 17 17 17 17 39 39 39 39 39 39 58.5 78 78 78 56 34 34 34 34 34 34 34 34 37.75 45.25 49 49 49 49 49 49 49 49 49 49 49 49 49 49 49 49 49 49 49 49 49 49 49 49 49 49 49 49 49 49 49 49 70.75 78 78 78 78 78 78 78 78 78 70.75 49 49 49 49 49 49 49 49 49 49 49 49 49 49 49 49 49 49 -9999 -9999 -9999
78 78 78 78 78 78 17 17 17 17 17 39 39 39 39 39 39 39 78 78 78 56 34 34 34 34 34 34 34 34 34 34 34 41.5 45.25 49 49 49 49 49 49 49 49 49 49 49 49 49 49 49 49 49 49 49 49 49 49 49 49 49 49 49 49 49 49 78 78 78 78 78 78 78 78 70.75 49 49 49 49 49 49 49 49 49 49 49 49 49 49 49 49 49 49 49 -9999 -9999 -9999
78 78 78 78 78 78 17 17 17 17 17 39 39 39 39 39 39 39 78 78 78 56 34 34 34 34 34 34 34 34 34 34 34 34 34 34 34 34 37.75 41.5 45.25 49 49 49 49 49 49 49 49 49 49 49 49 49 49 49 49 49 49 49 49 49 49 49 49 78 78 78 78 78 78 78 78 49 49 49 49 49 49 49 49 49 49 49 49 49 49 49 49 49 56.25 63.5 63.5 78 78 -9999
78 78 78 78 78 78 17 17 17 17 17 39 39 39 39 39 39 48.75 78 78 78 67 34 34 34 34 34 34 34 34 34 34 34 34 34 34 34 34 34 34 34 37.75 49 49 49 49 49 49 49 49 49 49 49 49 49 49 49 49 49 49 49 49 49 49 49 78 78 78 78 78 78 78 56.25 49 49 49 49 49 49 49 49 49 49 41.75 34.5 34.5 27.25 20 20 49 63.5 78 78 78 78 78
78 78 78 78 78 78 17 17 17 17 17 39 39 39 39 39 39 58.5 78 78 78 78 45 34 34 34 34 34 34 34 34 34 34 34 34 34 34 34 34 34 34 34 41.5 49 49 49 49 49 49 49 49 49 49 49 49 49 49 49 49 49 49 49 49 49 49 70.75 78 78 78 78 78 56.25 49 49 49 49 49 49 49 49 49 41.75 20 20 20 20 20 20 20 20 20 63.5 78 78 78 78
78 78 78 78 78 78 47.5 17 17 17 17 39 39 39 39 39 39 48.75 78 78 78 78 45 34 34 34 34 34 34 34 34 34 34 34 34 34 34 34 34 34 34 34 41.5 49 49 49 49 49 49 49 49 49 49 49 49 49 49 49 49 49 49 49 49 49 49 56.25 78 78 78 78 78 49 49 49 49 49 49 49 49 41.75 34.5 20 20 20 20 20 20 20 20 20 20 20 78 78 78 78
